rtcDate,rtcTime,aX,aY,aZ,gX,gY,gZ,mX,mY,mZ,imu_degC,output_Hz,
01/01/2000,00:00:01.34,-57.62,346.19,-942.87,-3.21,-6.53,3.24,-24.90,-36.15,-139.50,24.10,250.00,
01/01/2000,00:00:01.39,-43.95,360.84,-930.66,-2.26,-5.68,2.85,-25.95,-36.45,-138.15,24.00,37.04,
01/01/2000,00:00:01.40,-40.04,379.88,-937.01,-0.50,-4.85,2.54,-25.20,-35.55,-138.15,23.96,44.78,
01/01/2000,00:00:01.41,-54.20,369.14,-932.13,1.31,-6.06,0.62,-25.20,-35.55,-138.15,24.10,52.63,
01/01/2000,00:00:01.42,-65.92,371.09,-943.36,2.44,-5.02,1.66,-25.20,-35.55,-138.15,24.15,58.14,
01/01/2000,00:00:01.44,-38.57,358.40,-929.69,0.00,-4.42,3.17,-26.55,-36.00,-139.20,24.00,60.61,
01/01/2000,00:00:01.44,-62.99,365.72,-935.06,-1.09,-4.92,4.10,-24.45,-35.55,-139.65,24.10,64.22,
01/01/2000,00:00:01.46,-57.13,363.28,-923.34,-5.41,-4.47,4.55,-24.75,-36.00,-138.90,24.10,67.23,
01/01/2000,00:00:01.46,-46.39,363.77,-934.08,-2.43,-1.40,3.18,-24.75,-36.00,-138.90,24.00,70.31,
01/01/2000,00:00:01.47,-59.08,379.39,-915.04,-4.10,-3.02,3.89,-24.75,-36.00,-138.90,24.10,72.99,
01/01/2000,00:00:01.49,-52.25,352.05,-915.53,-3.24,-4.75,5.94,-25.50,-35.55,-139.65,23.96,72.85,
01/01/2000,00:00:01.50,-43.46,352.05,-915.04,-3.44,-2.37,1.87,-24.60,-35.10,-139.50,24.10,74.53,
01/01/2000,00:00:01.51,-44.92,360.35,-909.67,-2.87,-3.10,3.28,-24.00,-35.55,-138.15,24.10,76.47,
01/01/2000,00:00:01.52,-38.09,361.82,-907.71,-4.10,-1.60,2.25,-24.60,-34.65,-139.50,24.10,77.78,
01/01/2000,00:00:01.53,-42.97,361.82,-909.67,-3.57,-5.08,-0.98,-24.60,-34.65,-139.50,23.86,79.37,
01/01/2000,00:00:01.54,-45.90,354.98,-922.85,-2.18,-6.27,-1.88,-25.50,-35.55,-139.95,24.10,80.40,
01/01/2000,00:00:01.55,-65.43,354.98,-922.85,-1.03,-4.66,-4.92,-24.45,-35.25,-139.20,24.20,80.19,
01/01/2000,00:00:01.56,-51.76,385.74,-926.76,-3.59,-2.09,-2.50,-23.85,-34.65,-137.55,24.00,81.08,
01/01/2000,00:00:01.57,-51.76,360.84,-910.16,-4.01,-2.77,-4.39,-24.00,-35.55,-139.20,23.96,82.25,
01/01/2000,00:00:01.58,-55.66,351.56,-923.83,-5.83,-3.01,-1.35,-24.45,-36.45,-139.20,24.29,82.99,
01/01/2000,00:00:01.59,-55.18,351.56,-920.90,-2.89,-2.81,-2.31,-24.45,-36.45,-139.20,24.00,84.00,
01/01/2000,00:00:01.61,-62.99,370.12,-938.48,-3.29,-1.02,-0.37,-25.50,-36.45,-137.85,24.10,83.33,
01/01/2000,00:00:01.62,-68.36,393.55,-934.08,1.26,-1.41,7.87,-24.45,-35.25,-139.65,24.20,83.94,
01/01/2000,00:00:01.63,-73.24,370.12,-935.55,-2.81,-2.55,8.28,-24.75,-35.55,-139.20,24.10,84.81,
01/01/2000,00:00:01.64,-76.17,354.49,-925.78,-3.61,-2.61,5.61,-24.75,-35.55,-139.20,24.15,85.32,
01/01/2000,00:00:01.65,-69.34,375.98,-935.06,-5.78,-0.45,4.46,-24.75,-35.55,-139.20,24.00,86.09,
01/01/2000,00:00:01.66,-58.59,342.77,-928.22,-4.52,-1.83,2.88,-25.50,-36.00,-138.90,24.10,85.44,
01/01/2000,00:00:01.67,-47.85,350.59,-916.99,-3.25,-5.18,4.89,-24.45,-35.55,-139.20,24.10,86.15,
01/01/2000,00:00:01.68,-49.32,372.07,-926.27,-1.61,-3.92,1.13,-24.90,-35.40,-139.50,24.10,86.57,
01/01/2000,00:00:01.69,-65.43,366.70,-937.99,-1.38,-2.89,-3.20,-23.70,-35.25,-138.90,24.10,87.21,
01/01/2000,00:00:01.70,-56.15,359.38,-927.73,-5.20,-3.95,-2.99,-23.70,-35.25,-138.90,24.10,87.57,
01/01/2000,00:00:01.71,-72.27,356.93,-924.80,-4.56,-2.37,0.76,-24.90,-35.85,-138.75,24.10,87.19,
01/01/2000,00:00:01.72,-59.57,356.45,-922.85,-3.58,-1.66,0.39,-24.90,-36.15,-138.30,24.15,87.53,
01/01/2000,00:00:01.73,-49.32,348.63,-923.83,-3.79,-2.05,-0.08,-25.50,-34.50,-138.60,24.34,87.86,
01/01/2000,00:00:01.74,-50.78,372.07,-920.90,-1.87,-1.07,-0.15,-23.55,-35.10,-138.75,24.34,88.38,
01/01/2000,00:00:01.75,-74.71,363.77,-916.50,-2.21,-0.24,-1.37,-23.55,-35.10,-138.30,24.10,88.89,
01/01/2000,00:00:01.76,-70.31,368.65,-916.02,-1.78,-0.13,2.24,-23.55,-35.10,-138.30,24.20,88.31,
01/01/2000,00:00:01.78,-40.04,365.72,-911.13,-1.65,-1.04,1.81,-24.00,-34.50,-137.40,24.29,88.58,
01/01/2000,00:00:01.78,-46.88,391.60,-905.27,-1.50,0.93,1.11,-23.70,-36.00,-140.70,24.15,89.04,
01/01/2000,00:00:01.80,-52.25,378.42,-920.90,-1.56,-0.48,0.07,-24.90,-34.65,-138.30,24.00,89.29,
01/01/2000,00:00:01.80,-50.78,377.44,-915.53,-3.48,1.24,0.58,-25.20,-36.75,-138.15,24.34,89.72,
01/01/2000,00:00:01.82,-65.43,393.07,-922.36,-3.82,0.40,2.72,-25.20,-36.75,-138.15,24.34,89.94,
01/01/2000,00:00:01.83,-67.38,357.42,-930.66,-0.94,-0.45,0.12,-25.20,-35.55,-137.40,24.15,89.58,
01/01/2000,00:00:01.84,-79.10,364.75,-931.64,-1.89,-0.37,2.05,-25.20,-35.25,-138.90,24.10,89.80,
01/01/2000,00:00:01.85,-63.48,365.72,-928.71,-1.08,0.28,1.73,-24.60,-34.65,-138.30,24.15,90.18,
01/01/2000,00:00:01.86,-53.22,372.07,-930.66,0.19,-0.99,1.48,-24.30,-35.40,-138.30,24.29,90.37,
01/01/2000,00:00:01.89,-57.13,379.88,-902.34,-5.42,0.44,3.10,-24.30,-36.60,-138.75,24.29,87.04,
01/01/2000,00:00:01.91,-37.60,371.58,-915.04,-2.12,-0.41,-1.34,-26.10,-35.40,-138.00,24.20,85.41,
01/01/2000,00:00:01.92,-62.01,396.97,-925.78,-1.89,-1.49,-0.44,-24.30,-35.10,-139.05,24.15,85.66,
01/01/2000,00:00:01.93,-69.34,383.79,-924.32,-1.94,0.36,1.73,-24.30,-35.10,-139.05,24.20,86.06,
01/01/2000,00:00:01.94,-69.82,344.24,-929.20,-2.31,-2.44,1.42,-23.40,-34.50,-139.65,24.10,86.29,
01/01/2000,00:00:01.95,-82.03,351.56,-931.64,-0.58,-1.98,2.37,-24.60,-36.60,-138.75,24.29,86.67,
01/01/2000,00:00:01.97,-65.43,360.35,-912.60,-2.50,-2.89,3.30,-23.55,-35.10,-138.30,23.96,86.32,
01/01/2000,00:00:01.97,-48.34,375.49,-892.09,0.93,-1.65,0.02,-25.65,-36.15,-137.55,24.20,86.68,
01/01/2000,00:00:01.99,-41.99,381.84,-895.51,0.60,-1.50,-0.02,-25.65,-36.15,-137.55,24.29,86.89,
01/01/2000,00:00:01.99,-60.55,393.55,-888.18,1.89,-4.82,1.36,-23.10,-34.65,-139.05,23.86,87.23,
01/01/2000,00:00:02.00,-61.04,401.86,-907.23,-0.02,-2.63,0.79,-24.75,-35.55,-137.85,24.10,87.42,
01/01/2000,00:00:02.01,-66.89,393.07,-911.62,-1.44,-2.95,1.63,-24.45,-36.00,-139.20,24.15,87.22,
01/01/2000,00:00:02.02,-59.57,373.54,-908.69,-3.93,-0.18,0.53,-24.30,-34.65,-139.50,24.29,87.41,
01/01/2000,00:00:02.03,-50.29,370.61,-906.25,-1.60,1.03,-1.17,-24.30,-34.65,-139.50,24.00,87.72,
01/01/2000,00:00:02.04,-68.85,368.16,-952.64,-0.02,4.45,-2.27,-24.30,-34.65,-139.50,24.39,87.90,
01/01/2000,00:00:02.05,-62.50,354.00,-906.25,0.55,0.16,-2.17,-25.65,-36.60,-139.05,24.34,88.19,
01/01/2000,00:00:02.06,-58.11,369.63,-925.78,4.18,-0.82,-4.00,-25.35,-35.10,-140.10,24.29,88.36,
01/01/2000,00:00:02.07,-68.36,359.86,-922.85,4.74,-0.92,-2.23,-25.50,-34.80,-139.20,24.15,88.15,
01/01/2000,00:00:02.08,-61.04,371.58,-922.36,0.08,1.65,-3.43,-23.10,-35.85,-139.80,24.15,88.32,
01/01/2000,00:00:02.09,-62.99,387.70,-935.06,-1.72,-2.40,-1.75,-23.10,-35.85,-139.80,24.39,88.47,
01/01/2000,00:00:02.10,-45.90,400.88,-925.29,-1.52,-3.89,-1.04,-24.30,-34.35,-138.30,24.20,88.74,
01/01/2000,00:00:02.11,-55.18,408.20,-925.29,-2.48,-1.50,-1.63,-24.00,-35.25,-138.90,23.81,89.01,
01/01/2000,00:00:02.13,-70.31,377.93,-928.22,-1.86,-5.84,-0.32,-24.30,-35.85,-138.75,24.15,88.69,
01/01/2000,00:00:02.14,-57.62,383.30,-930.18,0.08,-3.67,-3.08,-24.90,-35.10,-139.50,24.34,88.83,
01/01/2000,00:00:02.14,-64.45,366.21,-923.34,1.55,-1.24,-1.59,-24.90,-35.10,-139.50,24.20,89.08,
01/01/2000,00:00:02.15,-62.01,356.45,-917.97,2.80,-0.05,-0.72,-23.70,-34.80,-140.40,24.34,89.22,
01/01/2000,00:00:02.16,-65.92,360.84,-916.02,3.27,2.26,-2.51,-24.00,-34.80,-137.85,24.39,89.46,
01/01/2000,00:00:02.18,-65.92,373.05,-915.53,3.05,1.63,-7.33,-23.10,-34.65,-139.50,24.39,89.16,
01/01/2000,00:00:02.19,-55.18,390.62,-916.50,6.52,0.00,-4.71,-25.20,-36.00,-138.15,24.00,89.39,
01/01/2000,00:00:02.20,-59.08,386.72,-922.36,6.09,1.51,-9.08,-24.75,-35.55,-138.60,24.48,89.52,
01/01/2000,00:00:02.21,-60.06,394.04,-926.76,4.44,3.84,-7.30,-24.75,-35.55,-138.60,24.20,89.74,
01/01/2000,00:00:02.22,-68.85,388.67,-930.18,2.10,1.58,-9.99,-24.75,-36.75,-139.95,24.29,89.86,
01/01/2000,00:00:02.23,-51.76,354.49,-916.50,-0.08,0.18,-8.07,-23.70,-35.55,-137.40,24.10,89.67,
01/01/2000,00:00:02.24,-63.96,342.77,-919.43,3.28,1.79,-7.89,-23.10,-34.65,-138.30,24.39,89.79,
01/01/2000,00:00:02.25,-75.20,371.09,-918.95,4.03,-1.34,-12.11,-23.10,-34.65,-138.30,24.29,89.90,
01/01/2000,00:00:02.26,-57.62,349.61,-932.62,5.89,-2.37,-14.85,-23.10,-34.65,-138.30,24.39,90.11,
01/01/2000,00:00:02.27,-69.34,343.26,-938.96,6.77,-1.97,-16.34,-24.45,-35.55,-140.40,24.29,90.22,
01/01/2000,00:00:02.28,-51.27,341.80,-967.29,7.63,1.20,-15.47,-24.30,-36.90,-138.75,24.29,90.03,
01/01/2000,00:00:02.29,-68.85,364.26,-946.78,3.95,-1.46,-13.10,-25.65,-35.40,-139.50,24.39,90.14,
01/01/2000,00:00:02.30,-58.11,370.12,-942.87,5.79,-4.55,-8.44,-25.50,-37.20,-138.15,24.10,90.34,
01/01/2000,00:00:02.31,-76.66,367.68,-955.57,3.98,-3.24,-8.19,-25.50,-37.20,-138.15,24.20,90.44,
01/01/2000,00:00:02.32,-63.48,342.29,-952.64,5.10,-7.44,-3.35,-24.30,-35.40,-138.75,24.15,90.63,
01/01/2000,00:00:02.33,-52.25,346.19,-975.59,3.29,-6.31,2.54,-24.00,-37.20,-138.60,24.29,90.72,
01/01/2000,00:00:02.34,-63.48,364.75,-1008.79,-1.62,-14.53,9.58,-24.75,-37.20,-139.20,24.10,90.54,
01/01/2000,00:00:02.35,-61.04,410.16,-937.50,0.84,-30.08,23.24,-25.35,-36.60,-138.75,24.15,90.64,
01/01/2000,00:00:02.36,-95.70,329.59,-1040.04,2.44,-56.40,36.56,-23.55,-36.90,-138.00,24.39,90.73,
01/01/2000,00:00:02.39,-143.07,418.46,-1061.04,11.82,-89.53,36.94,-23.55,-37.65,-136.95,24.29,89.00,
01/01/2000,00:00:02.41,-95.21,457.03,-980.96,9.16,-103.15,38.45,-22.05,-36.15,-137.55,24.39,88.85,
01/01/2000,00:00:02.42,-32.23,410.16,-834.96,18.65,-94.46,32.29,-22.05,-36.15,-137.55,24.39,88.70,
01/01/2000,00:00:02.43,-70.31,445.31,-829.59,13.80,-89.03,34.56,-22.05,-36.15,-137.55,24.29,88.81,
01/01/2000,00:00:02.44,-88.87,524.90,-823.73,18.76,-87.16,25.51,-19.05,-35.85,-136.50,24.34,88.91,
01/01/2000,00:00:02.45,-88.87,388.18,-851.56,18.37,-79.93,24.88,-18.60,-35.55,-137.40,24.20,89.09,
01/01/2000,00:00:02.46,-126.46,401.86,-844.73,12.17,-77.07,33.82,-19.65,-36.75,-137.40,24.34,89.19,
01/01/2000,00:00:02.47,-157.71,391.11,-862.30,8.89,-69.86,34.12,-17.85,-36.00,-137.10,24.29,89.05,
01/01/2000,00:00:02.48,-169.92,386.23,-846.68,10.31,-62.80,34.71,-17.85,-36.00,-137.10,24.39,89.14,
01/01/2000,00:00:02.49,-186.04,406.25,-828.61,4.76,-57.00,38.76,-16.50,-36.60,-135.75,24.48,89.24,
01/01/2000,00:00:02.50,-189.45,411.62,-805.66,6.66,-45.46,28.65,-16.50,-37.35,-135.75,23.86,89.41,
01/01/2000,00:00:02.51,-213.87,404.79,-839.36,2.85,-38.21,28.28,-16.95,-37.65,-135.15,24.10,89.58,
01/01/2000,00:00:02.52,-236.82,381.84,-840.82,-5.65,-26.18,33.52,-16.05,-36.75,-135.30,24.34,89.36,
01/01/2000,00:00:02.53,-261.23,342.29,-853.52,-3.73,-19.69,23.76,-16.05,-36.75,-135.30,24.53,89.45,
01/01/2000,00:00:02.54,-260.25,340.33,-863.28,-0.20,-9.35,20.20,-14.70,-36.15,-134.70,24.48,89.61,
01/01/2000,00:00:02.55,-263.67,330.08,-868.65,-1.50,-4.74,22.41,-15.30,-34.80,-134.85,24.20,89.70,
01/01/2000,00:00:02.56,-269.04,341.80,-901.86,2.85,2.31,17.90,-14.40,-34.80,-134.85,24.20,89.86,
01/01/2000,00:00:02.58,-299.32,347.17,-952.64,-0.56,2.75,24.52,-15.90,-36.15,-133.95,24.20,89.65,
01/01/2000,00:00:02.58,-310.06,351.07,-993.65,-7.79,2.00,25.08,-15.90,-36.15,-133.95,24.29,89.73,
01/01/2000,00:00:02.59,-321.29,299.32,-1039.06,-3.30,-4.91,17.51,-14.40,-34.35,-134.70,24.39,89.89,
01/01/2000,00:00:02.60,-282.71,273.93,-1031.25,1.18,-7.86,16.47,-15.30,-36.00,-133.80,24.20,89.97,
01/01/2000,00:00:02.61,-245.61,264.16,-1019.53,4.12,-11.16,15.54,-13.80,-34.80,-134.85,24.53,90.12,
01/01/2000,00:00:02.63,-242.19,298.34,-1003.42,12.08,-9.18,14.12,-13.50,-35.55,-134.85,24.39,89.91,
01/01/2000,00:00:02.64,-215.82,289.06,-1011.23,22.25,-7.92,10.89,-16.05,-34.50,-133.80,24.48,90.06,
01/01/2000,00:00:02.65,-209.96,272.46,-1011.23,30.73,-2.21,11.76,-16.05,-34.50,-133.80,24.63,90.14,
01/01/2000,00:00:02.66,-226.56,288.09,-1060.06,35.85,-2.04,11.21,-15.45,-37.35,-135.15,24.39,90.28,
01/01/2000,00:00:02.67,-290.04,326.17,-1068.85,32.76,-8.37,19.09,-14.85,-36.75,-134.85,24.39,90.36,
01/01/2000,00:00:02.68,-315.43,308.59,-1077.64,37.09,-16.26,17.12,-15.15,-36.90,-134.85,24.48,90.16,
01/01/2000,00:00:02.69,-320.31,300.29,-1056.64,36.27,-22.34,19.11,-15.15,-36.90,-134.40,24.39,90.30,
01/01/2000,00:00:02.70,-338.87,325.68,-1034.67,33.17,-28.80,21.50,-16.50,-37.65,-134.40,24.29,90.37,
01/01/2000,00:00:02.71,-346.68,321.29,-1025.88,37.11,-33.79,21.75,-16.50,-37.65,-134.40,24.48,90.51,
01/01/2000,00:00:02.72,-337.89,254.88,-995.12,50.68,-37.09,6.76,-13.95,-36.15,-134.70,24.34,90.58,
01/01/2000,00:00:02.73,-298.83,280.76,-962.89,64.85,-33.89,6.06,-13.80,-37.95,-132.45,24.48,90.45,
01/01/2000,00:00:02.74,-325.20,328.61,-930.66,64.84,-32.29,5.47,-13.50,-37.95,-134.25,24.53,90.52,
01/01/2000,00:00:02.75,-267.09,267.58,-850.59,77.43,-24.11,-4.37,-13.50,-37.95,-134.25,24.39,90.65,
01/01/2000,00:00:02.76,-211.43,174.32,-807.62,103.60,-4.67,-22.63,-11.85,-38.40,-133.65,24.39,90.72,
01/01/2000,00:00:02.77,-206.54,176.27,-800.78,119.98,12.44,-27.99,-12.60,-38.10,-133.35,24.34,90.85,
01/01/2000,00:00:02.78,-311.52,117.68,-921.88,149.51,35.54,-46.31,-13.95,-40.80,-133.65,24.53,90.66,
01/01/2000,00:00:02.79,-301.76,14.16,-956.05,189.43,48.34,-71.05,-13.20,-40.80,-132.60,24.34,90.72,
01/01/2000,00:00:02.80,-265.62,-24.41,-1027.34,211.02,53.07,-60.95,-13.05,-43.20,-134.25,24.34,90.85,
01/01/2000,00:00:02.81,-343.75,-132.81,-1072.75,250.13,65.42,-76.17,-13.05,-43.20,-134.25,24.39,90.91,
01/01/2000,00:00:02.82,-318.36,-68.36,-1065.92,250.13,65.53,-87.24,-14.55,-45.45,-132.45,24.34,91.03,
01/01/2000,00:00:02.84,-436.52,335.94,-1048.34,250.13,54.72,-65.50,-15.30,-48.90,-131.70,24.39,90.85,
01/01/2000,00:00:02.85,-366.21,24.41,-1050.78,250.13,41.89,-90.89,-15.30,-52.35,-131.70,24.39,90.91,
01/01/2000,00:00:02.85,-268.55,125.49,-921.39,246.53,29.90,-88.63,-16.50,-51.75,-132.60,24.39,91.03,
01/01/2000,00:00:02.86,-204.10,129.39,-754.39,207.50,24.38,-65.11,-16.50,-51.75,-132.60,24.10,91.09,
01/01/2000,00:00:02.90,-121.58,-55.18,-666.50,159.27,42.98,-50.21,-18.90,-58.80,-129.15,24.48,89.91,
01/01/2000,00:00:02.92,-118.16,-146.48,-699.71,121.94,49.73,-48.77,-18.90,-60.30,-128.85,24.53,89.29,
01/01/2000,00:00:02.93,-149.90,-113.28,-724.12,88.21,37.40,-24.91,-20.40,-61.50,-127.35,24.63,89.35,
01/01/2000,00:00:02.94,-208.01,-186.52,-788.09,57.62,22.56,-10.44,-20.25,-61.20,-126.45,24.53,89.48,
01/01/2000,00:00:02.95,-110.84,-294.43,-777.34,46.71,13.10,-14.81,-20.55,-62.40,-126.45,24.53,89.54,
01/01/2000,00:00:02.96,-22.95,-378.91,-790.04,41.42,14.81,-10.56,-21.30,-62.70,-127.20,24.29,89.66,
01/01/2000,00:00:02.97,17.09,-504.39,-810.06,64.09,29.81,-22.68,-21.00,-62.40,-126.00,24.48,89.51,
01/01/2000,00:00:02.98,8.79,-448.73,-839.84,77.79,42.59,-32.60,-21.00,-62.40,-126.00,24.39,89.57,
01/01/2000,00:00:02.99,-27.34,-402.34,-874.51,79.82,50.34,-26.18,-21.45,-63.30,-126.30,24.15,89.69,
01/01/2000,00:00:03.00,-102.05,-313.96,-935.06,67.21,48.30,-19.60,-20.70,-64.05,-125.10,24.39,89.75,
01/01/2000,00:00:03.01,-147.95,-320.31,-988.77,54.96,37.08,-12.98,-22.35,-65.10,-125.40,24.72,89.87,
01/01/2000,00:00:03.02,-92.29,-358.40,-934.08,51.03,34.37,-20.05,-22.95,-65.25,-125.55,24.53,89.98,
01/01/2000,00:00:03.03,-43.46,-361.33,-875.98,38.70,42.82,-14.91,-22.95,-65.25,-125.55,24.53,89.83,
01/01/2000,00:00:03.04,-99.61,-382.81,-916.50,22.14,38.55,-7.19,-22.95,-65.25,-125.55,24.53,89.89,
01/01/2000,00:00:03.05,-122.07,-429.20,-960.45,10.44,26.13,-3.15,-22.20,-65.25,-124.50,24.39,90.00,
01/01/2000,00:00:03.06,-94.73,-456.05,-958.50,-4.45,13.74,5.22,-22.95,-66.00,-124.50,24.53,90.06,
01/01/2000,00:00:03.07,-70.80,-458.01,-927.25,-24.02,0.50,25.47,-22.95,-67.20,-124.80,24.39,90.17,
01/01/2000,00:00:03.08,-87.89,-456.54,-923.34,-52.32,-17.36,52.35,-24.30,-66.60,-123.90,24.48,90.02,
01/01/2000,00:00:03.09,-157.71,-480.96,-1019.04,-65.70,-37.41,70.02,-24.30,-66.60,-123.90,24.63,90.07,
01/01/2000,00:00:03.10,-223.14,-501.46,-1126.95,-100.44,-75.48,103.57,-23.10,-64.65,-125.40,24.48,90.18,
01/01/2000,00:00:03.11,-205.08,-556.64,-1110.84,-144.78,-123.05,153.71,-22.35,-65.10,-124.95,24.39,90.24,
01/01/2000,00:00:03.12,-91.80,-505.37,-981.93,-174.47,-152.25,187.76,-20.55,-63.45,-126.00,24.39,90.34,
01/01/2000,00:00:03.14,-26.86,-252.44,-796.39,-223.44,-174.27,235.13,-19.35,-62.55,-126.60,24.39,90.20,
01/01/2000,00:00:03.14,-148.93,-63.96,-807.62,-250.14,-180.40,250.13,-19.35,-62.55,-126.60,24.10,90.25,
01/01/2000,00:00:03.15,-219.24,40.04,-858.40,-250.14,-188.84,248.75,-13.05,-58.80,-127.05,24.53,90.35,
01/01/2000,00:00:03.16,-271.48,163.57,-942.87,-250.14,-187.15,234.24,-12.30,-55.35,-127.65,24.53,90.41,
01/01/2000,00:00:03.18,-365.23,-30.27,-1039.06,-216.52,-162.66,179.82,-10.65,-53.70,-127.50,24.15,90.31,
01/01/2000,00:00:03.19,-325.68,-179.20,-993.65,-170.51,-144.67,148.06,-9.00,-50.40,-127.35,24.53,90.36,
01/01/2000,00:00:03.20,-301.76,-137.21,-879.88,-106.28,-110.60,110.40,-9.00,-50.40,-127.35,24.29,90.42,
01/01/2000,00:00:03.21,-304.20,-86.43,-770.02,-64.55,-78.16,86.99,-6.15,-47.70,-127.35,24.39,90.52,
01/01/2000,00:00:03.22,-389.16,149.41,-711.43,-48.98,-49.42,74.99,-5.40,-46.95,-125.85,24.39,90.62,
01/01/2000,00:00:03.23,-544.43,319.82,-741.21,-47.15,-29.53,65.04,-5.10,-46.20,-124.05,24.63,90.43,
01/01/2000,00:00:03.24,-578.12,323.24,-730.47,-51.50,-22.68,61.69,-6.00,-44.55,-126.00,24.39,90.52,
01/01/2000,00:00:03.25,-576.66,343.75,-702.64,-60.64,-16.11,67.67,-6.00,-44.55,-126.00,24.10,90.57,
01/01/2000,00:00:03.26,-603.52,291.02,-774.41,-64.75,-10.24,69.66,-6.00,-44.55,-126.00,24.63,90.67,
01/01/2000,00:00:03.27,-678.22,206.05,-850.10,-35.02,-2.38,42.04,-4.35,-43.95,-125.85,24.63,90.72,
01/01/2000,00:00:03.28,-575.20,265.62,-802.73,8.50,18.87,12.02,-4.80,-41.85,-124.95,24.53,90.63,
01/01/2000,00:00:03.29,-525.88,201.66,-805.66,24.74,36.86,-8.05,-4.50,-43.05,-125.70,24.48,90.67,
01/01/2000,00:00:03.30,-392.58,11.72,-785.16,90.42,76.72,-58.70,-4.50,-43.05,-125.70,24.53,90.77,
01/01/2000,00:00:03.31,-266.11,77.64,-696.29,144.78,130.73,-97.82,-4.50,-43.05,-125.70,24.48,90.82,
01/01/2000,00:00:03.32,-354.49,180.18,-780.27,158.59,167.53,-110.35,-5.40,-43.20,-126.60,24.53,90.91,
01/01/2000,00:00:03.33,-512.70,150.88,-944.34,156.22,171.11,-122.98,-6.75,-44.85,-126.75,24.39,90.96,
01/01/2000,00:00:03.34,-544.43,15.14,-1118.16,121.56,137.17,-118.31,-8.55,-46.80,-126.45,24.53,90.82,
01/01/2000,00:00:03.35,-509.77,-159.18,-1190.92,88.26,103.15,-97.96,-9.45,-48.90,-127.65,24.63,90.91,
01/01/2000,00:00:03.36,-434.08,-380.37,-1213.87,66.93,67.15,-73.33,-9.45,-48.90,-127.65,24.53,90.95,
01/01/2000,00:00:03.37,-244.63,-471.68,-1148.44,49.19,44.85,-34.50,-10.50,-49.35,-127.65,24.48,91.04,
01/01/2000,00:00:03.40,-146.97,-263.18,-995.12,13.99,-12.10,27.28,-11.25,-51.90,-127.65,24.39,90.11,
01/01/2000,00:00:03.43,-21.00,-214.36,-837.89,3.81,-9.78,21.53,-10.95,-50.85,-128.85,24.39,89.64,
01/01/2000,00:00:03.44,8.79,-176.27,-816.41,5.73,2.53,13.73,-10.50,-52.35,-127.05,24.39,89.73,
01/01/2000,00:00:03.44,29.30,-147.46,-821.78,7.18,11.34,8.60,-12.00,-50.85,-127.65,24.39,89.78,
01/01/2000,00:00:03.45,37.11,-130.86,-861.33,6.18,12.93,4.31,-10.50,-51.60,-127.35,24.39,89.87,
01/01/2000,00:00:03.46,76.17,-137.70,-895.51,0.82,13.89,6.95,-9.75,-51.60,-127.05,24.39,89.92,
01/01/2000,00:00:03.48,195.31,-178.71,-893.07,-5.92,6.22,10.94,-10.95,-50.10,-128.10,24.53,89.84,
01/01/2000,00:00:03.49,286.13,-149.41,-884.77,-9.31,0.34,20.87,-11.40,-51.30,-128.55,24.15,89.89,
01/01/2000,00:00:03.50,402.34,-124.51,-814.45,-21.37,-7.76,36.09,-10.20,-51.15,-129.45,24.53,89.93,
01/01/2000,00:00:03.51,515.62,-119.14,-766.11,-37.52,-10.56,50.85,-10.20,-50.10,-129.15,24.53,90.02,
01/01/2000,00:00:03.52,659.67,-110.84,-713.38,-46.92,-10.15,68.17,-11.40,-49.80,-129.30,24.48,90.11,
01/01/2000,00:00:03.53,752.44,-230.96,-715.82,-47.43,0.94,85.34,-11.40,-49.80,-129.30,24.34,89.99,
01/01/2000,00:00:03.54,816.41,-241.21,-725.10,-34.85,14.94,85.45,-9.45,-46.95,-129.45,24.53,90.04,
01/01/2000,00:00:03.55,843.75,-189.45,-752.93,-20.56,25.04,92.63,-10.35,-47.25,-129.00,24.39,90.12,
01/01/2000,00:00:03.56,831.05,-182.13,-809.08,-12.98,28.27,103.96,-9.45,-48.90,-128.40,24.53,90.17,
01/01/2000,00:00:03.57,815.43,-186.04,-855.96,-0.75,28.31,106.89,-9.45,-47.70,-129.15,24.68,90.25,
01/01/2000,00:00:03.58,829.59,22.46,-861.33,7.09,39.02,119.05,-9.30,-47.25,-128.55,24.39,90.13,
01/01/2000,00:00:03.59,708.50,52.73,-938.48,9.81,41.05,125.79,-9.30,-47.25,-128.55,24.53,90.18,
01/01/2000,00:00:03.60,730.96,143.07,-937.01,17.36,48.00,118.24,-9.45,-46.95,-128.10,24.39,90.26,
01/01/2000,00:00:03.61,791.50,146.00,-875.00,19.35,69.40,121.58,-8.85,-46.05,-130.05,24.39,90.31,
01/01/2000,00:00:03.62,812.01,175.29,-948.73,19.53,90.63,133.82,-8.55,-44.85,-128.55,24.39,90.39,
01/01/2000,00:00:03.63,613.77,216.80,-1155.27,26.37,120.89,137.16,-8.85,-43.35,-129.75,24.48,90.27,
01/01/2000,00:00:03.64,576.66,249.51,-1268.55,33.40,133.23,134.65,-8.85,-43.35,-129.75,24.53,90.31,
01/01/2000,00:00:03.65,547.36,234.38,-1314.45,40.65,144.40,125.26,-10.35,-43.80,-131.10,24.39,90.40,
01/01/2000,00:00:03.66,489.26,252.44,-1410.16,44.97,152.45,121.76,-10.65,-43.35,-131.10,24.68,90.48,
01/01/2000,00:00:03.67,435.06,266.60,-1460.94,45.30,158.12,123.36,-10.50,-43.65,-131.25,24.68,90.52,
01/01/2000,00:00:03.69,390.62,252.93,-1550.78,45.27,163.28,123.98,-11.40,-44.85,-132.60,24.53,90.40,
01/01/2000,00:00:03.69,394.04,223.14,-1583.98,37.29,168.43,134.25,-11.40,-44.85,-132.60,24.53,90.48,
01/01/2000,00:00:03.70,349.61,214.36,-1625.98,28.83,170.44,154.13,-12.90,-41.85,-133.95,24.53,90.52,
01/01/2000,00:00:03.71,254.39,220.70,-1733.89,21.80,166.37,168.08,-13.95,-43.80,-134.70,24.39,90.60,
01/01/2000,00:00:03.72,157.23,151.86,-1828.12,15.39,151.43,184.33,-14.70,-41.55,-135.45,24.39,90.64,
01/01/2000,00:00:03.74,120.61,-7.32,-1877.44,24.15,134.61,190.44,-15.45,-42.30,-133.65,24.29,90.53,
01/01/2000,00:00:03.75,84.96,-51.76,-1863.77,36.95,129.86,197.20,-15.45,-42.30,-133.65,24.29,90.61,
01/01/2000,00:00:03.76,23.44,-22.46,-1866.70,49.53,126.57,196.76,-15.45,-42.30,-133.65,24.72,90.64,
01/01/2000,00:00:03.77,-69.82,-7.81,-1864.26,69.50,130.18,181.02,-15.90,-40.80,-136.20,24.53,90.72,
01/01/2000,00:00:03.78,-119.63,35.64,-1812.01,94.22,135.76,152.37,-16.50,-40.80,-137.55,24.48,90.76,
01/01/2000,00:00:03.79,-276.86,-45.41,-1798.83,98.85,138.18,132.37,-16.95,-41.10,-137.55,24.53,90.69,
01/01/2000,00:00:03.80,-346.19,-139.16,-1834.96,95.28,131.84,129.80,-18.60,-41.25,-137.10,24.68,90.72,
01/01/2000,00:00:03.81,-381.84,-318.36,-1879.39,90.69,120.16,141.09,-18.60,-41.25,-137.10,24.29,90.76,
01/01/2000,00:00:03.82,-418.46,-435.55,-1876.46,89.31,103.87,158.45,-20.25,-42.30,-138.00,24.68,90.84,
01/01/2000,00:00:03.83,-524.90,-481.93,-1908.69,92.45,85.63,179.97,-19.50,-42.30,-138.30,24.68,90.87,
01/01/2000,00:00:03.84,-595.21,-430.66,-1883.79,104.35,51.66,202.85,-21.15,-43.20,-135.60,24.34,90.80,
01/01/2000,00:00:03.85,-578.61,-356.45,-1773.93,126.77,38.08,198.84,-21.15,-43.20,-137.10,24.63,90.84,
01/01/2000,00:00:03.86,-570.80,-266.60,-1640.14,141.13,34.79,191.49,-21.15,-43.20,-137.10,24.68,90.87,
01/01/2000,00:00:03.87,-669.43,-170.90,-1561.52,152.34,32.92,171.11,-20.25,-44.55,-137.55,24.00,90.95,
01/01/2000,00:00:03.88,-763.67,-130.86,-1560.55,150.87,21.55,162.94,-19.35,-43.95,-137.10,24.39,91.02,
01/01/2000,00:00:03.92,-905.27,104.49,-1302.25,156.05,-35.56,122.27,-18.60,-48.60,-135.60,24.53,89.95,
01/01/2000,00:00:03.93,-892.58,243.65,-1185.06,153.98,-50.09,106.63,-16.95,-49.50,-135.75,24.15,89.89,
01/01/2000,00:00:03.94,-878.91,327.15,-1110.35,154.50,-57.43,80.95,-17.10,-48.90,-135.30,24.48,89.93,
01/01/2000,00:00:03.95,-886.23,398.93,-1021.00,147.68,-66.89,60.01,-15.90,-51.00,-135.15,24.68,90.00,
01/01/2000,00:00:03.96,-869.63,477.05,-946.78,140.34,-69.98,33.98,-15.45,-51.30,-134.40,24.20,90.04,
01/01/2000,00:00:03.98,-840.82,520.51,-891.60,118.61,-79.70,2.44,-15.45,-51.30,-134.40,24.48,89.97,
01/01/2000,00:00:03.99,-813.48,515.14,-874.02,106.43,-86.65,-18.63,-16.35,-53.10,-133.05,24.34,90.01,
01/01/2000,00:00:03.99,-784.67,521.97,-895.51,93.30,-92.28,-37.99,-14.40,-52.50,-132.90,24.39,90.08,
01/01/2000,00:00:04.00,-761.72,531.74,-970.70,80.98,-101.57,-54.17,-14.70,-54.45,-130.05,24.72,90.12,
01/01/2000,00:00:04.01,-772.95,532.23,-1029.30,68.76,-112.54,-65.71,-14.70,-53.70,-131.10,24.63,90.19,
01/01/2000,00:00:04.03,-721.19,551.27,-1057.62,57.24,-134.81,-80.97,-14.70,-53.70,-131.10,24.53,90.09,
01/01/2000,00:00:04.04,-641.60,531.74,-1035.16,52.34,-147.51,-99.85,-13.05,-55.80,-129.15,24.53,90.13,
01/01/2000,00:00:04.05,-559.57,509.77,-996.09,42.92,-149.16,-112.95,-12.75,-56.55,-129.90,24.68,90.20,
01/01/2000,00:00:04.06,-507.32,465.82,-992.68,30.17,-158.24,-123.18,-11.70,-56.85,-127.65,24.20,90.24,
01/01/2000,00:00:04.07,-456.05,391.60,-1076.17,17.21,-166.85,-128.58,-11.40,-58.95,-127.20,24.48,90.31,
01/01/2000,00:00:04.08,-245.12,199.22,-1104.00,-3.79,-178.58,-132.21,-11.40,-58.95,-127.20,24.39,90.21,
01/01/2000,00:00:04.09,-116.70,98.63,-1084.47,-9.91,-181.59,-120.85,-11.70,-59.10,-125.55,24.39,90.24,
01/01/2000,00:00:04.10,-101.07,-7.81,-1136.23,-18.68,-185.58,-109.98,-11.70,-60.75,-124.05,24.48,90.31,
01/01/2000,00:00:04.11,-47.85,-117.19,-1160.64,-27.19,-196.31,-97.65,-12.75,-61.50,-125.55,24.53,90.35,
01/01/2000,00:00:04.12,80.08,-253.91,-1125.49,-34.28,-203.11,-85.40,-11.70,-60.75,-123.00,24.34,90.42,
01/01/2000,00:00:04.13,277.34,-365.23,-988.77,-35.35,-188.21,-81.14,-10.35,-61.20,-122.40,24.39,90.32,
01/01/2000,00:00:04.14,312.50,-358.89,-926.76,-34.27,-172.62,-77.50,-10.35,-61.20,-122.40,24.48,90.35,
01/01/2000,00:00:04.15,388.18,-425.29,-828.61,-29.75,-148.40,-84.85,-9.45,-61.50,-121.50,24.68,90.42,
01/01/2000,00:00:04.16,495.12,-509.28,-736.82,-32.79,-118.44,-84.64,-10.50,-61.05,-121.95,24.48,90.46,
01/01/2000,00:00:04.17,503.42,-601.56,-716.80,-36.27,-88.17,-76.40,-10.05,-61.20,-121.05,24.53,90.52,
01/01/2000,00:00:04.18,328.61,-728.03,-1010.25,-39.14,-64.81,-64.05,-9.60,-61.95,-120.60,24.72,90.43,
01/01/2000,00:00:04.19,334.47,-858.89,-1110.35,-46.00,-72.15,-45.16,-10.05,-62.40,-120.30,24.29,90.46,
01/01/2000,00:00:04.20,441.41,-967.77,-1038.57,-58.05,-71.73,-11.58,-10.35,-61.65,-120.30,24.53,90.53,
01/01/2000,00:00:04.21,474.12,-989.75,-940.92,-64.41,-60.57,20.81,-10.35,-61.65,-120.30,24.53,90.56,
01/01/2000,00:00:04.22,432.62,-882.32,-937.50,-71.79,-50.27,28.00,-10.05,-60.45,-121.35,24.48,90.62,
01/01/2000,00:00:04.24,331.05,-666.99,-803.22,-58.78,-25.40,-13.33,-10.95,-61.80,-119.10,24.39,90.53,
01/01/2000,00:00:04.25,354.00,-634.28,-764.65,-41.31,-6.77,-48.23,-10.95,-61.80,-119.10,24.48,90.59,
01/01/2000,00:00:04.26,341.31,-560.55,-760.74,-40.17,14.24,-71.56,-9.30,-61.20,-121.05,24.48,90.63,
01/01/2000,00:00:04.26,270.02,-683.59,-921.39,-45.94,19.33,-80.20,-11.10,-60.15,-120.60,24.39,90.69,
01/01/2000,00:00:04.27,306.15,-853.03,-994.14,-47.15,7.02,-80.85,-11.10,-61.20,-122.40,24.63,90.72,
01/01/2000,00:00:04.29,362.79,-877.44,-1062.99,-67.36,-7.64,-26.15,-11.40,-61.20,-121.05,24.53,90.66,
01/01/2000,00:00:04.30,196.78,-769.53,-1195.80,-88.08,-30.93,3.53,-11.40,-61.20,-121.05,24.48,90.69,
01/01/2000,00:00:04.31,51.76,-739.75,-1326.66,-104.50,-71.10,23.09,-11.40,-61.20,-121.05,24.72,90.72,
01/01/2000,00:00:04.32,163.57,-748.05,-1259.28,-117.15,-108.09,37.02,-12.60,-60.15,-122.85,24.72,90.79,
01/01/2000,00:00:04.33,347.17,-753.42,-1052.25,-125.34,-130.00,48.93,-11.25,-58.80,-122.25,24.72,90.82,
01/01/2000,00:00:04.34,432.62,-799.32,-843.75,-112.13,-121.63,44.23,-10.20,-58.80,-123.30,24.39,90.76,
01/01/2000,00:00:04.35,500.98,-781.25,-718.75,-79.31,-102.64,20.69,-9.75,-57.30,-122.70,24.53,90.79,
01/01/2000,00:00:04.36,492.19,-689.94,-620.12,-45.49,-66.01,-0.76,-9.75,-57.30,-122.70,24.34,90.82,
01/01/2000,00:00:04.37,343.75,-583.01,-597.17,-6.47,-36.85,-36.98,-7.05,-56.70,-122.85,24.72,90.88,
01/01/2000,00:00:04.38,270.51,-489.26,-628.42,13.20,-14.85,-59.21,-8.10,-57.00,-122.10,24.63,90.91,
01/01/2000,00:00:04.39,198.24,-539.06,-702.15,5.52,-12.31,-56.09,-8.55,-56.70,-121.35,24.72,90.85,
01/01/2000,00:00:04.40,164.55,-606.45,-768.07,-9.96,-17.49,-43.05,-8.70,-58.35,-121.20,24.53,90.88,
01/01/2000,00:00:04.43,84.96,-664.55,-864.26,-71.86,-69.39,21.60,-8.55,-57.45,-120.60,24.72,90.29,
01/01/2000,00:00:04.45,108.89,-685.55,-789.55,-80.87,-71.73,41.34,-7.80,-57.90,-121.35,24.72,90.23,
01/01/2000,00:00:04.46,108.40,-568.85,-748.54,-78.54,-64.81,41.85,-8.55,-57.00,-122.85,24.72,90.26,
01/01/2000,00:00:04.47,73.24,-560.06,-674.32,-58.96,-37.64,30.54,-8.10,-55.95,-121.05,24.29,90.18,
01/01/2000,00:00:04.48,45.41,-593.26,-688.48,-42.60,-19.19,15.98,-7.20,-55.35,-121.50,24.63,90.24,
01/01/2000,00:00:04.49,0.49,-573.73,-728.03,-31.42,-5.95,8.14,-6.30,-53.25,-122.40,24.53,90.27,
01/01/2000,00:00:04.50,-77.15,-558.11,-810.06,-29.08,0.61,9.41,-6.15,-56.55,-120.45,24.72,90.33,
01/01/2000,00:00:04.51,-86.43,-659.18,-916.02,-32.42,-14.31,34.80,-7.95,-54.15,-122.70,24.72,90.36,
01/01/2000,00:00:04.52,-218.75,-529.30,-969.24,-40.19,-17.63,39.49,-7.95,-54.15,-122.70,24.53,90.31,
01/01/2000,00:00:04.53,-189.45,-439.94,-901.37,-50.19,-23.84,53.55,-6.45,-54.15,-123.00,24.29,90.34,
01/01/2000,00:00:04.54,-215.82,-426.76,-934.08,-63.08,-35.19,64.44,-4.50,-53.25,-122.40,24.63,90.37,
01/01/2000,00:00:04.55,-205.57,-460.45,-894.53,-63.46,-29.15,64.27,-4.80,-53.25,-122.40,24.63,90.43,
01/01/2000,00:00:04.56,-98.63,-466.31,-812.01,-54.27,-2.19,62.02,-5.55,-51.75,-122.40,24.68,90.48,
01/01/2000,00:00:04.57,-222.66,-465.33,-684.08,-15.79,19.15,36.12,-6.15,-50.85,-122.70,24.34,90.40,
01/01/2000,00:00:04.58,-107.91,-463.87,-674.32,4.30,24.98,17.18,-6.15,-50.85,-122.70,24.63,90.43,
01/01/2000,00:00:04.59,-157.71,-382.81,-679.20,16.39,33.48,10.20,-4.50,-51.30,-123.90,24.39,90.49,
01/01/2000,00:00:04.60,-251.95,-337.40,-790.53,18.34,31.39,4.69,-6.30,-51.30,-122.10,24.53,90.52,
01/01/2000,00:00:04.61,-260.25,-326.17,-855.96,14.53,28.06,3.69,-5.40,-51.60,-122.25,24.39,90.57,
01/01/2000,00:00:04.63,-259.77,-351.07,-865.72,1.76,16.71,8.57,-5.25,-50.25,-124.65,24.63,90.49,
01/01/2000,00:00:04.63,-180.66,-780.27,-813.48,-16.99,6.60,21.32,-5.25,-50.25,-124.65,24.72,90.52,
01/01/2000,00:00:04.64,-236.33,-288.57,-832.52,-15.78,4.00,27.08,-4.80,-52.95,-122.10,24.48,90.58,
01/01/2000,00:00:04.65,-249.02,-402.34,-816.89,-14.11,6.60,18.42,-4.20,-51.75,-122.85,24.72,90.63,
01/01/2000,00:00:04.66,-214.36,-362.79,-789.06,-11.55,11.81,21.46,-5.85,-51.60,-123.75,24.53,90.66,
01/01/2000,00:00:04.68,-234.86,-345.21,-808.11,-1.60,19.05,17.18,-6.30,-49.80,-123.60,24.29,90.58,
01/01/2000,00:00:04.69,-205.08,-438.48,-832.03,1.39,24.14,11.39,-6.30,-49.80,-123.60,24.72,90.64,
01/01/2000,00:00:04.70,-250.00,-391.60,-837.40,10.44,27.40,6.54,-4.80,-50.25,-122.85,24.34,90.66,
01/01/2000,00:00:04.71,-246.09,-361.33,-863.77,8.92,28.20,7.37,-6.00,-50.55,-124.20,24.53,90.72,
01/01/2000,00:00:04.72,-245.61,-337.40,-880.86,1.90,26.47,10.69,-6.30,-49.80,-124.20,24.34,90.75,
01/01/2000,00:00:04.72,-277.83,-285.16,-925.29,-5.63,24.55,15.37,-6.15,-51.60,-125.10,24.72,90.80,
01/01/2000,00:00:04.74,-234.38,-262.70,-907.23,-16.83,16.12,16.53,-6.15,-51.60,-125.10,24.68,90.72,
01/01/2000,00:00:04.75,-263.67,-271.97,-916.99,-16.37,9.02,15.62,-6.15,-51.60,-125.10,24.39,90.75,
01/01/2000,00:00:04.76,-259.28,-210.45,-969.24,-44.51,3.89,30.31,-5.55,-50.25,-125.70,24.39,90.80,
01/01/2000,00:00:04.77,-288.57,-383.79,-934.08,-19.61,5.19,25.65,-5.85,-49.65,-124.80,24.72,90.86,
01/01/2000,00:00:04.78,-247.07,-382.32,-947.75,0.07,11.11,17.82,-6.15,-48.90,-125.10,24.63,90.88,
01/01/2000,00:00:04.79,-250.98,-270.51,-895.02,0.73,20.12,18.47,-5.10,-49.65,-124.50,24.29,90.83,
01/01/2000,00:00:04.80,-262.21,-242.68,-866.70,-7.53,17.81,26.31,-5.10,-49.65,-124.50,24.63,90.86,
01/01/2000,00:00:04.81,-234.86,-312.01,-878.91,-14.57,18.92,21.33,-6.15,-48.60,-124.50,24.53,90.88,
01/01/2000,00:00:04.82,-209.96,-260.74,-867.68,-21.14,16.96,22.69,-6.15,-48.90,-126.30,24.68,90.94,
01/01/2000,00:00:04.83,-200.20,-249.02,-857.42,-32.61,9.73,26.85,-6.30,-47.55,-126.75,24.29,90.96,
01/01/2000,00:00:04.84,-171.88,-275.88,-869.14,-46.82,13.60,33.69,-5.10,-48.15,-124.50,24.53,90.91,
01/01/2000,00:00:04.85,-254.88,-268.07,-936.52,-49.39,0.89,29.28,-5.10,-48.15,-124.50,24.53,90.94,
01/01/2000,00:00:04.86,-249.51,-333.98,-995.12,-40.95,1.09,25.18,-5.10,-48.15,-124.50,24.63,90.96,
01/01/2000,00:00:04.87,-265.14,-427.73,-1028.32,-23.06,1.88,19.03,-6.15,-46.65,-126.60,24.48,91.01,
01/01/2000,00:00:04.88,-278.81,-351.07,-1037.11,-7.45,-0.69,14.34,-6.00,-48.00,-126.75,24.53,91.06,
01/01/2000,00:00:04.89,-306.64,-267.58,-1005.86,8.47,-1.26,13.65,-6.00,-46.50,-125.70,24.39,90.99,
01/01/2000,00:00:04.90,-258.30,-354.00,-967.29,17.66,-0.62,13.23,-6.00,-46.50,-125.70,24.48,91.01,
01/01/2000,00:00:04.94,-231.93,-205.08,-914.55,17.75,-7.07,5.11,-6.15,-46.65,-125.10,24.82,90.50,
01/01/2000,00:00:04.95,-252.93,-223.63,-941.89,8.39,-15.94,8.89,-5.10,-48.15,-124.80,24.53,90.45,
01/01/2000,00:00:04.96,-285.16,-296.39,-977.05,-5.93,-19.51,12.54,-5.10,-46.95,-124.80,24.72,90.48,
01/01/2000,00:00:04.97,-299.32,-366.70,-997.56,-8.34,-29.88,14.71,-4.80,-47.55,-124.65,24.82,90.43,
01/01/2000,00:00:04.98,-311.52,-198.24,-968.26,3.79,-35.28,9.53,-4.20,-46.05,-124.95,24.53,90.46,
01/01/2000,00:00:04.99,-243.16,-350.10,-954.59,16.53,-33.03,5.70,-2.85,-47.70,-125.55,24.63,90.51,
01/01/2000,00:00:05.00,-249.51,-268.55,-891.60,13.18,-31.62,10.54,-3.45,-47.55,-124.65,24.63,90.53,
01/01/2000,00:00:05.01,-246.09,-295.41,-852.05,21.00,-25.11,8.88,-3.45,-47.55,-124.65,24.15,90.59,
01/01/2000,00:00:05.02,-239.75,-259.28,-856.93,27.85,-20.02,3.29,-4.50,-46.50,-124.20,24.39,90.51,
01/01/2000,00:00:05.03,-275.88,-279.79,-880.86,27.16,-17.22,-1.06,-3.90,-46.95,-122.70,24.72,90.54,
01/01/2000,00:00:05.04,-341.31,-250.98,-925.78,23.02,-18.09,1.35,-3.00,-46.80,-124.20,24.53,90.56,
01/01/2000,00:00:05.05,-329.10,-311.52,-933.59,17.27,-17.24,3.80,-3.75,-46.50,-124.95,24.29,90.61,
01/01/2000,00:00:05.06,-341.80,-307.62,-939.45,10.68,-20.70,1.86,-3.90,-45.90,-124.05,24.53,90.64,
01/01/2000,00:00:05.08,-341.31,-319.82,-912.60,14.38,-27.35,0.47,-3.90,-45.90,-124.05,24.87,90.59,
01/01/2000,00:00:05.09,-340.82,-299.32,-922.36,7.42,-27.69,2.09,-4.35,-47.40,-123.30,24.34,90.62,
01/01/2000,00:00:05.10,-318.36,-336.43,-900.88,8.73,-25.97,3.05,-3.90,-46.95,-124.05,24.82,90.67,
01/01/2000,00:00:05.10,-297.85,-323.73,-870.12,12.23,-23.82,8.44,-3.15,-46.95,-123.00,24.53,90.69,
01/01/2000,00:00:05.11,-305.66,-317.38,-821.78,25.76,-19.08,-1.61,-2.85,-47.70,-123.30,24.68,90.74,
01/01/2000,00:00:05.13,-343.75,-284.18,-858.40,30.32,-13.67,-2.37,-2.85,-47.70,-123.30,24.39,90.67,
01/01/2000,00:00:05.14,-345.70,-296.39,-884.28,30.30,-11.61,-9.30,-3.60,-46.95,-122.25,24.63,90.69,
01/01/2000,00:00:05.15,-363.77,-304.69,-878.91,27.02,-9.56,-11.05,-2.70,-49.05,-123.15,24.48,90.74,
01/01/2000,00:00:05.16,-367.68,-302.73,-891.11,20.93,-10.66,-7.39,-2.85,-49.65,-121.95,24.68,90.77,
01/01/2000,00:00:05.17,-363.77,-305.66,-880.37,16.15,-11.57,0.93,-3.45,-50.25,-121.95,24.82,90.81,
01/01/2000,00:00:05.18,-336.43,-334.47,-870.12,0.85,-12.39,9.68,-3.45,-50.25,-120.60,24.39,90.74,
01/01/2000,00:00:05.19,-380.86,-320.80,-866.70,-2.61,-16.44,11.02,-4.35,-46.95,-122.25,24.63,90.79,
01/01/2000,00:00:05.20,-355.96,-355.96,-905.76,-4.72,-18.58,13.73,-3.00,-48.30,-122.10,24.72,90.81,
01/01/2000,00:00:05.21,-311.04,-369.14,-867.19,0.96,-11.95,11.69,-2.25,-48.00,-122.10,24.63,90.86,
01/01/2000,00:00:05.22,-379.88,-303.71,-876.46,2.18,-12.24,9.84,-1.80,-48.60,-121.50,24.72,90.89,
01/01/2000,00:00:05.23,-374.02,-277.83,-838.38,0.24,-13.19,11.66,-2.85,-48.15,-121.95,24.72,90.93,
01/01/2000,00:00:05.24,-385.74,-287.60,-845.21,-5.33,-17.05,6.79,-2.85,-48.15,-121.95,24.48,90.86,
01/01/2000,00:00:05.25,-379.88,-350.10,-931.64,-11.85,-19.10,12.85,-2.85,-47.40,-121.20,24.82,90.89,
01/01/2000,00:00:05.26,-422.36,-316.41,-896.00,-11.39,-21.63,10.61,-1.50,-47.55,-121.80,24.63,90.93,
01/01/2000,00:00:05.27,-349.12,-333.50,-909.67,-7.14,-20.60,8.55,-3.15,-48.15,-121.20,24.29,90.96,
01/01/2000,00:00:05.28,-415.53,-311.04,-907.71,-9.60,-21.91,7.42,-3.45,-47.55,-122.10,24.48,91.00,
01/01/2000,00:00:05.29,-360.84,-315.92,-879.39,-11.92,-22.08,6.10,-3.45,-47.55,-122.10,24.72,90.93,
01/01/2000,00:00:05.30,-362.30,-305.18,-841.31,-11.13,-21.21,7.79,-2.55,-46.95,-120.15,24.48,90.98,
01/01/2000,00:00:05.31,-391.11,-303.22,-874.02,-7.11,-23.55,5.06,-2.70,-47.55,-120.30,24.87,91.00,
01/01/2000,00:00:05.32,-399.90,-310.55,-891.60,-6.12,-23.94,4.61,-0.90,-47.25,-122.10,24.72,91.05,
01/01/2000,00:00:05.33,-390.14,-307.62,-871.09,-8.86,-21.30,1.18,-2.70,-46.05,-120.60,24.48,91.07,
01/01/2000,00:00:05.35,-375.98,-345.21,-869.63,-7.15,-20.16,0.98,-1.20,-48.00,-121.80,24.53,91.02,
01/01/2000,00:00:05.35,-401.86,-360.35,-826.66,2.23,-19.73,-0.24,-1.05,-47.40,-122.25,24.63,91.05,
01/01/2000,00:00:05.36,-359.38,-339.36,-829.59,6.94,-19.80,-5.24,-1.35,-47.40,-119.70,24.63,91.07,
01/01/2000,00:00:05.37,-365.72,-314.94,-828.61,3.53,-17.66,-2.31,-1.35,-46.95,-120.15,24.63,91.11,
01/01/2000,00:00:05.38,-394.53,-322.27,-839.36,2.25,-16.54,-3.17,-0.15,-46.05,-119.55,24.53,91.13,
01/01/2000,00:00:05.40,-352.54,-336.43,-799.32,6.19,-20.15,-3.36,-0.15,-46.05,-119.55,24.72,91.09,
01/01/2000,00:00:05.41,-360.84,-322.75,-787.60,4.07,-16.05,-5.34,-0.15,-46.05,-119.55,24.48,91.11,
01/01/2000,00:00:05.46,-367.19,-331.05,-797.36,-10.59,-19.12,4.98,-0.45,-47.55,-118.20,24.72,90.27,
01/01/2000,00:00:05.47,-371.58,-322.75,-800.29,-15.05,-18.51,7.40,0.45,-47.55,-120.30,24.72,90.22,
01/01/2000,00:00:05.48,-375.49,-326.17,-811.52,-14.16,-16.64,11.83,-1.05,-48.60,-119.10,24.87,90.25,
01/01/2000,00:00:05.49,-356.93,-327.15,-802.25,-10.59,-7.68,7.71,-2.10,-48.15,-117.30,24.29,90.18,
01/01/2000,00:00:05.50,-383.30,-318.85,-810.55,-8.02,-2.64,3.69,1.20,-47.25,-118.20,24.72,90.21,
01/01/2000,00:00:05.51,-365.72,-326.17,-821.29,-4.39,3.02,-3.61,1.20,-47.25,-118.20,24.53,90.25,
01/01/2000,00:00:05.52,-384.28,-309.08,-856.45,-0.31,2.35,-3.65,0.45,-46.80,-118.80,24.20,90.30,
01/01/2000,00:00:05.53,-406.74,-277.34,-836.43,-3.77,6.92,-5.34,-0.60,-46.20,-118.35,24.72,90.32,
01/01/2000,00:00:05.54,-422.85,-298.83,-871.09,-5.27,4.79,-11.37,-1.20,-47.55,-118.20,24.53,90.28,
01/01/2000,00:00:05.55,-421.88,-312.01,-883.79,-5.69,6.08,-17.17,-0.60,-46.20,-119.10,24.63,90.30,
01/01/2000,00:00:05.56,-414.55,-309.08,-878.91,-7.46,9.53,-17.92,-0.60,-46.20,-119.10,24.48,90.33,
01/01/2000,00:00:05.57,-430.66,-302.25,-899.90,-8.13,9.31,-14.43,-0.15,-47.25,-118.80,24.53,90.37,
01/01/2000,00:00:05.58,-431.64,-301.76,-882.81,-6.17,9.40,-13.16,0.00,-45.45,-118.35,24.63,90.39,
01/01/2000,00:00:05.60,-417.48,-343.75,-869.14,-6.35,10.25,-13.89,-1.20,-47.55,-118.50,24.82,90.35,
01/01/2000,00:00:05.61,-390.62,-339.36,-822.75,-1.61,11.37,-15.56,-1.05,-48.15,-118.65,24.53,90.37,
01/01/2000,00:00:05.62,-406.25,-329.10,-812.99,-2.03,12.86,-14.95,-0.60,-46.20,-119.70,24.82,90.42,
01/01/2000,00:00:05.62,-398.44,-316.89,-826.17,-0.41,14.76,-18.68,-0.60,-46.20,-119.70,24.53,90.44,
01/01/2000,00:00:05.63,-415.53,-322.27,-836.43,-4.82,12.38,-20.30,-1.50,-47.55,-118.80,24.72,90.48,
01/01/2000,00:00:05.65,-412.60,-323.73,-825.68,-2.87,9.46,-23.21,-0.90,-48.30,-118.80,24.68,90.42,
01/01/2000,00:00:05.66,-429.20,-276.86,-844.73,-8.58,5.47,-21.51,-2.55,-48.60,-119.10,24.63,90.44,
01/01/2000,00:00:05.67,-375.00,-290.04,-847.17,-11.18,-1.14,-26.02,-2.55,-48.60,-119.10,24.72,90.49,
01/01/2000,00:00:05.68,-463.38,-309.57,-890.62,-14.56,-6.47,-28.82,-2.55,-48.60,-119.10,24.48,90.51,
01/01/2000,00:00:05.69,-424.80,-315.43,-903.32,-17.73,-13.16,-25.50,-0.60,-48.15,-117.90,24.39,90.55,
01/01/2000,00:00:05.70,-400.88,-356.45,-896.00,-14.20,-12.67,-26.92,-3.00,-46.80,-119.55,24.72,90.49,
01/01/2000,00:00:05.71,-365.72,-365.72,-881.35,-10.63,-12.40,-30.52,-1.35,-46.95,-120.45,24.72,90.51,
01/01/2000,00:00:05.72,-391.11,-355.96,-858.89,-1.85,-11.41,-29.90,-1.80,-47.70,-120.15,24.68,90.55,
01/01/2000,00:00:05.73,-387.70,-337.89,-895.02,-2.80,-10.65,-27.60,-1.80,-47.70,-120.15,24.68,90.58,
01/01/2000,00:00:05.74,-381.35,-321.78,-862.30,-0.87,-4.18,-30.66,-0.60,-48.15,-119.40,24.39,90.62,
01/01/2000,00:00:05.75,-404.30,-333.01,-881.84,0.78,-7.62,-23.92,-1.80,-49.65,-118.65,24.82,90.56,
01/01/2000,00:00:05.76,-436.52,-318.85,-883.30,-1.00,-9.02,-25.89,-2.10,-49.35,-119.70,24.63,90.60,
01/01/2000,00:00:05.77,-450.68,-302.25,-891.11,-1.21,-11.41,-21.18,-1.35,-49.65,-120.45,24.53,90.62,
01/01/2000,00:00:05.78,-432.13,-340.82,-886.23,-5.63,-17.79,-17.47,-1.35,-49.65,-120.45,24.72,90.66,
01/01/2000,00:00:05.79,-414.06,-341.31,-873.54,-7.58,-16.80,-10.37,-1.35,-49.65,-120.45,24.72,90.68,
01/01/2000,00:00:05.80,-403.32,-380.37,-832.52,-3.64,-12.90,-5.08,-1.20,-50.25,-120.00,24.72,90.64,
01/01/2000,00:00:05.81,-386.72,-373.54,-829.10,2.10,-10.97,-6.55,-2.70,-49.80,-119.55,24.82,90.66,
01/01/2000,00:00:05.82,-376.95,-348.14,-833.50,6.98,-6.05,-7.21,-0.90,-49.80,-119.25,24.68,90.69,
01/01/2000,00:00:05.83,-406.74,-337.89,-831.05,6.87,-0.69,-11.21,-1.35,-50.85,-119.70,24.68,90.73,
01/01/2000,00:00:05.84,-398.44,-326.17,-853.52,7.02,3.37,-13.82,-1.35,-50.85,-119.70,24.34,90.77,
01/01/2000,00:00:05.85,-402.34,-360.84,-854.49,7.91,0.81,-18.73,-1.05,-48.90,-119.10,24.63,90.79,
01/01/2000,00:00:05.87,-391.60,-339.84,-845.21,12.47,1.97,-25.30,-2.10,-49.35,-117.90,24.68,90.75,
01/01/2000,00:00:05.87,-386.23,-345.21,-849.12,11.49,2.09,-25.78,-2.10,-50.85,-120.15,24.82,90.77,
01/01/2000,00:00:05.88,-380.86,-385.25,-847.17,12.44,4.92,-26.91,-1.50,-51.75,-118.80,24.48,90.79,
01/01/2000,00:00:05.89,-391.60,-377.93,-878.42,15.60,10.20,-28.16,-1.50,-51.75,-118.80,24.72,90.83,
01/01/2000,00:00:05.90,-359.38,-390.62,-859.38,20.85,11.47,-27.40,-0.90,-52.20,-118.80,24.53,90.85,
01/01/2000,00:00:05.94,-323.24,-373.54,-783.69,26.07,40.59,-37.31,-3.15,-51.60,-116.85,24.72,90.27,
01/01/2000,00:00:05.96,-342.29,-366.21,-801.76,20.98,51.02,-43.10,-3.00,-53.25,-119.25,24.72,90.24,
01/01/2000,00:00:05.97,-374.51,-355.47,-837.89,18.72,54.33,-41.57,-4.35,-51.60,-119.70,24.82,90.26,
01/01/2000,00:00:05.98,-335.45,-332.03,-809.57,17.57,59.48,-49.90,-4.20,-52.20,-121.05,24.53,90.30,
01/01/2000,00:00:05.99,-380.86,-383.79,-863.77,10.29,58.58,-45.54,-3.45,-55.50,-120.60,24.63,90.32,
01/01/2000,00:00:06.00,-372.56,-454.10,-891.60,9.32,65.54,-58.05,-5.40,-54.15,-120.45,24.87,90.28,
01/01/2000,00:00:06.01,-345.70,-456.05,-908.69,10.88,71.82,-59.31,-5.40,-54.15,-120.45,24.39,90.30,
01/01/2000,00:00:06.02,-309.08,-449.22,-922.85,5.35,80.03,-59.89,-4.35,-54.60,-120.90,24.72,90.32,
01/01/2000,00:00:06.03,-285.64,-479.49,-887.21,-0.84,90.56,-58.93,-6.45,-56.10,-121.95,24.63,90.36,
01/01/2000,00:00:06.04,-253.91,-453.12,-854.00,-7.24,94.26,-61.89,-7.35,-55.20,-122.40,24.82,90.38,
01/01/2000,00:00:06.05,-209.96,-420.90,-854.98,-15.21,99.74,-63.92,-7.05,-55.20,-122.40,24.63,90.35,
01/01/2000,00:00:06.06,-230.96,-424.80,-928.22,-18.82,100.89,-65.85,-7.05,-55.20,-122.40,24.53,90.37,
01/01/2000,00:00:06.07,-208.01,-458.50,-956.05,-15.21,94.44,-73.29,-11.10,-55.95,-124.20,24.63,90.41,
01/01/2000,00:00:06.08,-194.82,-434.57,-961.91,-15.34,90.55,-73.92,-10.20,-55.80,-124.20,24.72,90.43,
01/01/2000,00:00:06.09,-169.43,-396.48,-952.15,-16.89,86.79,-67.81,-10.20,-55.80,-124.50,24.72,90.47,
01/01/2000,00:00:06.10,-152.83,-459.96,-942.38,-18.67,74.02,-61.12,-11.25,-56.55,-124.50,24.34,90.41,
01/01/2000,00:00:06.11,-151.86,-480.96,-950.20,-14.02,68.76,-65.00,-11.25,-56.55,-124.50,24.72,90.43,
01/01/2000,00:00:06.12,-140.14,-508.79,-955.57,-12.89,62.35,-56.36,-11.85,-57.90,-126.45,24.72,90.47,
01/01/2000,00:00:06.13,-88.87,-446.29,-898.44,-9.26,58.36,-51.44,-12.60,-57.00,-127.20,24.68,90.49,
01/01/2000,00:00:06.14,-79.10,-444.82,-869.63,-6.48,49.78,-46.20,-12.75,-56.55,-126.30,24.53,90.53,
01/01/2000,00:00:06.16,-50.29,-426.76,-852.54,5.08,44.24,-47.78,-15.45,-58.20,-126.00,24.39,90.47,
01/01/2000,00:00:06.17,-11.72,-404.79,-837.89,9.11,39.87,-43.53,-16.20,-58.20,-126.45,24.48,90.49,
01/01/2000,00:00:06.17,-20.51,-399.41,-840.82,10.89,31.44,-37.37,-16.20,-58.20,-126.45,24.72,90.53,
01/01/2000,00:00:06.18,5.37,-404.79,-828.12,9.46,25.34,-31.18,-14.40,-58.20,-127.50,24.68,90.55,
01/01/2000,00:00:06.19,35.16,-472.17,-833.98,8.04,18.62,-21.73,-16.05,-58.05,-127.35,24.48,90.59,
01/01/2000,00:00:06.21,20.51,-424.80,-849.61,0.47,11.08,-6.40,-15.90,-58.95,-127.20,24.48,90.53,
01/01/2000,00:00:06.22,-11.23,-444.34,-866.70,-0.34,1.06,2.57,-16.95,-58.20,-126.75,24.72,90.57,
01/01/2000,00:00:06.23,-15.14,-467.77,-886.72,4.24,-7.81,-1.98,-16.95,-58.20,-126.75,24.72,90.59,
01/01/2000,00:00:06.24,-29.79,-442.38,-899.41,4.16,-21.38,1.29,-15.90,-59.40,-127.95,24.68,90.63,
01/01/2000,00:00:06.25,-90.33,-239.26,-726.07,11.57,-13.55,-9.72,-15.45,-58.65,-126.00,24.53,90.65,
01/01/2000,00:00:06.26,8.30,-395.51,-900.88,5.08,-21.50,-1.77,-16.95,-58.65,-125.40,24.63,90.61,
01/01/2000,00:00:06.27,-7.81,-441.89,-949.71,9.36,-19.11,3.28,-16.95,-58.95,-125.70,24.72,90.63,
01/01/2000,00:00:06.28,-18.55,-475.59,-999.02,13.24,-20.21,6.24,-16.95,-58.95,-125.70,24.63,90.65,
01/01/2000,00:00:06.29,-35.64,-458.50,-1012.21,10.95,-20.62,9.07,-15.60,-59.85,-127.05,24.53,90.69,
01/01/2000,00:00:06.30,-32.23,-450.20,-997.56,9.90,-26.92,15.71,-16.35,-58.80,-127.35,24.72,90.71,
01/01/2000,00:00:06.31,-72.75,-453.61,-989.26,5.50,-36.89,25.56,-16.95,-58.95,-126.00,24.63,90.67,
01/01/2000,00:00:06.32,-17.58,-632.81,-1110.84,-9.89,-48.07,46.85,-15.60,-57.60,-125.85,24.87,90.69,
01/01/2000,00:00:06.33,-12.70,-351.07,-942.38,3.71,-51.94,24.07,-15.60,-57.60,-125.85,24.82,90.73,
01/01/2000,00:00:06.34,-104.00,-467.29,-965.33,-0.86,-58.56,25.34,-13.95,-59.70,-124.95,24.72,90.74,
01/01/2000,00:00:06.35,-48.34,-505.37,-952.15,-3.03,-75.17,32.89,-13.65,-58.95,-127.20,24.63,90.78,
01/01/2000,00:00:06.36,-82.03,-469.24,-884.77,-4.79,-84.73,39.58,-15.45,-59.40,-126.45,24.72,90.73,
01/01/2000,00:00:06.37,-94.73,-395.02,-856.93,-10.57,-89.11,48.05,-14.25,-59.85,-124.80,24.48,90.75,
01/01/2000,00:00:06.38,-116.21,-375.98,-879.39,-16.05,-92.67,49.29,-11.85,-57.45,-124.95,24.82,90.78,
01/01/2000,00:00:06.39,-182.62,-419.92,-915.53,-14.44,-94.82,49.34,-11.85,-57.45,-124.95,24.87,90.80,
01/01/2000,00:00:06.40,-175.29,-450.20,-927.25,-8.46,-95.18,39.26,-12.00,-58.05,-125.85,24.63,90.84,
01/01/2000,00:00:06.42,-157.23,-405.27,-914.06,4.76,-91.85,26.41,-11.25,-57.30,-123.30,24.91,90.78,
01/01/2000,00:00:06.43,-190.92,-387.21,-922.36,7.09,-92.29,26.72,-11.25,-58.05,-123.30,24.87,90.80,
01/01/2000,00:00:06.46,-209.96,-428.71,-835.94,15.79,-91.37,25.97,-8.85,-57.45,-120.60,24.63,90.45,
01/01/2000,00:00:06.47,-253.91,-415.04,-829.59,4.13,-97.44,39.08,-6.30,-57.90,-119.55,24.53,90.41,
01/01/2000,00:00:06.48,-288.09,-420.41,-848.63,-0.93,-102.79,41.70,-7.80,-57.45,-121.05,24.48,90.43,
01/01/2000,00:00:06.49,-342.77,-439.94,-871.09,-6.54,-115.26,48.08,-7.20,-56.85,-120.15,24.63,90.40,
01/01/2000,00:00:06.50,-385.25,-373.05,-879.39,-21.20,-130.49,55.90,-7.20,-56.85,-120.15,24.91,90.41,
01/01/2000,00:00:06.51,-406.74,-359.86,-892.58,-45.01,-150.32,69.40,-6.75,-57.45,-119.25,24.53,90.45,
01/01/2000,00:00:06.52,-374.51,-336.91,-875.00,-63.95,-167.82,84.10,-4.80,-56.70,-118.50,24.48,90.47,
01/01/2000,00:00:06.53,-370.12,-291.99,-859.86,-77.94,-181.47,89.11,-6.00,-55.50,-118.50,24.91,90.50,
01/01/2000,00:00:06.55,-291.02,-359.86,-854.49,-102.34,-199.18,102.82,-3.15,-53.10,-116.55,24.48,90.45,
01/01/2000,00:00:06.55,-438.96,-381.35,-967.29,-121.85,-228.74,111.19,-3.15,-53.10,-116.55,24.63,90.47,
01/01/2000,00:00:06.56,-432.13,-449.71,-1067.38,-153.69,-250.14,141.85,0.90,-51.75,-114.45,24.53,90.51,
01/01/2000,00:00:06.57,-479.98,-544.43,-1119.63,-188.06,-250.14,174.75,0.60,-50.40,-114.30,24.53,90.53,
01/01/2000,00:00:06.58,-222.17,-728.03,-1000.00,-210.70,-250.14,210.88,1.80,-49.35,-113.55,24.53,90.56,
01/01/2000,00:00:06.60,-42.97,-821.29,-853.52,-201.96,-250.14,226.41,4.80,-48.00,-109.50,24.68,90.51,
01/01/2000,00:00:06.61,-46.39,-754.39,-845.70,-187.79,-250.14,230.53,4.80,-48.00,-109.50,24.68,90.53,
01/01/2000,00:00:06.62,-84.47,-790.53,-916.02,-168.38,-250.14,229.91,5.40,-42.00,-107.55,24.68,90.56,
01/01/2000,00:00:06.63,-125.49,-807.62,-969.24,-141.90,-250.14,222.04,7.20,-39.00,-105.00,24.72,90.58,
01/01/2000,00:00:06.64,-197.27,-738.28,-1025.39,-113.25,-250.14,219.50,7.35,-38.85,-102.90,24.63,90.62,
01/01/2000,00:00:06.65,-307.13,-628.42,-1061.04,-85.59,-247.40,224.51,6.90,-37.20,-101.70,24.87,90.57,
01/01/2000,00:00:06.66,-348.14,-524.90,-1038.09,-68.82,-239.96,225.18,9.45,-34.80,-98.10,24.72,90.58,
01/01/2000,00:00:06.67,-454.10,-333.50,-1022.95,-46.66,-235.57,232.93,9.45,-34.80,-98.10,24.34,90.62,
01/01/2000,00:00:06.68,-597.17,-155.27,-1059.08,-37.01,-238.39,236.13,9.60,-29.70,-96.90,24.87,90.64,
01/01/2000,00:00:06.69,-636.72,-8.79,-999.51,-30.52,-248.17,244.76,9.60,-28.95,-93.60,24.87,90.67,
01/01/2000,00:00:06.70,-607.42,175.29,-785.16,-21.85,-250.14,247.30,8.40,-24.30,-89.40,24.39,90.62,
01/01/2000,00:00:06.71,-575.68,352.54,-570.31,-6.55,-250.14,238.42,8.40,-24.30,-89.40,24.82,90.65,
01/01/2000,00:00:06.72,-619.14,572.27,-424.80,0.95,-246.66,221.98,8.40,-24.30,-89.40,25.01,90.67,
01/01/2000,00:00:06.73,-637.70,754.88,-257.81,-3.05,-238.64,222.75,6.75,-21.45,-84.90,24.63,90.71,
01/01/2000,00:00:06.74,-675.78,975.10,-38.09,-10.98,-230.87,209.67,5.85,-17.40,-81.90,24.68,90.72,
01/01/2000,00:00:06.75,-803.22,1254.39,112.30,-44.45,-231.30,202.92,4.80,-16.50,-78.75,24.72,90.69,
01/01/2000,00:00:06.76,-893.07,1294.43,76.66,-80.66,-242.55,204.22,5.25,-14.85,-78.75,24.72,90.71,
01/01/2000,00:00:06.77,-870.61,1206.05,10.25,-124.50,-250.14,215.47,5.25,-14.85,-78.75,24.34,90.72,
01/01/2000,00:00:06.78,-779.30,1082.52,56.64,-142.85,-250.14,215.92,1.80,-13.20,-73.95,24.53,90.76,
01/01/2000,00:00:06.79,-625.49,1006.35,300.78,-136.09,-250.14,198.45,0.00,-11.70,-71.70,24.72,90.78,
01/01/2000,00:00:06.81,-323.73,1174.80,854.49,-87.33,-250.14,122.79,0.45,-12.60,-69.45,24.63,90.73,
01/01/2000,00:00:06.81,-216.31,1209.47,1143.07,-66.14,-210.47,95.92,-3.90,-10.20,-68.85,24.48,90.76,
01/01/2000,00:00:06.82,-169.43,1259.28,1349.12,-34.34,-153.32,55.38,-5.10,-9.75,-66.75,24.63,90.78,
01/01/2000,00:00:06.83,-376.46,1272.95,1184.08,-14.40,-106.58,16.39,-5.10,-9.75,-66.75,24.68,90.81,
01/01/2000,00:00:06.84,-609.38,1219.24,916.50,-47.07,-105.30,29.15,-6.45,-9.75,-66.30,24.87,90.83,
01/01/2000,00:00:06.86,-541.02,945.31,802.25,-106.89,-124.61,72.11,-7.80,-9.60,-62.85,24.87,90.79,
01/01/2000,00:00:06.87,-439.45,908.69,868.16,-119.57,-114.80,75.97,-7.95,-10.50,-63.15,24.68,90.81,
01/01/2000,00:00:06.88,-544.43,919.43,810.06,-130.82,-121.20,72.53,-7.95,-10.50,-63.15,24.72,90.83,
01/01/2000,00:00:06.89,-476.56,804.69,779.30,-142.11,-126.06,81.58,-7.95,-10.50,-63.15,24.48,90.86,
01/01/2000,00:00:06.90,-443.85,720.21,815.92,-145.65,-116.37,83.55,-9.30,-10.80,-61.05,24.68,90.88,
01/01/2000,00:00:06.90,-402.34,723.14,868.65,-141.85,-99.15,75.28,-10.65,-11.55,-60.00,24.72,90.91,
01/01/2000,00:00:06.92,-494.14,832.03,798.34,-144.62,-90.52,72.41,-12.75,-12.15,-57.30,24.48,90.86,
01/01/2000,00:00:06.93,-611.33,948.73,536.13,-167.37,-99.33,82.52,-12.75,-13.20,-58.35,24.48,90.89,
01/01/2000,00:00:06.96,-390.14,532.71,913.09,-176.17,-44.18,30.29,-14.85,-15.90,-55.80,24.72,90.55,
01/01/2000,00:00:06.97,-456.05,587.40,762.21,-150.85,-17.74,11.31,-14.85,-16.65,-55.20,24.68,90.52,
01/01/2000,00:00:06.98,-576.66,667.48,620.61,-151.15,-13.85,8.44,-16.80,-17.40,-54.45,24.53,90.55,
01/01/2000,00:00:07.00,-662.11,693.85,525.88,-181.56,-23.45,24.04,-16.80,-17.40,-54.45,24.82,90.51,
01/01/2000,00:00:07.01,-609.38,505.37,587.89,-194.39,-26.52,23.39,-15.60,-21.60,-54.00,24.87,90.52,
01/01/2000,00:00:07.02,-519.53,367.68,670.90,-171.25,-21.20,4.50,-16.50,-22.50,-54.30,24.39,90.56,
01/01/2000,00:00:07.02,-536.62,275.88,595.70,-134.47,-3.37,-32.17,-16.35,-25.05,-54.00,24.72,90.57,
01/01/2000,00:00:07.03,-540.04,273.44,616.21,-105.13,3.33,-41.05,-16.50,-24.75,-54.30,24.82,90.60,
01/01/2000,00:00:07.05,-589.84,304.20,538.57,-75.37,14.03,-50.75,-16.50,-24.75,-54.30,24.72,90.56,
01/01/2000,00:00:07.06,-648.44,300.78,503.91,-68.89,12.88,-42.08,-16.95,-27.45,-54.60,24.72,90.57,
01/01/2000,00:00:07.07,-645.51,348.63,521.00,-74.11,0.76,-40.13,-16.80,-27.60,-54.00,24.63,90.61,
01/01/2000,00:00:07.08,-591.80,357.42,594.24,-80.71,-5.42,-29.48,-15.90,-27.45,-54.90,24.72,90.62,
01/01/2000,00:00:07.09,-525.39,271.00,699.22,-73.60,1.14,-35.02,-16.80,-27.30,-54.00,24.53,90.66,
01/01/2000,00:00:07.10,-424.32,187.99,775.88,-50.37,14.15,-50.78,-16.80,-27.30,-54.00,24.72,90.61,
01/01/2000,00:00:07.11,-394.04,114.75,801.27,-27.41,31.28,-66.53,-16.80,-27.30,-54.00,24.87,90.64,
01/01/2000,00:00:07.12,-387.21,85.45,844.24,6.03,52.69,-77.37,-16.05,-29.55,-55.50,24.39,90.66,
01/01/2000,00:00:07.13,-401.86,130.86,791.50,31.03,70.20,-87.82,-16.50,-29.70,-54.30,24.72,90.69,
01/01/2000,00:00:07.14,-531.74,193.85,673.34,35.60,76.85,-77.96,-14.40,-29.70,-54.60,24.72,90.70,
01/01/2000,00:00:07.15,-614.26,260.74,598.14,21.21,63.83,-48.80,-14.40,-30.45,-54.90,24.72,90.67,
01/01/2000,00:00:07.16,-641.11,290.04,562.01,5.41,56.45,-27.76,-13.05,-31.05,-55.80,24.72,90.69,
01/01/2000,00:00:07.17,-674.32,211.43,625.98,4.65,37.40,-23.34,-13.05,-31.05,-55.80,24.87,90.71,
01/01/2000,00:00:07.18,-638.18,247.56,737.30,46.30,37.37,-41.99,-12.90,-29.70,-56.10,24.72,90.74,
01/01/2000,00:00:07.19,-599.12,249.51,652.34,76.32,44.66,-66.29,-14.40,-29.70,-56.70,24.29,90.75,
01/01/2000,00:00:07.20,-668.46,526.37,605.47,56.86,47.24,-41.60,-14.40,-31.95,-56.40,25.06,90.72,
01/01/2000,00:00:07.21,-687.01,293.46,539.55,53.41,46.01,-38.44,-14.40,-31.95,-56.40,24.72,90.74,
01/01/2000,00:00:07.22,-691.89,334.96,573.24,41.73,42.48,-29.41,-12.30,-29.85,-57.00,24.63,90.77,
01/01/2000,00:00:07.23,-713.38,316.89,539.06,44.43,42.63,-34.43,-12.30,-28.80,-57.00,24.82,90.79,
01/01/2000,00:00:07.24,-721.68,279.30,509.77,36.55,41.71,-23.95,-11.10,-28.20,-56.70,24.72,90.82,
01/01/2000,00:00:07.26,-686.52,83.50,486.33,94.78,44.87,-51.17,-11.85,-28.95,-55.65,24.87,90.77,
01/01/2000,00:00:07.27,-659.18,69.34,526.37,132.95,61.27,-64.40,-11.85,-28.95,-55.65,24.72,90.79,
01/01/2000,00:00:07.28,-592.29,328.61,563.96,182.21,85.32,-78.93,-12.60,-27.90,-57.15,24.72,90.82,
01/01/2000,00:00:07.28,-509.77,200.68,638.18,195.28,114.75,-71.76,-10.65,-27.00,-57.15,24.63,90.83,
01/01/2000,00:00:07.29,-480.96,346.68,738.28,193.21,138.86,-66.44,-10.05,-25.95,-58.65,24.72,90.86,
01/01/2000,00:00:07.30,-442.87,437.50,727.54,204.25,176.14,-76.45,-8.40,-25.35,-58.80,24.72,90.88,
01/01/2000,00:00:07.32,-520.02,241.70,535.64,236.83,233.79,-109.34,-6.90,-26.10,-59.55,24.87,90.85,
01/01/2000,00:00:07.33,-586.91,203.12,377.44,250.13,250.13,-134.62,-6.90,-26.10,-59.55,24.39,90.86,
01/01/2000,00:00:07.34,-703.12,235.84,227.54,250.13,250.13,-141.45,-4.50,-22.95,-61.05,24.82,90.88,
01/01/2000,00:00:07.35,-820.31,331.54,125.49,250.13,250.13,-153.00,-3.45,-21.75,-62.85,24.87,90.91,
01/01/2000,00:00:07.36,-879.39,468.75,54.69,250.13,250.13,-157.40,-2.25,-21.75,-65.40,24.72,90.94,
01/01/2000,00:00:07.37,-917.48,533.20,45.41,250.13,250.13,-162.60,-1.20,-19.50,-66.15,24.48,90.89,
01/01/2000,00:00:07.38,-913.09,477.54,75.20,250.13,250.13,-177.30,2.55,-20.40,-71.40,24.72,90.91,
01/01/2000,00:00:07.39,-868.16,460.94,64.45,250.13,250.13,-196.52,3.60,-20.40,-72.45,24.63,90.94,
01/01/2000,00:00:07.40,-900.39,458.01,-14.16,243.27,250.13,-211.12,4.35,-20.10,-76.50,24.39,90.95,
01/01/2000,00:00:07.41,-962.89,401.86,-116.21,227.77,250.13,-215.54,5.25,-22.20,-78.00,24.68,90.98,
01/01/2000,00:00:07.42,-1021.00,307.62,-258.30,212.33,250.13,-217.63,4.80,-21.45,-78.45,24.82,90.94,
01/01/2000,00:00:07.43,-1085.94,237.30,-353.52,188.84,230.50,-214.77,4.80,-21.45,-78.45,24.48,90.95,
01/01/2000,00:00:07.46,-1091.31,17.58,-512.70,105.34,131.98,-159.44,8.55,-28.65,-85.35,24.87,90.66,
01/01/2000,00:00:07.48,-963.87,-70.31,-457.03,77.56,103.27,-135.85,8.70,-28.80,-88.05,24.91,90.63,
01/01/2000,00:00:07.49,-915.53,-82.03,-389.65,72.28,94.35,-131.26,8.70,-28.80,-88.05,24.82,90.64,
01/01/2000,00:00:07.50,-859.86,-94.73,-382.81,65.92,92.11,-124.53,7.65,-31.80,-89.10,24.82,90.61,
01/01/2000,00:00:07.51,-870.12,-125.00,-399.41,59.52,89.80,-124.32,8.40,-34.05,-90.15,24.87,90.63,
01/01/2000,00:00:07.52,-894.04,-129.88,-444.82,50.82,82.45,-119.33,9.00,-34.05,-92.40,24.82,90.64,
01/01/2000,00:00:07.53,-894.04,-184.57,-462.40,39.16,73.29,-111.44,9.30,-33.90,-93.30,24.72,90.67,
01/01/2000,00:00:07.54,-820.31,-284.67,-440.92,27.18,65.59,-98.05,9.30,-33.90,-93.30,24.39,90.70,
01/01/2000,00:00:07.55,-799.32,-274.41,-445.31,4.81,62.91,-75.83,9.30,-37.35,-94.35,24.82,90.66,
01/01/2000,00:00:07.56,-789.55,-288.57,-474.12,-3.05,57.88,-66.27,7.35,-37.35,-93.60,24.63,90.67,
01/01/2000,00:00:07.57,-748.05,-311.52,-468.75,-7.89,52.53,-55.18,8.40,-37.50,-94.50,24.39,90.70,
01/01/2000,00:00:07.58,-719.24,-328.12,-475.59,-4.56,52.59,-57.05,8.70,-38.25,-94.80,24.82,90.72,
01/01/2000,00:00:07.59,-710.94,-318.85,-512.21,5.24,58.38,-57.81,7.95,-38.70,-95.25,24.87,90.75,
01/01/2000,00:00:07.60,-740.72,-314.45,-548.83,13.73,63.40,-62.99,7.95,-38.70,-95.25,24.87,90.71,
01/01/2000,00:00:07.61,-743.16,-323.73,-562.50,16.41,64.82,-63.03,7.95,-38.70,-94.80,24.72,90.73,
01/01/2000,00:00:07.62,-762.70,-333.98,-584.47,17.75,61.60,-61.54,8.55,-40.35,-97.20,24.87,90.75,
01/01/2000,00:00:07.63,-777.34,-319.82,-612.79,12.91,59.25,-52.82,7.80,-40.05,-98.70,24.72,90.78,
01/01/2000,00:00:07.64,-780.27,-340.33,-613.28,7.07,54.31,-49.79,8.70,-39.75,-97.35,25.06,90.79,
01/01/2000,00:00:07.65,-756.84,-352.05,-618.16,6.65,52.68,-50.49,8.40,-42.00,-98.85,24.72,90.76,
01/01/2000,00:00:07.66,-756.35,-332.52,-629.39,6.62,49.29,-44.79,6.90,-41.25,-99.60,24.72,90.78,
01/01/2000,00:00:07.67,-755.37,-348.63,-636.72,10.89,48.48,-46.88,7.35,-42.30,-99.30,24.87,90.79,
01/01/2000,00:00:07.68,-714.84,-337.89,-622.56,17.21,53.02,-53.53,7.05,-42.60,-101.10,24.63,90.82,
01/01/2000,00:00:07.69,-687.50,-319.82,-589.36,24.59,58.94,-59.80,7.20,-43.95,-100.20,24.53,90.84,
01/01/2000,00:00:07.70,-656.74,-325.20,-567.38,28.34,65.98,-66.45,7.20,-43.95,-100.20,24.82,90.87,
01/01/2000,00:00:07.72,-652.83,-298.34,-590.33,38.33,77.49,-83.05,6.45,-43.95,-99.90,24.91,90.82,
01/01/2000,00:00:07.73,-273.93,-426.76,-378.42,50.35,48.98,-119.40,6.90,-43.95,-100.65,24.63,90.85,
01/01/2000,00:00:07.74,-622.56,-479.00,-653.32,46.50,79.13,-79.90,5.25,-44.10,-101.85,24.91,90.87,
01/01/2000,00:00:07.74,-535.64,-540.53,-753.42,52.55,81.98,-82.19,5.40,-45.45,-102.45,24.82,90.89,
01/01/2000,00:00:07.75,-573.73,-615.72,-753.91,67.76,83.58,-89.18,5.40,-45.45,-102.45,24.34,90.91,
01/01/2000,00:00:07.77,-544.92,-475.59,-698.24,82.07,104.76,-90.56,5.40,-45.45,-102.45,25.01,90.88,
01/01/2000,00:00:07.78,-580.08,-392.09,-639.65,82.72,117.98,-101.71,5.10,-48.90,-103.50,24.82,90.89,
01/01/2000,00:00:07.79,-558.11,-374.02,-615.72,76.28,122.76,-100.55,3.60,-50.10,-105.00,24.72,90.91,
01/01/2000,00:00:07.80,-573.73,-391.60,-617.68,67.14,124.64,-95.96,3.45,-50.25,-105.15,24.72,90.94,
01/01/2000,00:00:07.81,-598.14,-379.88,-625.98,61.06,123.11,-94.66,3.15,-50.10,-106.35,24.63,90.95,
01/01/2000,00:00:07.82,-604.00,-401.37,-627.44,37.17,110.73,-86.87,3.15,-50.10,-106.35,24.53,90.92,
01/01/2000,00:00:07.83,-618.16,-431.64,-674.32,29.56,101.74,-79.40,2.55,-53.10,-105.00,24.72,90.94,
01/01/2000,00:00:07.84,-599.12,-483.89,-691.89,19.94,95.36,-75.73,1.80,-53.85,-107.55,24.72,90.95,
01/01/2000,00:00:07.85,-572.27,-494.63,-714.84,11.35,81.29,-65.35,0.15,-54.75,-109.05,24.68,90.98,
01/01/2000,00:00:07.86,-561.04,-557.13,-730.47,9.57,75.48,-59.95,0.60,-54.60,-108.90,24.39,91.01,
01/01/2000,00:00:07.87,-460.45,-596.19,-666.50,8.41,67.04,-57.21,0.00,-55.05,-109.35,25.01,90.96,
01/01/2000,00:00:07.88,-405.27,-563.96,-642.09,8.59,64.75,-53.78,0.45,-54.75,-109.80,24.72,90.98,
01/01/2000,00:00:07.89,-406.74,-550.78,-648.44,5.16,66.85,-55.36,-1.35,-55.35,-110.40,24.53,91.01,
01/01/2000,00:00:07.90,-421.39,-558.59,-660.64,-0.05,65.03,-55.79,-0.90,-55.95,-109.05,24.72,91.02,
01/01/2000,00:00:07.91,-395.51,-555.66,-686.52,-6.34,56.11,-49.97,-0.90,-57.45,-110.85,24.82,91.05,
01/01/2000,00:00:07.92,-438.96,-580.57,-749.51,-18.84,59.63,-41.90,-0.90,-57.45,-110.85,24.87,91.01,
01/01/2000,00:00:07.93,-451.66,-632.32,-844.73,-18.99,52.14,-35.49,-3.00,-57.90,-112.05,24.91,91.02,
01/01/2000,00:00:07.96,-375.49,-659.67,-777.83,-6.23,36.08,-33.11,-3.60,-58.05,-112.20,24.82,90.74,
01/01/2000,00:00:07.98,-363.77,-639.16,-756.84,1.97,37.80,-40.36,-3.75,-57.90,-113.10,24.87,90.72,
01/01/2000,00:00:07.99,-346.19,-608.89,-729.98,2.99,35.43,-40.64,-4.20,-58.20,-114.15,24.72,90.74,
01/01/2000,00:00:08.00,-346.19,-536.13,-702.64,-5.44,35.36,-38.94,-4.50,-57.45,-113.85,24.72,90.70,
01/01/2000,00:00:08.01,-310.55,-544.92,-722.66,-13.38,34.34,-31.27,-4.35,-58.05,-114.75,24.87,90.72,
01/01/2000,00:00:08.02,-358.40,-561.52,-749.51,-20.08,26.37,-28.31,-6.00,-58.20,-114.15,24.87,90.75,
01/01/2000,00:00:08.03,-361.33,-564.45,-791.50,-32.52,24.09,-21.08,-6.00,-58.20,-114.15,24.91,90.76,
01/01/2000,00:00:08.04,-401.37,-625.00,-872.07,-43.11,21.12,-4.61,-4.20,-59.70,-115.65,24.87,90.79,
01/01/2000,00:00:08.05,-333.01,-663.57,-845.21,-37.47,19.06,2.61,-5.40,-59.85,-114.30,24.72,90.75,
01/01/2000,00:00:08.06,-549.32,-758.30,-1023.44,-32.73,15.49,14.89,-6.90,-59.85,-115.50,24.39,90.76,
01/01/2000,00:00:08.07,-285.64,-576.17,-811.52,-33.27,4.31,-6.85,-6.30,-57.45,-115.65,24.87,90.79,
01/01/2000,00:00:08.08,-254.88,-615.72,-764.16,-5.50,7.40,5.23,-4.65,-58.05,-115.80,24.91,90.80,
01/01/2000,00:00:08.09,-335.45,-539.55,-769.53,-10.17,22.26,-2.88,-4.65,-58.05,-115.80,24.68,90.83,
01/01/2000,00:00:08.11,-293.95,-538.09,-785.64,-8.37,15.73,-9.98,-6.45,-59.55,-116.55,24.63,90.79,
01/01/2000,00:00:08.11,-285.64,-561.04,-777.34,-11.05,13.37,-11.55,-6.45,-59.55,-116.10,24.53,90.81,
01/01/2000,00:00:08.12,-280.76,-546.39,-763.67,-14.34,12.00,-10.85,-7.05,-58.95,-117.00,24.82,90.83,
01/01/2000,00:00:08.13,-275.39,-535.16,-769.04,-14.35,11.58,-7.98,-6.15,-57.60,-116.55,24.91,90.86,
01/01/2000,00:00:08.14,-286.13,-554.20,-790.53,-12.79,10.83,-9.07,-7.05,-58.65,-116.40,24.72,90.87,
01/01/2000,00:00:08.16,-290.04,-599.12,-817.38,-12.71,8.18,-6.11,-7.80,-58.95,-116.40,24.87,90.84,
01/01/2000,00:00:08.17,-285.64,-579.10,-807.13,-8.45,6.09,-5.77,-5.40,-58.80,-117.90,24.72,90.86,
01/01/2000,00:00:08.18,-145.02,-589.84,-714.36,-3.85,-0.09,-1.81,-5.85,-58.35,-116.55,24.63,90.87,
01/01/2000,00:00:08.19,539.55,-368.16,-217.77,-2.49,-1.89,-3.82,-6.15,-58.80,-117.60,25.01,90.90,
01/01/2000,00:00:08.20,-199.22,-473.63,-842.29,5.73,-21.56,-7.34,-6.15,-58.80,-117.60,24.87,90.91,
01/01/2000,00:00:08.21,-250.98,-532.71,-742.68,11.56,2.57,-24.36,-6.45,-59.55,-116.85,24.72,90.88,
01/01/2000,00:00:08.22,-300.78,-563.96,-832.03,3.72,3.47,-13.60,-6.90,-59.10,-117.90,25.01,90.90,
01/01/2000,00:00:08.23,-298.83,-604.98,-824.71,1.08,1.18,-10.23,-6.90,-59.85,-117.60,24.82,90.92,
01/01/2000,00:00:08.24,-304.20,-642.09,-835.94,1.53,-6.27,-5.98,-6.30,-59.70,-117.00,24.87,90.94,
01/01/2000,00:00:08.25,-296.39,-623.05,-809.57,4.15,-6.27,-12.50,-6.00,-59.40,-117.75,24.53,90.96,
01/01/2000,00:00:08.26,-275.39,-540.53,-763.18,3.45,-10.44,-6.79,-6.00,-59.40,-117.75,24.72,90.92,
01/01/2000,00:00:08.27,-269.04,-552.25,-743.16,2.49,-15.42,-11.66,-7.80,-58.95,-115.20,24.72,90.94,
01/01/2000,00:00:08.28,-273.93,-556.15,-766.11,1.37,-19.82,-8.84,-6.30,-58.95,-117.75,24.53,90.96,
01/01/2000,00:00:08.29,-270.02,-559.57,-766.60,7.60,-16.98,-8.41,-5.85,-61.05,-117.30,24.72,90.97,
01/01/2000,00:00:08.30,-243.16,-579.59,-760.25,14.90,-16.99,-17.19,-6.90,-59.10,-117.30,24.82,91.00,
01/01/2000,00:00:08.31,-268.55,-606.93,-753.91,27.57,-9.89,-30.50,-6.90,-59.10,-117.30,24.63,91.03,
01/01/2000,00:00:08.32,-266.60,-588.87,-777.83,34.34,-2.34,-46.84,-6.45,-59.85,-114.75,24.39,90.99,
01/01/2000,00:00:08.33,-300.29,-625.00,-820.31,38.93,-2.77,-50.82,-7.80,-61.65,-116.40,24.87,91.00,
01/01/2000,00:00:08.34,-320.80,-665.53,-864.75,45.44,-2.53,-53.95,-7.35,-61.20,-116.70,25.01,91.03,
01/01/2000,00:00:08.35,-319.34,-653.32,-883.79,54.66,-9.05,-58.50,-8.40,-60.75,-116.55,24.72,91.04,
01/01/2000,00:00:08.36,-295.90,-650.39,-854.00,56.81,-3.31,-60.03,-8.40,-60.75,-116.55,24.82,91.07,
01/01/2000,00:00:08.37,-20.02,-676.27,-784.18,52.27,-12.24,-56.46,-8.70,-60.30,-115.50,24.72,91.03,
01/01/2000,00:00:08.38,-210.45,-689.45,-710.45,55.93,-8.60,-51.69,-7.95,-63.75,-115.05,24.39,91.04,
01/01/2000,00:00:08.39,-206.54,-602.05,-678.71,41.61,-11.05,-43.14,-9.30,-63.15,-113.85,24.72,91.06,
01/01/2000,00:00:08.40,-312.50,-582.03,-736.33,46.89,-14.85,-38.85,-8.55,-62.70,-113.85,24.82,91.08,
01/01/2000,00:00:08.41,-250.49,-650.88,-733.89,62.34,-6.11,-57.97,-8.55,-62.70,-113.85,24.91,91.10,
01/01/2000,00:00:08.43,-208.98,-642.09,-679.20,58.21,-4.50,-67.02,-8.55,-62.70,-113.85,24.53,91.06,
01/01/2000,00:00:08.44,-156.74,-683.11,-692.87,68.58,-13.28,-75.89,-9.60,-63.90,-113.40,24.91,91.09,
