rtcDate,rtcTime,aX,aY,aZ,gX,gY,gZ,mX,mY,mZ,imu_degC,output_Hz,
01/01/2000,00:00:01.47,196.78,743.16,-648.44,13.14,-8.68,-0.99,-53.10,-7.65,-109.05,21.75,333.33,
01/01/2000,00:00:01.52,180.18,687.01,-660.64,10.18,-7.78,3.12,-53.10,-8.40,-108.75,22.09,36.36,
01/01/2000,00:00:01.54,183.11,714.84,-655.76,3.90,-5.27,2.96,-52.35,-8.85,-110.25,21.90,43.48,
01/01/2000,00:00:01.55,198.24,719.24,-669.43,7.60,-5.41,4.97,-54.00,-8.70,-110.40,21.66,51.28,
01/01/2000,00:00:01.56,201.17,722.66,-690.43,12.37,-5.64,4.76,-54.00,-8.70,-110.40,21.90,56.82,
01/01/2000,00:00:01.57,200.68,744.14,-700.68,19.15,-10.05,2.75,-53.85,-8.10,-110.25,21.66,58.25,
01/01/2000,00:00:01.59,186.52,742.19,-681.64,28.69,-12.79,6.37,-52.20,-8.70,-110.70,21.70,61.95,
01/01/2000,00:00:01.59,187.01,727.54,-688.48,32.39,-12.40,4.56,-53.10,-10.80,-110.85,21.99,65.57,
01/01/2000,00:00:01.61,184.08,723.63,-656.74,30.01,-13.40,2.44,-53.10,-10.80,-110.85,21.75,68.70,
01/01/2000,00:00:01.61,183.59,680.18,-689.94,26.81,-11.20,5.06,-53.10,-10.80,-110.85,21.66,70.92,
01/01/2000,00:00:01.63,190.92,655.27,-690.92,18.36,-8.07,6.70,-53.10,-11.55,-110.85,21.90,70.97,
01/01/2000,00:00:01.64,169.43,651.86,-671.88,16.21,-6.22,6.63,-52.20,-9.75,-111.15,21.66,72.73,
01/01/2000,00:00:01.65,172.36,667.97,-687.99,11.05,-2.63,7.09,-52.35,-9.60,-112.65,21.75,74.71,
01/01/2000,00:00:01.66,176.27,650.88,-711.43,5.39,-3.50,7.80,-52.35,-10.35,-111.60,22.04,76.50,
01/01/2000,00:00:01.67,187.01,689.94,-698.24,0.07,-2.09,5.73,-52.35,-10.35,-111.60,21.70,77.72,
01/01/2000,00:00:01.67,180.18,681.64,-698.24,-6.02,-0.34,8.63,-51.30,-10.05,-110.85,21.56,79.21,
01/01/2000,00:00:01.69,186.04,684.08,-708.50,-5.85,-0.50,3.77,-52.35,-9.60,-112.35,21.99,78.70,
01/01/2000,00:00:01.70,190.43,696.29,-689.45,-6.18,-1.27,4.12,-52.65,-10.50,-111.45,21.85,79.65,
01/01/2000,00:00:01.71,187.01,712.40,-670.90,-9.85,-2.80,-1.03,-52.35,-10.35,-111.30,21.75,80.85,
01/01/2000,00:00:01.72,182.13,684.57,-687.50,-6.99,-2.19,1.94,-52.65,-10.95,-109.35,21.99,81.63,
01/01/2000,00:00:01.73,173.34,679.20,-668.95,-9.63,-0.62,2.02,-52.65,-10.95,-109.35,21.70,82.68,
01/01/2000,00:00:01.74,181.15,685.55,-664.06,-8.49,-1.66,0.98,-52.65,-11.25,-110.40,22.04,82.09,
01/01/2000,00:00:01.76,171.88,696.29,-663.57,-7.46,1.05,2.75,-52.95,-10.50,-111.75,22.04,82.73,
01/01/2000,00:00:01.76,172.85,704.59,-662.60,-11.40,2.05,4.53,-52.95,-9.75,-111.75,21.70,83.62,
01/01/2000,00:00:01.78,186.04,709.96,-677.73,-9.79,0.64,2.91,-52.05,-11.10,-112.65,21.70,84.18,
01/01/2000,00:00:01.78,197.27,701.66,-694.34,-8.76,3.71,1.37,-52.05,-11.10,-112.65,21.85,84.97,
01/01/2000,00:00:01.80,189.94,704.59,-660.64,-4.65,2.21,1.88,-53.70,-10.50,-111.45,21.85,84.38,
01/01/2000,00:00:01.81,208.50,696.29,-670.41,-4.50,0.98,1.76,-52.05,-9.60,-111.60,21.90,84.85,
01/01/2000,00:00:01.82,187.01,700.68,-683.59,0.12,2.33,-0.79,-52.65,-9.75,-112.20,21.90,85.55,
01/01/2000,00:00:01.83,189.45,712.40,-674.32,1.09,2.11,-2.90,-52.35,-10.35,-110.55,21.99,85.96,
01/01/2000,00:00:01.84,186.04,709.96,-660.16,-0.33,2.67,-6.11,-51.60,-10.05,-110.85,21.56,86.59,
01/01/2000,00:00:01.86,181.15,683.59,-640.62,-3.98,4.03,-9.52,-51.60,-10.05,-110.85,21.90,86.02,
01/01/2000,00:00:01.86,173.83,691.41,-646.00,-5.24,6.48,-6.90,-52.65,-10.95,-109.95,21.66,86.39,
01/01/2000,00:00:01.88,175.78,687.01,-646.00,-9.31,9.77,-5.73,-53.55,-10.35,-111.30,22.04,86.96,
01/01/2000,00:00:01.88,193.85,676.76,-657.71,-10.02,13.28,-8.50,-53.70,-9.45,-110.40,22.04,87.50,
01/01/2000,00:00:01.90,189.45,694.34,-665.53,-11.65,13.34,-7.60,-52.20,-10.50,-111.15,21.75,87.80,
01/01/2000,00:00:01.90,208.50,701.66,-673.34,-11.39,20.79,-10.33,-52.20,-10.50,-111.15,21.85,88.31,
01/01/2000,00:00:01.92,205.08,734.86,-584.96,-25.14,33.34,-23.16,-52.20,-8.70,-109.65,21.70,87.76,
01/01/2000,00:00:01.93,212.89,753.42,-552.73,-38.87,48.15,-32.61,-53.25,-10.50,-111.15,22.09,88.04,
01/01/2000,00:00:01.94,211.91,752.93,-604.98,-49.44,58.96,-37.59,-52.95,-9.75,-110.70,22.04,88.30,
01/01/2000,00:00:01.95,231.93,746.09,-708.98,-59.35,59.30,-38.34,-51.60,-8.40,-109.50,21.99,88.74,
01/01/2000,00:00:01.96,244.63,744.14,-753.42,-56.55,51.27,-36.48,-51.60,-8.40,-109.50,21.75,89.17,
01/01/2000,00:00:01.97,224.61,747.07,-711.43,-40.75,40.77,-30.74,-51.60,-8.40,-109.50,22.04,88.66,
01/01/2000,00:00:01.98,238.77,742.19,-688.96,-27.71,34.63,-30.41,-52.35,-6.90,-108.75,21.70,88.89,
01/01/2000,00:00:01.99,251.46,765.14,-665.04,-14.69,31.52,-31.85,-53.25,-6.45,-107.85,21.99,89.11,
01/01/2000,00:00:02.01,252.93,747.56,-666.99,-10.91,19.99,-42.32,-54.60,-6.90,-106.20,21.70,85.82,
01/01/2000,00:00:02.02,222.17,756.84,-689.45,4.48,10.47,-40.51,-53.25,-5.25,-106.35,21.90,85.61,
01/01/2000,00:00:02.04,269.04,717.77,-697.27,20.22,-3.63,-44.34,-53.85,-5.85,-105.15,22.09,85.26,
01/01/2000,00:00:02.05,293.95,721.68,-750.98,35.27,-5.30,-45.12,-53.10,-4.65,-106.20,21.99,85.51,
01/01/2000,00:00:02.06,246.09,723.14,-757.81,31.31,-11.21,-50.55,-52.05,-5.40,-106.20,21.85,85.91,
01/01/2000,00:00:02.07,266.60,648.44,-776.86,41.95,-24.24,-55.21,-52.05,-5.40,-106.20,21.90,86.15,
01/01/2000,00:00:02.08,242.19,651.37,-828.12,49.86,-20.05,-51.85,-51.60,-6.15,-108.00,21.99,86.52,
01/01/2000,00:00:02.09,265.62,416.02,-824.71,75.15,-24.89,-60.20,-51.00,-5.40,-107.25,21.99,86.18,
01/01/2000,00:00:02.10,155.76,539.55,-833.01,103.73,-21.25,-26.42,-52.80,-5.10,-108.45,21.70,86.40,
01/01/2000,00:00:02.11,149.41,599.61,-909.67,88.37,-27.04,-47.95,-50.55,-4.35,-108.75,22.09,86.75,
01/01/2000,00:00:02.12,172.85,602.05,-907.71,114.62,-24.31,-42.92,-50.40,-5.55,-108.90,22.09,86.96,
01/01/2000,00:00:02.13,162.60,633.79,-825.20,98.89,-28.10,-26.90,-50.40,-5.55,-108.90,22.04,87.29,
01/01/2000,00:00:02.14,124.51,600.59,-819.34,62.84,-21.64,-11.50,-49.65,-5.55,-111.45,22.09,86.96,
01/01/2000,00:00:02.15,130.37,513.18,-816.41,58.07,-27.84,-15.44,-49.95,-7.20,-111.15,21.90,87.15,
01/01/2000,00:00:02.16,147.46,518.55,-881.35,57.34,-27.63,-13.40,-50.40,-7.20,-110.70,22.09,87.34,
01/01/2000,00:00:02.17,158.20,559.57,-1003.42,77.03,-42.33,-8.49,-49.65,-7.20,-111.75,22.04,87.64,
01/01/2000,00:00:02.18,169.43,551.27,-998.54,92.39,-55.92,-0.65,-49.80,-6.60,-111.60,22.04,87.94,
01/01/2000,00:00:02.19,193.85,451.17,-747.56,115.06,-48.23,-32.80,-49.50,-8.85,-113.10,21.99,87.62,
01/01/2000,00:00:02.20,99.61,577.64,-738.28,109.97,-39.61,-51.54,-48.75,-6.60,-113.85,21.90,87.79,
01/01/2000,00:00:02.21,-7.32,623.54,-684.08,88.28,-22.78,-42.05,-48.15,-9.00,-114.75,21.56,87.96,
01/01/2000,00:00:02.22,-35.16,602.54,-702.15,84.10,-17.75,-27.73,-48.15,-7.50,-115.05,21.99,88.24,
01/01/2000,00:00:02.23,-36.13,412.11,-871.58,69.58,-22.61,-18.51,-48.15,-7.50,-115.05,21.90,88.39,
01/01/2000,00:00:02.25,-82.52,361.33,-846.68,70.56,-32.76,6.66,-48.15,-7.50,-115.05,22.04,88.20,
01/01/2000,00:00:02.26,-63.96,420.41,-847.66,74.09,-36.84,27.47,-47.25,-9.60,-116.70,22.04,88.35,
01/01/2000,00:00:02.27,-44.43,420.90,-855.96,52.44,-41.07,29.61,-48.30,-11.85,-117.75,21.70,88.50,
01/01/2000,00:00:02.28,-91.80,469.24,-958.98,59.15,-55.43,43.91,-47.40,-12.15,-116.85,22.09,88.75,
01/01/2000,00:00:02.28,-62.99,351.07,-959.47,79.85,-67.01,74.15,-47.40,-10.95,-118.65,22.04,88.89,
01/01/2000,00:00:02.30,51.76,394.04,-1050.29,121.62,-99.41,87.91,-47.40,-10.95,-118.65,22.04,88.59,
01/01/2000,00:00:02.31,-33.69,393.55,-1007.81,154.72,-107.92,96.44,-47.40,-12.90,-118.65,22.04,88.84,
01/01/2000,00:00:02.32,-185.55,325.68,-1083.98,172.00,-135.55,131.77,-46.50,-13.80,-120.00,21.90,88.97,
01/01/2000,00:00:02.33,-145.02,325.20,-950.20,175.92,-157.19,184.55,-45.45,-15.75,-120.30,22.09,89.20,
01/01/2000,00:00:02.34,-164.06,265.62,-854.00,164.47,-157.14,221.20,-44.85,-16.95,-121.50,21.85,89.33,
01/01/2000,00:00:02.35,-104.98,303.22,-839.36,112.31,-165.16,226.69,-46.35,-18.90,-122.70,21.85,89.04,
01/01/2000,00:00:02.36,-62.99,397.46,-881.35,84.50,-164.93,225.81,-42.90,-22.95,-123.60,21.99,89.16,
01/01/2000,00:00:02.37,-46.39,480.96,-862.30,49.57,-159.22,216.29,-43.20,-24.00,-126.45,21.99,89.39,
01/01/2000,00:00:02.38,13.67,429.69,-875.98,3.40,-152.00,200.97,-43.05,-24.30,-125.55,21.75,89.50,
01/01/2000,00:00:02.39,82.03,299.80,-1197.75,43.34,-157.13,193.28,-42.45,-25.95,-126.75,22.04,89.72,
01/01/2000,00:00:02.40,-84.47,372.56,-1112.79,83.85,-187.55,217.89,-42.15,-27.90,-126.00,22.04,89.44,
01/01/2000,00:00:02.41,-73.24,382.81,-869.14,106.66,-195.55,214.74,-42.15,-27.90,-126.00,22.04,89.55,
01/01/2000,00:00:02.42,-82.03,562.50,-694.82,131.05,-187.50,199.16,-39.30,-27.00,-128.25,22.09,89.76,
01/01/2000,00:00:02.43,-26.86,486.33,-728.52,115.29,-172.16,190.78,-38.55,-29.40,-129.75,21.90,89.86,
01/01/2000,00:00:02.44,-119.14,517.58,-851.56,68.09,-161.79,139.92,-36.30,-31.65,-129.75,21.85,90.06,
01/01/2000,00:00:02.46,-15.14,424.32,-822.27,-4.26,-87.58,107.01,-36.30,-32.70,-129.75,21.90,89.80,
01/01/2000,00:00:02.47,-60.55,506.35,-749.51,-46.69,-59.35,87.80,-36.00,-33.15,-128.55,22.04,89.90,
01/01/2000,00:00:02.48,-79.59,435.06,-788.09,-90.42,-47.34,71.28,-36.00,-33.15,-128.55,21.90,90.00,
01/01/2000,00:00:02.48,-146.48,428.22,-900.39,-125.08,-44.65,67.82,-35.10,-34.05,-129.45,21.99,90.19,
01/01/2000,00:00:02.52,-183.59,377.44,-712.89,-33.06,-3.08,57.51,-34.65,-30.75,-128.85,21.90,88.38,
01/01/2000,00:00:02.54,-121.58,502.93,-604.00,-43.45,5.77,65.62,-33.45,-29.70,-127.50,22.09,87.49,
01/01/2000,00:00:02.55,-86.43,593.26,-623.05,-44.11,14.03,61.74,-34.35,-28.35,-130.20,21.90,87.60,
01/01/2000,00:00:02.56,-74.22,553.22,-665.53,-43.40,15.70,61.89,-34.35,-29.55,-129.90,21.90,87.72,
01/01/2000,00:00:02.57,-12.70,606.93,-717.77,-39.89,22.60,54.69,-35.10,-27.60,-129.90,22.04,87.91,
01/01/2000,00:00:02.58,26.37,573.24,-1276.86,-17.53,-0.80,56.44,-35.10,-27.60,-129.90,21.90,88.10,
01/01/2000,00:00:02.59,18.07,677.25,-1330.08,35.98,-38.62,61.87,-34.35,-29.10,-128.85,22.04,88.21,
01/01/2000,00:00:02.60,-34.18,939.94,-119.63,5.52,-174.40,41.84,-35.40,-31.50,-126.60,22.18,87.77,
01/01/2000,00:00:02.61,-105.96,759.77,-917.97,49.02,-188.40,31.28,-34.65,-31.80,-129.90,22.04,87.87,
01/01/2000,00:00:02.62,-245.61,-51.27,-1010.25,149.56,-149.37,32.28,-34.65,-31.80,-129.90,22.04,87.98,
01/01/2000,00:00:02.63,-315.43,417.97,-1089.36,83.32,-121.64,39.83,-32.40,-31.05,-129.90,21.99,88.16,
01/01/2000,00:00:02.64,-267.58,344.24,-804.20,56.16,-89.84,41.99,-32.40,-31.05,-129.90,22.09,88.34,
01/01/2000,00:00:02.66,-414.06,132.32,-850.10,120.42,-131.11,41.08,-30.45,-34.65,-129.00,21.99,88.14,
01/01/2000,00:00:02.67,-476.07,160.16,-737.79,144.14,-108.40,80.45,-29.25,-33.75,-129.90,22.04,88.24,
01/01/2000,00:00:02.68,-428.71,146.00,-772.46,114.80,-75.55,75.60,-27.90,-35.85,-130.80,22.04,88.33,
01/01/2000,00:00:02.69,-334.47,952.15,-730.47,110.21,-104.14,83.66,-27.15,-35.40,-131.55,21.85,88.50,
01/01/2000,00:00:02.69,39.06,475.59,-1296.88,32.15,-145.19,81.59,-27.15,-35.40,-131.55,22.23,88.60,
01/01/2000,00:00:02.71,-347.17,373.54,-823.24,46.94,-61.92,55.20,-25.65,-38.10,-129.75,22.04,88.40,
01/01/2000,00:00:02.72,-252.93,450.68,-945.80,59.09,-79.97,57.45,-25.95,-36.75,-129.45,22.09,88.57,
01/01/2000,00:00:02.73,-198.73,591.31,-999.02,23.49,-89.71,52.75,-24.75,-37.50,-130.95,21.99,88.66,
01/01/2000,00:00:02.74,-189.94,609.86,-827.64,-17.45,-92.76,50.66,-23.85,-37.35,-131.10,22.37,88.82,
01/01/2000,00:00:02.75,-240.23,456.54,-719.24,4.81,-89.40,38.85,-23.55,-38.40,-129.75,22.04,88.91,
01/01/2000,00:00:02.76,-366.21,481.45,-788.57,18.85,-93.70,24.98,-23.55,-38.40,-129.75,21.99,88.72,
01/01/2000,00:00:02.77,-574.71,96.68,-963.87,19.85,-109.34,34.67,-21.30,-37.65,-129.30,22.04,88.87,
01/01/2000,00:00:02.78,-475.10,627.93,-831.54,-28.51,-134.74,53.19,-22.80,-38.40,-130.05,22.09,88.96,
01/01/2000,00:00:02.79,-424.80,574.22,-663.57,-21.99,-158.27,56.99,-20.55,-38.40,-129.00,21.75,89.11,
01/01/2000,00:00:02.80,-539.55,615.72,-1010.25,-103.48,-183.05,76.05,-18.60,-38.25,-129.90,22.09,89.19,
01/01/2000,00:00:02.81,-604.49,430.18,-748.05,-185.84,-210.97,86.66,-18.60,-38.25,-129.90,22.09,89.01,
01/01/2000,00:00:02.82,161.13,1210.94,-1371.58,-219.51,-164.30,-112.67,-16.05,-35.55,-128.85,22.09,89.09,
01/01/2000,00:00:02.83,83.01,1184.08,-533.20,-250.14,-136.47,-20.50,-15.15,-33.60,-128.55,21.90,89.23,
01/01/2000,00:00:02.84,-222.66,213.38,513.67,-211.71,-204.69,-45.62,-14.55,-29.85,-128.85,22.09,89.38,
01/01/2000,00:00:02.85,-484.38,164.06,-648.44,11.73,-123.96,-57.24,-11.40,-30.45,-127.95,22.18,89.45,
01/01/2000,00:00:02.87,-838.87,614.75,-1129.39,149.81,-137.96,34.02,-11.40,-30.45,-127.95,22.09,89.27,
01/01/2000,00:00:02.88,-601.56,218.26,-1180.66,73.04,-82.01,45.66,-10.50,-31.80,-126.60,22.04,89.35,
01/01/2000,00:00:02.88,-928.22,-46.88,-1306.64,27.90,-72.89,2.95,-9.30,-31.20,-127.20,21.99,89.49,
01/01/2000,00:00:02.89,-1105.96,67.87,-1388.18,17.10,-42.77,14.77,-9.60,-31.65,-126.45,22.28,89.56,
01/01/2000,00:00:02.90,-1025.39,-630.86,-1500.49,24.19,-40.15,-26.46,-9.30,-31.65,-126.00,21.99,89.70,
01/01/2000,00:00:02.92,-250.00,100.10,-1102.05,40.90,-23.11,-206.05,-8.85,-33.60,-125.40,22.18,89.52,
01/01/2000,00:00:02.93,335.45,1999.94,-1537.60,90.23,-104.66,-216.08,-8.85,-33.60,-125.40,22.28,89.59,
01/01/2000,00:00:02.94,-16.60,168.95,-794.43,39.93,-172.93,-105.79,-7.20,-34.50,-125.10,22.04,89.73,
01/01/2000,00:00:02.95,-479.00,543.46,-912.60,24.20,-209.50,-63.48,-5.85,-33.00,-125.10,22.09,89.80,
01/01/2000,00:00:02.96,-267.09,583.01,-799.80,-6.49,-245.63,-13.79,-5.85,-34.80,-123.30,22.18,89.93,
01/01/2000,00:00:02.97,-892.58,979.49,-420.41,-3.18,-250.14,100.23,-2.70,-36.15,-121.35,21.85,89.75,
01/01/2000,00:00:02.98,-1182.13,1476.07,-221.68,27.25,-250.14,217.49,-2.70,-36.15,-121.35,22.18,89.82,
01/01/2000,00:00:02.99,-1327.15,1511.72,7.32,18.82,-250.14,250.13,0.90,-34.65,-120.60,21.90,89.95,
01/01/2000,00:00:03.02,-859.86,1509.77,320.80,65.26,-250.14,250.13,3.75,-30.45,-115.20,22.04,88.73,
01/01/2000,00:00:03.03,-749.02,1511.23,489.26,115.15,-250.14,250.13,6.00,-30.45,-114.90,21.99,88.63,
01/01/2000,00:00:03.05,-735.35,1245.61,181.15,158.55,-250.14,250.13,7.20,-28.05,-109.65,22.28,88.48,
01/01/2000,00:00:03.06,-708.01,1272.95,244.14,167.82,-250.14,250.13,7.80,-24.45,-108.45,21.70,88.55,
01/01/2000,00:00:03.07,-657.71,1262.21,149.90,182.32,-250.14,250.13,8.55,-24.45,-106.20,22.23,88.68,
01/01/2000,00:00:03.08,-650.39,1326.66,150.39,178.81,-250.14,250.13,9.60,-22.95,-105.15,22.23,88.75,
01/01/2000,00:00:03.09,-671.88,1271.97,106.45,169.30,-250.14,250.13,9.60,-22.95,-105.15,22.28,88.88,
01/01/2000,00:00:03.10,-686.52,1120.12,63.48,170.19,-250.14,250.13,9.60,-22.95,-105.15,22.28,88.72,
01/01/2000,00:00:03.11,-724.12,1008.30,-4.39,169.43,-250.14,250.13,10.05,-15.30,-97.50,22.23,88.79,
01/01/2000,00:00:03.12,-617.19,953.12,56.15,156.87,-250.14,250.13,9.00,-12.90,-96.30,22.23,88.92,
01/01/2000,00:00:03.13,-466.80,944.82,-228.52,149.86,-250.14,243.34,8.85,-11.55,-95.70,22.18,88.98,
01/01/2000,00:00:03.14,-506.84,839.36,-285.64,140.93,-250.14,250.13,8.70,-9.75,-94.20,22.09,89.10,
01/01/2000,00:00:03.15,-639.65,759.77,-76.17,142.94,-244.60,250.13,8.70,-9.75,-94.20,22.09,88.96,
01/01/2000,00:00:03.16,-761.23,722.17,-183.59,109.56,-250.14,250.13,6.30,-8.85,-91.05,21.75,89.02,
01/01/2000,00:00:03.17,-710.94,626.46,-265.14,94.26,-250.14,250.13,6.00,-6.15,-90.75,22.23,89.14,
01/01/2000,00:00:03.18,-587.89,678.22,-141.60,84.44,-233.30,250.13,5.55,-2.40,-89.55,22.18,89.20,
01/01/2000,00:00:03.19,-628.42,740.72,-98.63,75.90,-204.37,208.52,2.55,-1.80,-89.10,22.09,89.32,
01/01/2000,00:00:03.20,-691.41,700.68,-53.22,72.90,-151.01,132.59,3.15,-0.75,-89.10,22.23,89.17,
01/01/2000,00:00:03.21,-614.26,641.11,-40.53,70.90,-124.82,83.45,0.90,0.45,-87.75,21.85,89.23,
01/01/2000,00:00:03.22,-519.04,691.89,-46.88,65.69,-118.22,73.74,0.30,0.75,-86.85,22.23,89.35,
01/01/2000,00:00:03.23,-497.56,722.66,-26.37,60.18,-118.68,96.81,-0.60,1.80,-87.60,22.18,89.41,
01/01/2000,00:00:03.24,-508.79,733.40,-33.20,50.76,-125.89,119.17,-0.60,1.80,-86.85,22.04,89.52,
01/01/2000,00:00:03.26,-583.01,632.81,-0.98,44.53,-121.30,119.32,-1.05,2.25,-85.50,22.04,89.38,
01/01/2000,00:00:03.27,-564.45,747.07,45.41,44.21,-117.79,107.51,-1.05,2.25,-85.50,22.23,89.44,
01/01/2000,00:00:03.28,-567.38,820.31,83.01,48.50,-109.85,104.83,-1.80,2.55,-85.80,21.99,89.54,
01/01/2000,00:00:03.29,-468.75,755.37,47.85,50.44,-101.13,104.15,-2.10,4.05,-85.80,22.09,89.60,
01/01/2000,00:00:03.29,-391.11,708.98,2.44,61.11,-93.38,89.55,-3.00,5.10,-85.65,22.28,89.71,
01/01/2000,00:00:03.31,-103.52,787.11,-27.34,66.18,-94.28,89.69,-4.80,3.60,-85.35,21.90,89.57,
01/01/2000,00:00:03.32,5.37,691.41,-97.17,58.85,-101.69,115.40,-4.50,4.35,-85.65,22.23,89.63,
01/01/2000,00:00:03.33,14.65,592.29,-125.49,40.97,-106.04,125.80,-4.50,4.35,-85.65,22.04,89.73,
01/01/2000,00:00:03.34,-44.92,597.17,-39.06,34.23,-107.31,122.68,-3.90,6.00,-85.05,22.09,89.78,
01/01/2000,00:00:03.35,-79.10,507.32,-3.91,42.63,-107.24,109.41,-6.45,7.50,-86.55,22.18,89.89,
01/01/2000,00:00:03.36,-82.52,441.41,-39.06,51.34,-106.37,81.22,-6.30,6.60,-86.40,22.23,89.94,
01/01/2000,00:00:03.37,28.81,416.50,-152.34,46.25,-92.47,27.38,-7.80,6.60,-84.90,22.23,89.80,
01/01/2000,00:00:03.38,15.14,514.65,-137.70,24.50,-84.34,4.44,-7.80,6.60,-84.90,22.09,89.86,
01/01/2000,00:00:03.39,62.99,668.95,8.30,4.70,-80.11,3.76,-7.80,6.60,-84.90,22.09,89.96,
01/01/2000,00:00:03.40,-30.76,738.28,57.13,-4.71,-84.77,20.48,-7.80,8.10,-85.35,22.04,90.06,
01/01/2000,00:00:03.41,-170.90,740.72,54.20,-14.89,-84.92,42.27,-7.80,6.60,-84.60,21.99,90.11,
01/01/2000,00:00:03.42,-157.23,774.41,29.79,-29.63,-69.46,28.21,-9.45,7.50,-84.75,22.28,89.97,
01/01/2000,00:00:03.43,-88.38,842.77,58.59,-33.37,-65.85,31.76,-9.45,7.50,-84.75,22.04,90.03,
01/01/2000,00:00:03.44,-127.93,891.11,46.88,-41.84,-66.33,40.67,-7.80,7.65,-83.55,21.85,90.12,
01/01/2000,00:00:03.45,-224.61,898.93,38.09,-47.87,-64.09,39.66,-9.00,6.45,-82.20,22.23,90.22,
01/01/2000,00:00:03.46,-239.26,954.10,77.64,-48.72,-56.15,38.22,-9.45,9.00,-82.65,22.18,90.27,
01/01/2000,00:00:03.47,-181.15,1071.78,129.39,-38.82,-53.31,36.98,-10.20,7.95,-82.65,22.04,90.36,
01/01/2000,00:00:03.48,-181.15,1135.74,104.49,-30.04,-49.27,43.94,-10.20,8.70,-81.45,22.23,90.23,
01/01/2000,00:00:03.49,-216.31,1052.73,66.41,-22.03,-40.37,38.02,-10.20,8.70,-81.45,22.23,90.28,
01/01/2000,00:00:03.53,33.20,921.88,-39.06,-9.67,-22.66,21.91,-11.40,9.30,-79.80,21.99,89.36,
01/01/2000,00:00:03.54,51.27,884.28,-94.73,-14.88,-26.16,37.92,-10.95,8.25,-78.60,22.04,89.28,
01/01/2000,00:00:03.55,24.90,876.95,-88.38,-17.69,-22.35,33.80,-10.95,8.25,-78.60,22.23,89.33,
01/01/2000,00:00:03.56,60.55,881.35,-96.19,-19.00,-24.44,27.77,-12.60,8.40,-78.00,22.18,89.21,
01/01/2000,00:00:03.57,26.37,887.70,-117.19,-19.41,-23.73,22.44,-12.00,9.45,-80.85,22.37,89.30,
01/01/2000,00:00:03.58,-47.36,905.27,-101.56,-19.69,-16.47,15.28,-12.00,10.20,-80.10,21.90,89.35,
01/01/2000,00:00:03.59,-40.53,940.92,-59.08,-16.09,-11.53,3.48,-12.30,8.70,-78.90,22.18,89.45,
01/01/2000,00:00:03.60,38.09,979.49,-85.45,-12.50,-8.34,-3.25,-12.60,10.05,-78.75,22.37,89.50,
01/01/2000,00:00:03.62,47.85,1001.95,-127.44,-9.14,-11.33,5.09,-12.60,8.85,-77.40,22.09,89.25,
01/01/2000,00:00:03.63,32.71,1000.98,-137.21,-12.05,-9.76,13.43,-12.60,10.05,-79.80,22.18,89.30,
01/01/2000,00:00:03.64,48.34,1018.07,-125.49,-7.47,-9.70,15.74,-11.40,8.40,-78.45,22.04,89.39,
01/01/2000,00:00:03.65,48.34,1016.11,-118.16,-6.71,-10.40,22.56,-12.30,9.75,-78.90,21.99,89.48,
01/01/2000,00:00:03.66,46.88,1007.81,-143.07,-4.46,-12.85,32.73,-12.30,9.75,-78.90,22.18,89.53,
01/01/2000,00:00:03.67,18.07,961.43,-177.25,-4.81,-4.79,26.68,-12.30,9.75,-78.90,22.09,89.42,
01/01/2000,00:00:03.68,38.57,985.35,-164.55,-4.44,0.41,9.49,-13.65,8.40,-77.70,22.23,89.50,
01/01/2000,00:00:03.69,91.31,1016.11,-159.18,-3.86,1.58,2.73,-13.05,9.00,-78.90,22.23,89.55,
01/01/2000,00:00:03.70,78.12,1035.16,-137.70,-2.21,2.01,2.65,-13.05,9.45,-78.90,22.28,89.64,
01/01/2000,00:00:03.71,89.36,1148.44,-112.79,2.60,1.88,0.94,-12.30,9.75,-79.65,22.04,89.69,
01/01/2000,00:00:03.72,124.02,1130.86,-130.86,3.93,-1.79,13.08,-12.30,9.75,-79.65,22.18,89.77,
01/01/2000,00:00:03.73,122.56,1051.76,-176.27,7.50,-1.52,1.71,-13.05,9.45,-78.60,22.23,89.66,
01/01/2000,00:00:03.74,123.54,1032.71,-174.80,10.69,-0.11,-4.16,-13.80,8.25,-77.55,22.23,89.70,
01/01/2000,00:00:03.75,118.16,1050.78,-162.11,9.81,-3.09,-5.61,-13.20,8.85,-79.50,22.23,89.79,
01/01/2000,00:00:03.76,70.80,1034.67,-174.32,8.14,-5.15,0.31,-13.20,10.05,-77.70,22.09,89.83,
01/01/2000,00:00:03.77,41.02,1027.34,-181.64,10.74,-1.52,-4.10,-13.20,9.30,-79.20,22.18,89.92,
01/01/2000,00:00:03.78,75.68,1035.16,-177.25,10.79,0.16,-13.24,-13.05,9.00,-78.90,22.23,89.80,
01/01/2000,00:00:03.79,66.89,1081.05,-163.57,9.69,-0.77,-11.65,-13.05,9.75,-78.60,22.09,89.85,
01/01/2000,00:00:03.80,35.16,1074.22,-143.07,11.27,0.11,-1.92,-12.30,9.45,-78.30,21.90,89.93,
01/01/2000,00:00:03.81,-8.30,1060.06,-147.95,13.52,3.50,-0.34,-12.30,9.45,-78.30,22.28,90.01,
01/01/2000,00:00:03.82,-11.23,1043.46,-163.57,13.81,4.23,-3.89,-13.20,10.05,-79.80,22.18,90.06,
01/01/2000,00:00:03.84,82.03,991.70,-195.80,14.21,7.50,-0.86,-13.80,9.45,-80.40,22.04,89.94,
01/01/2000,00:00:03.85,75.20,923.83,-208.98,14.95,6.39,-0.05,-13.65,9.60,-79.50,22.23,90.03,
01/01/2000,00:00:03.85,77.64,892.58,-226.07,11.45,7.88,-4.99,-11.70,9.45,-80.40,22.28,90.07,
01/01/2000,00:00:03.86,108.89,894.53,-210.45,10.35,5.31,-5.93,-13.05,9.75,-80.40,22.28,90.15,
01/01/2000,00:00:03.87,151.37,960.45,-182.62,9.19,2.00,0.62,-13.20,10.35,-80.25,21.90,90.19,
01/01/2000,00:00:03.88,103.52,953.61,-171.39,10.55,-2.05,10.54,-12.75,9.75,-80.10,22.04,90.27,
01/01/2000,00:00:03.90,115.72,949.22,-180.18,9.81,0.27,3.06,-12.75,9.75,-80.10,22.09,90.16,
01/01/2000,00:00:03.91,123.05,929.20,-204.59,8.59,-0.64,-1.40,-13.50,9.75,-79.65,22.09,90.20,
01/01/2000,00:00:03.92,114.75,937.01,-196.78,6.63,-2.62,-1.32,-12.30,8.70,-80.85,22.18,90.27,
01/01/2000,00:00:03.93,96.19,976.56,-179.20,7.80,-2.26,1.73,-11.85,9.60,-82.05,22.37,90.31,
01/01/2000,00:00:03.93,64.94,962.40,-186.04,8.23,-2.63,4.90,-11.40,8.10,-79.20,22.37,90.39,
01/01/2000,00:00:03.95,55.66,905.27,-216.80,7.46,-3.51,4.36,-11.40,8.10,-79.20,22.04,90.28,
01/01/2000,00:00:03.96,84.96,885.25,-226.07,4.47,-1.53,2.40,-11.40,8.10,-79.20,22.18,90.32,
01/01/2000,00:00:03.97,82.52,897.95,-225.59,3.97,-1.22,4.88,-13.20,8.10,-80.55,22.18,90.40,
01/01/2000,00:00:03.98,72.27,914.06,-194.34,1.58,-2.44,12.31,-12.00,9.00,-81.45,21.70,90.47,
01/01/2000,00:00:03.99,50.78,943.36,-169.43,4.82,-1.68,10.85,-13.65,10.05,-79.80,22.42,90.51,
01/01/2000,00:00:04.00,80.08,964.36,-165.53,6.92,0.51,11.12,-13.65,9.60,-80.25,22.28,90.58,
01/01/2000,00:00:04.04,138.67,975.10,-212.40,7.29,-1.91,-8.21,-13.20,8.10,-80.25,22.18,89.52,
01/01/2000,00:00:04.05,122.07,964.84,-236.82,5.05,-0.96,-8.06,-13.20,10.05,-79.80,22.09,89.46,
01/01/2000,00:00:04.06,118.16,968.26,-232.42,5.86,-5.16,-9.18,-13.20,10.05,-79.80,22.28,89.50,
01/01/2000,00:00:04.07,75.20,993.65,-210.45,5.60,-6.26,-5.54,-12.60,8.85,-80.25,22.37,89.58,
01/01/2000,00:00:04.08,57.13,1015.62,-187.99,5.40,-6.49,9.81,-12.90,8.85,-82.05,22.37,89.62,
01/01/2000,00:00:04.09,41.02,986.33,-226.56,5.59,-6.87,12.80,-13.95,8.10,-81.00,22.09,89.55,
01/01/2000,00:00:04.10,18.07,980.96,-228.03,6.37,-0.18,2.16,-13.05,9.00,-80.85,22.28,89.59,
01/01/2000,00:00:04.11,60.06,1041.99,-203.12,8.13,0.40,0.55,-12.60,9.30,-81.30,22.18,89.63,
01/01/2000,00:00:04.12,71.29,1093.26,-172.36,8.40,-3.27,11.11,-12.60,9.30,-81.30,22.09,89.70,
01/01/2000,00:00:04.13,46.39,1085.45,-196.29,13.42,-0.90,15.89,-11.85,9.30,-81.00,22.28,89.74,
01/01/2000,00:00:04.14,40.04,1060.06,-224.61,15.30,-0.59,4.01,-13.20,9.60,-81.30,22.28,89.82,
01/01/2000,00:00:04.15,45.90,1153.81,-164.55,22.20,4.97,-14.28,-13.95,10.35,-82.05,22.37,89.72,
01/01/2000,00:00:04.16,63.96,1163.09,-148.93,24.46,5.63,-8.91,-12.90,8.85,-80.55,22.23,89.76,
01/01/2000,00:00:04.17,4.39,1129.39,-167.48,29.64,7.53,-6.87,-13.20,10.35,-81.30,22.23,89.83,
01/01/2000,00:00:04.18,-17.58,1073.73,-193.85,32.56,12.74,-20.14,-13.20,10.35,-81.30,22.18,89.87,
01/01/2000,00:00:04.19,-34.67,1165.04,-153.81,38.59,21.28,-30.69,-12.75,10.20,-82.20,22.09,89.94,
01/01/2000,00:00:04.21,45.41,1125.00,-121.58,47.51,28.61,-22.71,-12.90,9.30,-82.05,22.04,89.84,
01/01/2000,00:00:04.22,19.53,1071.29,-141.60,54.04,28.90,-20.33,-12.15,8.40,-82.80,22.28,89.88,
01/01/2000,00:00:04.23,38.57,1033.20,-148.44,60.15,37.27,-31.93,-12.75,9.75,-83.70,22.28,89.95,
01/01/2000,00:00:04.24,88.38,1047.36,-125.49,63.16,46.79,-38.88,-12.75,9.75,-83.70,22.28,89.99,
01/01/2000,00:00:04.24,91.80,1015.14,-163.09,72.09,59.92,-45.40,-12.75,9.75,-83.70,22.04,90.05,
01/01/2000,00:00:04.26,94.24,881.35,-230.96,75.15,102.47,-76.90,-12.30,8.70,-85.80,22.23,89.96,
01/01/2000,00:00:04.27,126.95,873.05,-342.29,48.69,135.70,-109.06,-11.10,7.65,-86.70,22.23,90.00,
01/01/2000,00:00:04.28,180.18,849.12,-130.86,52.85,154.29,-101.07,-9.75,7.50,-86.85,22.28,90.06,
01/01/2000,00:00:04.29,196.29,870.12,-72.27,55.29,137.46,-74.27,-9.75,7.50,-86.85,22.28,90.10,
01/01/2000,00:00:04.30,129.39,863.77,-90.82,60.07,139.87,-47.92,-9.75,7.50,-86.85,22.18,90.17,
01/01/2000,00:00:04.31,98.63,828.61,-329.59,73.48,165.88,-29.72,-9.75,7.50,-89.85,22.28,90.23,
01/01/2000,00:00:04.32,-122.56,722.66,-118.65,118.81,218.87,-78.21,-8.40,6.75,-90.90,22.18,90.14,
01/01/2000,00:00:04.33,39.55,788.57,-62.01,146.65,225.44,-94.64,-10.20,9.75,-91.95,22.52,90.18,
01/01/2000,00:00:04.34,93.26,758.79,-109.38,168.56,215.75,-78.98,-7.35,6.15,-93.60,22.28,90.21,
01/01/2000,00:00:04.35,168.95,534.67,-190.92,179.93,188.18,-79.27,-7.35,6.15,-93.60,22.09,90.28,
01/01/2000,00:00:04.36,232.91,418.46,-382.81,179.96,156.58,-115.85,-9.45,4.05,-97.80,22.18,90.34,
01/01/2000,00:00:04.37,216.31,563.48,-584.96,187.02,182.25,-167.87,-7.35,3.90,-99.75,22.09,90.25,
01/01/2000,00:00:04.38,100.10,744.63,-473.14,191.80,212.49,-169.92,-8.10,3.60,-102.30,22.23,90.28,
01/01/2000,00:00:04.39,24.41,794.43,-526.86,215.93,250.13,-164.59,-8.10,3.60,-102.30,22.28,90.32,
01/01/2000,00:00:04.40,31.74,802.73,-549.80,248.38,250.13,-158.75,-6.45,0.75,-104.55,22.28,90.38,
01/01/2000,00:00:04.41,38.09,649.41,-377.44,250.13,250.13,-131.73,-6.45,0.75,-104.55,21.90,90.44,
01/01/2000,00:00:04.42,-89.36,533.20,-513.18,244.28,250.13,-94.81,-9.45,-3.00,-110.70,22.09,90.35,
01/01/2000,00:00:04.43,92.77,332.52,-740.23,250.13,250.13,-132.34,-8.10,-3.60,-113.40,22.23,90.39,
01/01/2000,00:00:04.44,166.02,185.06,-880.86,250.13,250.13,-184.81,-9.45,-7.50,-115.50,22.23,90.42,
01/01/2000,00:00:04.45,65.43,104.00,-853.03,250.13,250.13,-227.95,-9.75,-7.95,-116.55,22.23,90.48,
01/01/2000,00:00:04.46,-13.67,69.82,-835.94,250.13,229.64,-250.14,-9.75,-7.95,-116.55,22.04,90.51,
01/01/2000,00:00:04.48,-120.12,36.13,-934.57,250.13,192.44,-250.14,-12.00,-14.70,-120.15,21.99,90.42,
01/01/2000,00:00:04.49,-158.20,65.43,-934.08,250.13,176.43,-250.14,-11.25,-15.15,-122.70,22.28,90.49,
01/01/2000,00:00:04.50,-212.40,138.18,-924.80,250.13,176.81,-250.14,-12.90,-19.80,-124.65,22.23,90.52,
01/01/2000,00:00:04.51,-262.70,138.67,-885.74,246.63,183.27,-250.14,-12.00,-22.65,-125.10,22.18,90.58,
01/01/2000,00:00:04.51,-305.18,183.59,-873.54,239.18,182.24,-250.14,-12.90,-25.95,-125.70,22.04,90.61,
01/01/2000,00:00:04.56,17.09,-131.84,-895.51,102.66,148.29,-250.14,-17.55,-34.80,-128.85,22.28,89.73,
01/01/2000,00:00:04.57,-101.56,-13.18,-844.73,88.09,136.83,-250.14,-19.80,-38.85,-129.75,22.09,89.67,
01/01/2000,00:00:04.58,-207.03,106.93,-772.95,92.24,109.44,-250.14,-19.80,-38.85,-129.75,22.09,89.71,
01/01/2000,00:00:04.59,-188.96,214.84,-718.75,90.72,67.49,-250.14,-21.15,-41.70,-129.75,22.37,89.77,
01/01/2000,00:00:04.60,-124.51,245.61,-737.30,78.79,31.45,-250.14,-21.15,-41.70,-132.00,22.52,89.80,
01/01/2000,00:00:04.61,-104.98,134.28,-741.70,93.48,-21.92,-250.14,-23.40,-42.45,-129.90,22.42,89.72,
01/01/2000,00:00:04.62,-85.45,244.63,-749.02,113.33,-39.25,-250.14,-23.70,-42.90,-131.25,22.23,89.75,
01/01/2000,00:00:04.63,-59.57,316.41,-643.07,115.06,-56.56,-250.14,-23.70,-42.90,-131.25,22.23,89.81,
01/01/2000,00:00:04.64,-34.18,291.02,-657.23,106.95,-71.53,-250.14,-23.70,-42.90,-131.25,22.18,89.84,
01/01/2000,00:00:04.65,-26.86,277.83,-615.23,91.86,-92.47,-250.14,-25.20,-44.70,-130.20,22.37,89.91,
01/01/2000,00:00:04.67,31.25,222.66,-658.69,62.98,-134.48,-250.14,-25.65,-47.55,-127.20,22.23,89.74,
01/01/2000,00:00:04.68,35.16,252.44,-618.65,37.98,-156.15,-250.14,-24.30,-48.00,-129.75,22.18,89.77,
01/01/2000,00:00:04.69,39.55,330.57,-732.91,15.89,-176.99,-250.14,-24.30,-48.00,-129.75,22.52,89.80,
01/01/2000,00:00:04.70,59.57,290.53,-681.15,-4.73,-176.49,-240.46,-24.30,-48.00,-129.75,22.09,89.86,
01/01/2000,00:00:04.71,-122.07,174.80,-722.66,-5.25,-184.23,-183.34,-23.70,-48.15,-129.90,22.09,89.89,
01/01/2000,00:00:04.72,-526.86,24.41,-837.40,-3.43,-206.26,-179.40,-22.95,-48.90,-127.35,22.28,89.84,
01/01/2000,00:00:04.73,-587.40,-82.52,-875.00,-40.40,-198.18,-184.64,-22.80,-49.05,-128.55,22.37,89.87,
01/01/2000,00:00:04.74,-610.84,-213.38,-996.09,-56.86,-185.14,-174.88,-19.80,-49.05,-129.00,22.18,89.90,
01/01/2000,00:00:04.75,-558.11,-240.23,-879.88,-49.13,-174.95,-196.52,-19.80,-49.05,-129.00,22.37,89.96,
01/01/2000,00:00:04.76,-469.73,-11.23,-770.51,-51.26,-146.17,-206.00,-19.05,-47.55,-129.30,22.28,89.99,
01/01/2000,00:00:04.77,-566.89,78.61,-790.04,-54.26,-134.69,-155.62,-19.05,-49.50,-128.25,22.04,89.91,
01/01/2000,00:00:04.78,-585.94,-25.88,-842.77,-52.48,-136.31,-136.05,-17.70,-49.05,-128.55,22.37,89.97,
01/01/2000,00:00:04.79,-620.12,-5.37,-896.48,-45.48,-135.69,-146.60,-17.55,-47.70,-128.40,22.18,90.00,
01/01/2000,00:00:04.80,-640.14,42.97,-952.64,-40.58,-123.85,-131.63,-16.35,-48.60,-129.15,22.23,90.06,
01/01/2000,00:00:04.81,-704.59,-20.02,-962.40,-44.47,-113.11,-99.77,-16.35,-48.60,-129.15,22.18,90.09,
01/01/2000,00:00:04.83,-824.71,-99.12,-906.25,-40.66,-91.52,-110.74,-16.20,-48.30,-127.50,22.18,90.01,
01/01/2000,00:00:04.83,-808.59,-64.45,-887.21,-24.90,-62.75,-124.40,-13.95,-47.55,-127.20,22.28,90.04,
01/01/2000,00:00:04.84,-670.41,107.91,-813.48,-16.56,-35.87,-125.23,-13.65,-46.80,-127.20,22.28,90.10,
01/01/2000,00:00:04.85,-608.40,196.78,-833.01,-15.63,-23.03,-84.47,-13.95,-46.80,-127.50,22.42,90.15,
01/01/2000,00:00:04.86,-659.67,123.05,-834.47,-14.45,-30.23,-46.60,-13.95,-46.80,-127.50,22.23,90.18,
01/01/2000,00:00:04.88,-597.66,42.97,-961.91,-15.20,-28.95,-30.08,-14.85,-47.70,-125.55,22.28,90.11,
01/01/2000,00:00:04.89,-594.73,99.12,-938.48,-8.53,-32.95,-21.62,-13.65,-47.55,-127.95,22.37,90.14,
01/01/2000,00:00:04.90,-582.52,148.93,-846.68,-5.96,-46.62,4.10,-14.25,-48.15,-127.65,22.28,90.19,
01/01/2000,00:00:04.91,-634.77,175.29,-852.05,-3.98,-76.89,27.72,-14.40,-46.80,-126.45,21.99,90.22,
01/01/2000,00:00:04.91,-673.34,263.67,-925.78,6.60,-103.57,61.93,-14.40,-46.80,-126.45,22.18,90.27,
01/01/2000,00:00:04.93,-744.63,168.46,-836.43,27.60,-154.87,143.30,-14.40,-46.80,-126.45,22.09,90.20,
01/01/2000,00:00:04.94,-834.96,103.03,-899.41,40.40,-180.96,184.92,-10.95,-47.70,-126.30,22.37,90.23,
01/01/2000,00:00:04.95,-937.50,117.19,-901.37,48.34,-175.16,203.69,-10.35,-46.80,-126.75,22.09,90.28,
01/01/2000,00:00:04.96,-968.26,144.04,-828.61,50.47,-161.88,207.49,-7.35,-47.25,-124.20,22.18,90.31,
01/01/2000,00:00:04.97,-971.19,341.80,-754.39,60.24,-158.59,213.44,-6.30,-46.50,-123.90,22.18,90.36,
01/01/2000,00:00:04.98,-1031.25,317.87,-675.78,68.42,-171.79,250.13,-6.30,-46.50,-123.90,22.09,90.29,
01/01/2000,00:00:04.99,-1036.62,257.81,-661.62,75.32,-178.66,248.05,-5.25,-45.30,-122.85,22.42,90.31,
01/01/2000,00:00:05.00,-1113.28,159.18,-737.79,89.96,-181.93,213.32,-2.70,-45.75,-121.35,22.42,90.37,
01/01/2000,00:00:05.01,-1214.36,61.52,-790.04,101.21,-173.64,127.75,-2.10,-45.15,-121.20,22.23,90.39,
01/01/2000,00:00:05.02,-1119.63,174.32,-687.99,119.79,-153.07,67.72,-0.15,-44.10,-120.00,21.99,90.45,
01/01/2000,00:00:05.06,-1015.62,376.46,-446.29,82.60,-79.73,54.77,3.90,-46.65,-114.00,22.04,89.69,
01/01/2000,00:00:05.07,-967.29,389.16,-482.42,73.42,-42.02,12.63,4.35,-45.45,-113.55,22.18,89.64,
01/01/2000,00:00:05.08,-830.57,378.42,-453.12,70.72,-26.80,-12.07,4.65,-45.45,-114.00,22.28,89.67,
01/01/2000,00:00:05.09,-751.95,343.75,-448.24,67.27,-26.24,-29.62,4.65,-45.45,-114.00,22.42,89.73,
01/01/2000,00:00:05.10,-755.86,295.90,-474.12,67.46,-25.56,-42.60,4.20,-47.55,-114.15,22.28,89.75,
01/01/2000,00:00:05.12,-811.52,223.63,-473.63,65.58,-39.67,-54.34,4.80,-46.80,-112.35,22.09,89.68,
01/01/2000,00:00:05.13,-827.15,198.24,-462.40,54.27,-49.18,-71.12,4.50,-47.25,-112.35,22.52,89.71,
01/01/2000,00:00:05.14,-817.38,233.89,-470.21,53.23,-53.69,-76.66,4.65,-47.70,-112.95,22.28,89.76,
01/01/2000,00:00:05.14,-859.86,306.15,-395.51,47.07,-53.65,-67.96,3.75,-50.25,-113.85,22.09,89.79,
01/01/2000,00:00:05.15,-888.67,294.92,-331.05,40.47,-57.66,-54.39,3.75,-50.25,-113.85,22.09,89.84,
01/01/2000,00:00:05.17,-945.80,270.51,-291.99,40.22,-78.04,-14.71,3.90,-51.15,-110.40,22.09,89.77,
01/01/2000,00:00:05.18,-929.69,347.66,-230.47,37.52,-94.44,12.39,6.00,-51.00,-110.55,22.28,89.80,
01/01/2000,00:00:05.19,-948.24,388.67,-181.15,33.47,-124.38,46.17,6.90,-52.35,-110.70,22.28,89.85,
01/01/2000,00:00:05.20,-1001.95,286.62,-220.70,34.95,-146.34,83.24,6.90,-52.35,-110.70,22.52,89.88,
01/01/2000,00:00:05.21,-1011.23,360.35,-186.52,36.42,-151.76,101.52,6.90,-52.35,-110.70,22.04,89.93,
01/01/2000,00:00:05.22,-971.19,371.09,446.29,112.15,-250.14,151.43,7.05,-51.30,-108.00,22.28,89.86,
01/01/2000,00:00:05.23,-877.93,843.26,198.73,88.73,-212.07,203.37,9.45,-49.65,-105.75,22.28,89.89,
01/01/2000,00:00:05.24,-1171.88,496.58,-29.30,109.95,-152.43,186.60,10.35,-48.00,-105.45,22.28,89.92,
01/01/2000,00:00:05.25,-1087.89,134.28,-564.94,55.43,-131.84,164.83,10.50,-46.95,-102.45,22.28,89.97,
01/01/2000,00:00:05.26,-1069.82,44.43,71.78,63.90,-76.25,120.35,10.50,-46.95,-102.45,22.23,89.99,
01/01/2000,00:00:05.27,-1247.07,463.87,-27.34,61.66,-105.18,87.71,12.00,-45.15,-100.20,22.18,89.93,
01/01/2000,00:00:05.28,-1008.79,292.97,-332.52,51.27,-57.88,72.77,11.10,-45.30,-99.00,22.37,89.98,
01/01/2000,00:00:05.29,-917.97,325.68,63.96,52.95,-44.76,41.88,12.60,-43.35,-98.70,22.42,90.00,
01/01/2000,00:00:05.30,-745.61,272.46,-272.95,64.16,-78.03,41.78,13.80,-45.15,-99.60,22.28,90.05,
01/01/2000,00:00:05.31,-747.56,111.33,-553.71,78.04,-79.89,45.21,12.75,-43.20,-97.80,21.99,90.08,
01/01/2000,00:00:05.33,-944.34,-135.25,-667.48,63.70,-67.57,60.52,14.70,-44.10,-95.40,22.18,90.01,
01/01/2000,00:00:05.34,-1045.90,200.68,-489.26,65.37,-123.76,37.33,14.70,-42.60,-95.10,22.37,90.06,
01/01/2000,00:00:05.35,-994.63,407.71,-266.11,42.82,-72.68,91.92,15.15,-41.10,-95.10,22.28,90.09,
01/01/2000,00:00:05.35,-1119.63,70.31,-159.67,30.53,-95.77,61.95,14.25,-42.45,-95.10,22.37,90.13,
01/01/2000,00:00:05.36,-1193.85,-40.04,-496.58,6.17,-86.12,15.08,14.25,-42.45,-94.80,22.09,90.16,
01/01/2000,00:00:05.38,-1073.24,34.67,-409.18,-8.86,-36.15,-47.84,15.45,-41.85,-93.60,22.09,90.09,
01/01/2000,00:00:05.39,-1030.76,139.65,-243.16,7.78,-44.87,-150.50,14.85,-41.70,-93.00,22.37,90.12,
01/01/2000,00:00:05.40,-936.52,344.24,-94.24,-8.08,-78.85,-148.22,13.95,-42.60,-91.80,22.23,90.17,
01/01/2000,00:00:05.41,-745.61,204.59,-393.07,-26.36,-21.52,-81.44,14.85,-43.20,-90.90,22.09,90.21,
01/01/2000,00:00:05.42,-680.18,423.83,-228.03,-40.29,-22.67,-19.09,14.25,-43.20,-92.40,22.09,90.24,
01/01/2000,00:00:05.43,-922.36,230.47,-150.88,-43.31,-12.82,4.97,13.95,-43.35,-92.55,22.09,90.29,
01/01/2000,00:00:05.44,-960.45,286.62,-111.33,-47.98,-29.83,25.11,13.95,-43.35,-92.55,22.28,90.22,
01/01/2000,00:00:05.45,-856.45,168.46,-253.42,-67.39,-17.50,2.02,13.80,-42.90,-91.95,22.28,90.24,
01/01/2000,00:00:05.46,-855.96,55.66,-278.81,-83.42,8.53,-26.82,14.70,-41.55,-94.35,22.23,90.27,
01/01/2000,00:00:05.47,-842.77,134.28,-350.59,-91.52,40.18,-62.95,13.65,-42.60,-93.60,22.18,90.32,
01/01/2000,00:00:05.48,-887.70,183.59,-282.71,-92.00,76.99,-83.74,14.40,-43.35,-95.40,22.42,90.36,
01/01/2000,00:00:05.49,-854.00,722.17,-213.38,33.93,92.57,-145.25,14.40,-43.35,-95.40,22.28,90.30,
01/01/2000,00:00:05.50,-1169.43,355.96,-263.18,45.07,15.65,-202.90,14.40,-43.35,-95.40,22.42,90.32,
01/01/2000,00:00:05.51,-1227.54,298.34,-283.69,53.66,6.89,-170.34,13.80,-46.65,-96.00,22.37,90.35,
01/01/2000,00:00:05.52,-1271.00,-318.85,403.32,-19.82,-8.23,-23.65,12.90,-47.25,-96.45,22.23,90.39,
01/01/2000,00:00:05.53,-1004.39,-44.43,-92.77,-13.22,-26.53,-45.40,13.80,-48.90,-96.60,22.18,90.42,
01/01/2000,00:00:05.59,-1296.88,37.60,-215.82,1.74,4.72,-126.63,10.05,-54.45,-94.65,22.23,89.36,
01/01/2000,00:00:05.60,-1356.93,-32.71,-187.50,-15.27,-0.26,-117.99,11.25,-54.15,-95.55,22.18,89.32,
01/01/2000,00:00:05.61,-1305.66,-47.36,-165.53,-17.35,2.48,-100.92,10.20,-56.85,-95.25,22.28,89.35,
01/01/2000,00:00:05.62,-1213.87,-17.09,-117.68,-13.98,4.10,-75.17,10.05,-55.95,-96.15,22.18,89.39,
01/01/2000,00:00:05.63,-1170.90,-57.62,-44.92,-0.34,6.05,-50.11,10.65,-57.90,-96.90,22.23,89.42,
01/01/2000,00:00:05.65,-1193.36,-6.84,-39.06,-2.05,-7.75,-14.11,9.60,-58.65,-95.40,22.23,89.36,
01/01/2000,00:00:05.66,-1173.83,-33.20,-28.32,-7.62,-13.76,19.60,8.85,-56.25,-97.20,22.42,89.41,
01/01/2000,00:00:05.66,-1170.90,-58.59,-38.57,-13.13,-17.60,41.48,8.85,-56.25,-97.20,22.52,89.43,
01/01/2000,00:00:05.67,-1062.99,-90.82,-88.38,-25.24,-16.48,49.46,10.95,-57.60,-96.30,22.28,89.48,
01/01/2000,00:00:05.68,-994.14,-30.76,-34.67,-19.50,-9.49,61.95,9.75,-56.85,-97.05,22.04,89.50,
01/01/2000,00:00:05.70,-1008.30,-29.30,-59.08,-28.12,7.10,95.79,10.95,-56.55,-95.55,22.09,89.38,
01/01/2000,00:00:05.71,-1031.74,-23.44,-82.52,-37.38,15.28,106.84,9.45,-56.10,-97.35,22.23,89.40,
01/01/2000,00:00:05.72,-983.89,-56.64,-78.61,-38.98,30.08,110.44,9.45,-56.10,-97.35,22.28,89.45,
01/01/2000,00:00:05.73,-919.92,-21.48,-47.85,-34.61,46.82,109.22,11.10,-54.00,-97.50,22.18,89.47,
01/01/2000,00:00:05.74,-898.93,117.68,74.71,-44.06,52.63,126.27,11.40,-52.50,-97.95,21.99,89.52,
01/01/2000,00:00:05.75,-978.03,-77.15,-71.78,-33.70,51.03,102.28,10.95,-53.40,-97.80,22.52,89.46,
01/01/2000,00:00:05.76,-992.68,76.17,45.90,-36.05,50.36,112.94,12.90,-50.55,-98.25,22.18,89.49,
01/01/2000,00:00:05.77,-983.40,13.18,-32.23,-29.69,43.85,87.45,11.40,-50.25,-100.05,22.28,89.53,
01/01/2000,00:00:05.78,-958.01,25.39,-5.86,-28.20,44.02,93.01,11.40,-50.25,-100.05,22.37,89.56,
01/01/2000,00:00:05.79,-937.99,70.31,-38.57,-29.82,36.25,83.37,11.40,-49.50,-99.75,22.23,89.60,
01/01/2000,00:00:05.80,-996.09,96.19,-72.27,-27.36,23.86,71.01,13.65,-48.30,-100.50,21.99,89.62,
01/01/2000,00:00:05.81,-1010.25,115.23,-98.63,-17.97,5.78,39.92,12.75,-48.15,-99.60,22.28,89.57,
01/01/2000,00:00:05.82,-1042.48,138.67,-140.62,-20.37,-11.42,26.34,11.40,-49.50,-97.95,22.23,89.61,
01/01/2000,00:00:05.83,-1032.71,162.11,-143.07,-15.90,-24.67,15.56,11.40,-49.50,-97.95,22.71,89.63,
01/01/2000,00:00:05.84,-1027.83,137.21,-116.21,-19.66,-35.66,11.26,11.40,-49.50,-97.95,22.37,89.68,
01/01/2000,00:00:05.85,-1022.95,131.84,-148.93,-12.79,-37.82,3.38,12.30,-47.70,-98.10,22.37,89.70,
01/01/2000,00:00:05.87,-1016.11,121.09,-143.55,-14.17,-39.33,0.82,13.20,-46.05,-98.70,22.28,89.64,
01/01/2000,00:00:05.88,-1038.57,124.02,-152.83,-15.45,-37.21,2.69,13.80,-47.70,-98.40,22.28,89.69,
01/01/2000,00:00:05.89,-1015.14,77.64,-181.64,-7.93,-31.37,-3.56,13.80,-47.70,-98.40,22.42,89.71,
01/01/2000,00:00:05.90,-911.13,91.80,-136.72,1.89,-15.63,3.14,13.50,-48.60,-98.85,22.28,89.76,
01/01/2000,00:00:05.91,-911.13,76.17,-122.56,3.11,-3.64,3.77,13.80,-46.20,-97.80,22.42,89.78,
01/01/2000,00:00:05.92,-911.62,49.32,-115.72,5.13,18.27,-4.41,12.30,-48.60,-98.10,22.28,89.74,
01/01/2000,00:00:05.93,-906.25,82.03,-83.01,2.14,31.53,2.27,13.20,-46.80,-98.25,22.28,89.76,
01/01/2000,00:00:05.94,-909.18,111.82,-95.70,-13.81,34.38,7.28,13.05,-47.40,-98.40,22.28,89.79,
01/01/2000,00:00:05.95,-861.82,151.37,-171.39,-12.49,45.20,9.44,13.05,-47.40,-98.40,21.99,89.83,
01/01/2000,00:00:05.96,-895.51,177.73,-146.48,-2.80,59.54,13.09,13.80,-46.95,-99.90,22.37,89.87,
01/01/2000,00:00:05.97,-922.85,152.34,-136.72,3.64,58.25,16.40,13.95,-47.25,-98.25,22.09,89.82,
01/01/2000,00:00:05.98,-936.04,192.87,-148.44,4.78,48.15,11.62,12.00,-46.65,-99.90,22.42,89.84,
01/01/2000,00:00:05.99,-912.11,148.44,-191.89,12.50,45.13,11.50,13.20,-48.00,-101.10,22.28,89.86,
01/01/2000,00:00:06.00,-893.55,130.86,-178.71,18.93,43.50,7.33,13.50,-45.90,-100.95,22.37,89.90,
01/01/2000,00:00:06.01,-936.52,157.71,-202.64,30.25,47.82,-3.11,13.50,-45.90,-100.95,22.04,89.94,
01/01/2000,00:00:06.02,-940.92,181.64,-127.93,26.66,46.72,-7.65,12.90,-46.80,-102.30,22.28,89.89,
01/01/2000,00:00:06.03,-923.83,159.18,-149.90,17.06,32.66,-4.10,13.50,-46.65,-101.40,22.52,89.91,
01/01/2000,00:00:06.04,-890.14,173.83,-128.91,11.32,26.45,-4.35,12.15,-47.25,-102.90,22.52,89.93,
01/01/2000,00:00:06.07,-905.76,174.80,-188.48,5.95,19.87,12.59,12.60,-48.00,-101.55,21.99,89.54,
01/01/2000,00:00:06.09,-927.25,162.60,-179.20,1.11,23.28,16.22,12.15,-47.25,-101.85,22.37,89.51,
01/01/2000,00:00:06.10,-961.43,112.79,-164.55,-1.02,22.77,10.10,12.90,-46.05,-103.35,22.42,89.53,
01/01/2000,00:00:06.11,-945.31,80.08,-193.36,0.47,27.18,-3.27,12.75,-46.95,-102.75,22.37,89.47,
01/01/2000,00:00:06.12,-936.52,153.32,-202.15,8.67,28.01,-9.95,12.75,-46.95,-102.75,22.37,89.50,
01/01/2000,00:00:06.13,-939.45,150.88,-214.36,9.18,31.66,-12.21,12.75,-46.95,-102.75,22.18,89.54,
01/01/2000,00:00:06.14,-964.36,148.93,-238.28,12.11,32.81,-14.53,11.40,-46.05,-103.65,22.23,89.56,
01/01/2000,00:00:06.15,-989.26,189.45,-180.66,2.66,29.10,-11.31,12.15,-48.00,-104.10,22.42,89.60,
01/01/2000,00:00:06.16,-983.40,197.75,-235.84,-13.13,36.73,17.37,11.70,-47.40,-102.00,22.42,89.55,
01/01/2000,00:00:06.17,-1006.35,141.60,-229.49,-13.42,34.64,23.30,11.70,-47.40,-102.00,22.28,89.57,
01/01/2000,00:00:06.18,-1015.62,106.45,-198.24,-13.47,32.94,25.86,10.95,-47.70,-104.55,22.23,89.61,
01/01/2000,00:00:06.19,-1020.51,97.66,-212.40,-13.90,28.18,20.63,11.40,-46.05,-104.85,22.52,89.63,
01/01/2000,00:00:06.20,-1042.48,102.54,-226.56,-13.77,21.85,17.72,11.10,-47.25,-105.45,22.28,89.68,
01/01/2000,00:00:06.22,-1038.09,136.23,-249.51,-13.94,14.34,16.30,12.15,-46.05,-104.10,22.23,89.62,
01/01/2000,00:00:06.22,-1003.91,135.74,-255.86,-11.53,9.22,15.82,11.85,-46.50,-105.90,22.23,89.64,
01/01/2000,00:00:06.23,-975.59,76.66,-243.16,-9.24,9.89,11.90,11.85,-46.50,-105.90,22.18,89.68,
01/01/2000,00:00:06.24,-965.33,59.57,-283.20,-7.56,16.40,-3.21,12.15,-46.80,-105.90,22.52,89.71,
01/01/2000,00:00:06.25,-927.25,130.86,-280.76,-1.55,26.48,-13.21,11.40,-46.05,-107.25,22.42,89.75,
01/01/2000,00:00:06.27,-886.23,191.89,-274.90,-1.93,29.79,-4.14,11.40,-46.50,-105.45,22.37,89.69,
01/01/2000,00:00:06.28,-911.62,199.71,-330.57,-3.48,30.79,8.02,10.95,-46.20,-104.25,22.28,89.71,
01/01/2000,00:00:06.29,-901.86,212.40,-322.27,-0.63,32.95,14.40,11.85,-46.50,-107.25,22.28,89.75,
01/01/2000,00:00:06.30,-919.43,192.87,-303.22,3.23,28.98,19.34,11.85,-46.50,-107.25,22.42,89.78,
01/01/2000,00:00:06.31,-912.11,190.92,-303.71,5.15,25.21,18.41,11.40,-47.25,-106.20,22.37,89.82,
01/01/2000,00:00:06.32,-942.38,180.18,-281.25,6.63,9.51,19.24,11.25,-45.45,-106.35,22.23,89.76,
01/01/2000,00:00:06.33,-944.34,166.50,-274.90,8.34,2.82,11.57,12.00,-45.90,-108.15,22.52,89.78,
01/01/2000,00:00:06.34,-933.11,158.69,-254.88,10.63,-5.34,8.00,12.00,-45.90,-108.15,22.42,89.82,
01/01/2000,00:00:06.35,-901.86,129.39,-273.93,13.92,-11.68,-1.73,12.00,-45.90,-108.15,22.18,89.84,
01/01/2000,00:00:06.36,-883.30,102.05,-304.20,17.30,-4.27,-14.96,12.75,-47.40,-106.05,22.28,89.88,
01/01/2000,00:00:06.37,-888.18,148.44,-334.47,30.67,15.37,-26.63,12.15,-46.50,-105.90,22.28,89.83,
01/01/2000,00:00:06.38,-848.63,190.92,-285.64,41.76,29.31,-22.22,11.40,-46.50,-106.95,22.23,89.85,
01/01/2000,00:00:06.39,-832.52,189.94,-278.81,42.23,32.95,-15.43,11.10,-46.50,-106.95,22.42,89.89,
01/01/2000,00:00:06.40,-779.79,166.50,-252.93,30.16,36.89,-15.76,11.10,-46.50,-106.95,22.23,89.91,
01/01/2000,00:00:06.41,-768.55,147.46,-255.37,20.67,32.85,-16.66,11.40,-47.25,-107.70,22.09,89.95,
01/01/2000,00:00:06.42,-785.64,164.55,-273.93,9.11,29.11,-18.81,10.95,-46.95,-106.35,22.57,89.97,
01/01/2000,00:00:06.43,-902.83,96.19,-301.27,-0.63,20.44,-20.76,10.50,-45.45,-107.85,22.28,89.92,
01/01/2000,00:00:06.44,-920.41,73.24,-313.48,-4.20,23.73,-32.70,10.20,-48.90,-106.05,22.23,89.94,
01/01/2000,00:00:06.45,-895.51,-32.23,-275.88,-7.11,19.31,-50.75,10.95,-46.95,-106.80,22.23,89.98,
01/01/2000,00:00:06.46,-940.92,-24.90,-235.84,-32.16,12.21,-91.43,10.95,-46.95,-106.80,22.52,90.01,
01/01/2000,00:00:06.47,-929.20,14.16,-324.71,-35.89,22.10,-90.40,11.10,-48.30,-108.45,22.42,90.03,
01/01/2000,00:00:06.49,-822.75,205.08,-397.46,-44.85,53.52,-91.84,9.00,-49.35,-107.10,22.28,89.98,
01/01/2000,00:00:06.50,-843.26,153.81,-438.96,-48.31,70.01,-80.34,9.45,-49.35,-109.95,22.28,90.00,
01/01/2000,00:00:06.50,-842.77,164.55,-373.05,-43.07,78.85,-78.00,8.40,-50.85,-110.70,22.42,90.04,
01/01/2000,00:00:06.51,-825.20,165.53,-377.93,-28.15,104.84,-55.73,8.40,-50.85,-110.70,22.28,90.06,
01/01/2000,00:00:06.52,-860.84,117.68,-317.38,-16.45,102.21,-50.25,8.10,-50.85,-110.70,22.23,90.10,
01/01/2000,00:00:06.54,-927.73,21.48,-271.00,-7.16,57.50,-56.03,7.95,-51.15,-110.40,22.23,90.05,
01/01/2000,00:00:06.55,-937.01,-17.09,-348.14,-6.56,42.75,-64.08,7.05,-51.75,-112.05,22.37,90.07,
01/01/2000,00:00:06.58,-1004.39,24.90,-458.50,-3.31,44.35,-96.04,6.30,-52.50,-112.35,22.28,89.71,
01/01/2000,00:00:06.59,-1019.04,-6.35,-499.02,15.53,47.85,-97.75,5.25,-55.20,-112.05,22.23,89.68,
01/01/2000,00:00:06.60,-986.33,28.32,-632.32,28.83,77.00,-98.69,4.65,-55.80,-114.00,22.52,89.70,
01/01/2000,00:00:06.62,-709.47,265.62,-425.78,61.38,90.20,-91.56,3.60,-56.55,-113.25,22.42,89.65,
01/01/2000,00:00:06.63,-757.81,262.70,-257.32,60.73,67.10,-66.95,3.60,-56.55,-113.25,22.28,89.67,
01/01/2000,00:00:06.64,-729.98,229.00,-273.44,35.86,52.76,-26.10,2.70,-55.50,-116.40,22.04,89.71,
01/01/2000,00:00:06.64,-692.87,132.81,-395.51,17.45,72.25,26.22,2.25,-56.25,-114.90,22.37,89.73,
01/01/2000,00:00:06.65,-632.32,52.73,-515.62,19.14,115.31,67.88,3.15,-56.85,-114.00,22.37,89.77,
01/01/2000,00:00:06.67,-823.24,-176.27,-638.67,68.99,195.47,97.64,2.55,-56.55,-115.50,22.37,89.72,
01/01/2000,00:00:06.68,-960.94,-305.66,-763.67,89.40,235.03,82.44,1.05,-57.30,-115.80,22.37,89.74,
01/01/2000,00:00:06.69,-942.87,-385.25,-833.01,111.37,250.13,48.35,1.05,-57.30,-115.80,22.09,89.76,
01/01/2000,00:00:06.70,-953.12,-263.18,-700.68,116.77,236.27,20.72,2.10,-56.85,-118.35,22.52,89.79,
01/01/2000,00:00:06.71,-887.70,-182.62,-617.68,134.27,195.69,7.82,-0.60,-56.10,-119.40,22.28,89.81,
01/01/2000,00:00:06.72,-836.91,-197.27,-457.52,121.27,115.53,10.53,-1.95,-57.00,-119.25,22.18,89.71,
01/01/2000,00:00:06.73,-770.51,-163.57,-702.64,74.75,57.40,20.85,-2.25,-57.45,-119.55,22.57,89.73,
01/01/2000,00:00:06.74,-740.23,-117.19,-814.94,46.04,55.61,25.02,-2.25,-57.45,-119.55,22.42,89.77,
01/01/2000,00:00:06.75,-696.78,-98.14,-830.57,19.99,69.15,43.89,-2.70,-59.70,-120.00,22.42,89.79,
01/01/2000,00:00:06.76,-623.05,-76.66,-826.66,11.62,82.60,41.42,-2.85,-59.55,-119.70,22.28,89.82,
01/01/2000,00:00:06.78,-689.45,-79.10,-794.92,-8.95,77.23,26.03,-3.90,-58.80,-120.15,22.37,89.78,
01/01/2000,00:00:06.79,-696.78,-61.04,-912.60,-25.53,75.29,8.95,-3.90,-58.80,-119.70,22.28,89.79,
01/01/2000,00:00:06.80,-165.53,-150.39,-671.88,-66.98,-13.71,-11.68,-4.65,-58.35,-121.20,22.23,89.83,
01/01/2000,00:00:06.80,-750.98,-28.81,-1076.66,-79.69,-26.98,-35.62,-4.65,-58.35,-121.20,22.28,89.85,
01/01/2000,00:00:06.81,-627.93,-159.67,-996.09,-69.24,21.56,-45.55,-5.55,-58.20,-121.80,22.23,89.89,
01/01/2000,00:00:06.83,-739.75,-157.23,-835.94,-20.91,111.19,-30.10,-5.10,-58.80,-120.15,22.28,89.84,
01/01/2000,00:00:06.84,-703.12,-71.29,-843.26,-18.26,132.68,-13.02,-4.50,-56.70,-123.15,22.28,89.86,
01/01/2000,00:00:06.85,-617.19,-51.27,-771.97,-16.89,149.31,8.10,-4.50,-56.70,-123.15,22.09,89.89,
01/01/2000,00:00:06.86,-562.01,-94.24,-703.12,-2.10,134.14,18.81,-4.50,-56.70,-123.15,22.28,89.91,
01/01/2000,00:00:06.87,-615.23,-81.05,-792.48,-5.63,90.28,23.92,-4.50,-56.70,-123.15,22.37,89.95,
01/01/2000,00:00:06.88,-632.32,-146.97,-819.82,-25.34,24.27,8.18,-7.80,-57.00,-124.20,22.37,89.96,
01/01/2000,00:00:06.89,-520.51,-94.24,-795.90,7.93,25.85,35.17,-7.95,-56.85,-124.05,22.23,89.93,
01/01/2000,00:00:06.90,-686.04,-85.94,-842.77,-29.02,-5.26,33.24,-8.40,-56.85,-123.75,22.28,89.95,
01/01/2000,00:00:06.91,-540.53,-364.75,-946.29,-35.79,-3.54,-6.84,-8.40,-56.85,-123.75,22.52,89.97,
01/01/2000,00:00:06.92,-556.64,-292.48,-832.03,-74.76,2.18,-48.70,-7.20,-58.35,-125.10,22.37,90.01,
01/01/2000,00:00:06.93,-608.40,-144.04,-846.68,-96.96,3.58,-74.41,-8.40,-56.55,-125.10,22.52,90.02,
01/01/2000,00:00:06.94,-508.30,-40.53,-854.98,-101.27,19.92,-92.73,-8.10,-55.50,-124.20,22.42,89.99,
01/01/2000,00:00:06.95,-481.93,-1.95,-818.85,-103.94,59.36,-89.16,-9.75,-56.55,-125.85,22.28,90.01,
01/01/2000,00:00:06.96,-506.35,-60.55,-743.16,-106.04,101.24,-81.21,-9.45,-56.10,-126.30,22.09,90.03,
01/01/2000,00:00:06.97,-474.12,-8.30,-742.68,-124.00,137.18,-69.64,-9.45,-56.10,-126.30,22.37,90.06,
01/01/2000,00:00:06.98,-460.45,60.55,-789.55,-141.97,156.98,-48.90,-10.95,-54.15,-127.05,22.37,90.08,
01/01/2000,00:00:06.99,-538.09,8.30,-833.50,-138.06,179.84,-18.21,-11.85,-55.50,-127.20,22.42,90.03,
01/01/2000,00:00:07.00,-558.11,20.51,-854.49,-131.80,168.95,-4.65,-13.80,-53.10,-127.65,22.57,90.07,
01/01/2000,00:00:07.01,-538.57,-17.09,-902.34,-118.04,148.17,-0.34,-14.85,-53.40,-129.45,22.23,90.09,
01/01/2000,00:00:07.02,-526.37,3.91,-941.89,-106.72,130.66,3.75,-15.60,-51.15,-129.90,22.37,90.12,
01/01/2000,00:00:07.03,-445.31,-35.16,-925.29,-86.05,119.61,-9.00,-15.60,-51.15,-129.90,22.52,90.14,
01/01/2000,00:00:07.05,-447.27,48.34,-887.70,-56.24,89.82,-20.11,-18.15,-50.10,-130.65,22.23,90.09,
01/01/2000,00:00:07.06,-409.67,63.48,-875.00,-29.21,70.44,-15.47,-18.00,-48.30,-131.85,22.37,90.11,
01/01/2000,00:00:07.09,-267.58,193.36,-850.10,-9.97,71.98,28.11,-22.05,-48.00,-131.55,22.42,89.79,
01/01/2000,00:00:07.10,-316.89,141.11,-884.28,-29.89,37.47,40.85,-20.55,-49.50,-132.15,22.37,89.76,
01/01/2000,00:00:07.11,-302.73,75.68,-972.17,-32.89,33.53,53.15,-21.75,-49.05,-132.60,22.37,89.78,
01/01/2000,00:00:07.13,-332.03,41.99,-974.12,-6.53,38.57,36.50,-22.80,-48.30,-131.55,22.28,89.73,
01/01/2000,00:00:07.14,-275.39,65.43,-959.96,19.11,45.26,23.20,-22.80,-48.30,-131.55,22.28,89.75,
01/01/2000,00:00:07.14,-206.05,119.63,-913.09,53.92,65.96,15.82,-22.80,-48.30,-131.55,22.28,89.78,
01/01/2000,00:00:07.15,-161.62,167.48,-944.82,76.13,83.54,9.25,-21.90,-48.60,-132.00,22.57,89.80,
01/01/2000,00:00:07.16,-158.69,185.06,-863.77,76.83,81.28,6.22,-24.00,-48.90,-132.00,22.42,89.84,
01/01/2000,00:00:07.18,-180.66,154.30,-897.46,74.79,70.01,9.80,-23.85,-50.55,-130.35,22.23,89.79,
01/01/2000,00:00:07.19,-164.55,118.65,-927.25,74.90,53.44,6.81,-24.45,-48.90,-130.65,22.09,89.81,
01/01/2000,00:00:07.20,-154.79,100.59,-939.45,69.09,27.47,0.62,-24.45,-48.90,-130.65,22.37,89.84,
01/01/2000,00:00:07.21,-145.02,101.56,-965.33,66.79,-2.24,-1.56,-24.30,-52.50,-132.60,22.57,89.86,
01/01/2000,00:00:07.22,-144.53,87.40,-933.59,71.47,-19.24,-5.16,-24.90,-52.50,-130.80,22.61,89.89,
01/01/2000,00:00:07.23,-106.93,55.18,-887.70,61.55,-47.05,1.50,-23.10,-53.25,-131.85,22.28,89.85,
01/01/2000,00:00:07.24,-105.96,12.21,-912.11,57.56,-49.28,-4.09,-24.00,-54.15,-130.20,21.90,89.87,
01/01/2000,00:00:07.25,-137.21,40.04,-873.54,59.21,-40.90,3.94,-23.85,-54.00,-131.10,22.28,89.90,
01/01/2000,00:00:07.26,-126.95,63.96,-884.77,47.56,-35.42,6.79,-23.85,-54.00,-131.10,22.28,89.92,
01/01/2000,00:00:07.27,-117.19,65.43,-889.16,28.86,-23.11,11.44,-23.10,-53.25,-130.35,22.28,89.95,
01/01/2000,00:00:07.28,-151.37,62.99,-957.52,-1.76,-13.84,17.02,-24.45,-54.60,-129.15,22.52,89.91,
01/01/2000,00:00:07.29,-159.18,20.02,-1002.44,-15.36,-7.34,18.56,-22.95,-54.15,-129.90,22.28,89.92,
01/01/2000,00:00:07.30,-156.25,4.88,-1033.20,-26.64,-8.49,21.21,-22.65,-54.15,-131.70,22.18,89.94,
01/01/2000,00:00:07.31,-181.15,-10.25,-1047.36,-29.22,-3.97,21.21,-22.65,-54.15,-131.70,22.37,89.97,
01/01/2000,00:00:07.32,-175.78,-32.71,-1065.92,-31.18,0.06,17.65,-22.80,-54.75,-131.55,22.37,90.01,
01/01/2000,00:00:07.33,-183.11,1.95,-1047.36,-21.54,4.56,14.47,-22.80,-53.70,-129.75,22.28,89.96,
01/01/2000,00:00:07.34,-37.60,-163.57,-1056.64,-19.84,8.63,14.17,-22.80,-53.25,-131.10,22.09,89.98,
01/01/2000,00:00:07.35,-241.21,56.15,-963.38,3.46,17.41,6.12,-22.35,-53.25,-131.55,22.28,89.99,
01/01/2000,00:00:07.36,-8.79,27.83,-939.94,-16.16,16.98,18.26,-22.35,-53.25,-131.55,22.52,90.03,
01/01/2000,00:00:07.37,-115.23,83.01,-988.77,-22.50,10.74,12.50,-22.35,-53.25,-131.55,22.37,90.04,
01/01/2000,00:00:07.39,-146.97,46.88,-914.55,-23.51,28.17,8.50,-23.10,-52.95,-130.35,22.28,90.00,
01/01/2000,00:00:07.40,-162.60,75.68,-905.76,-22.52,35.53,8.52,-22.20,-53.85,-129.45,22.23,90.03,
01/01/2000,00:00:07.41,-176.76,23.44,-871.58,-25.18,51.96,14.34,-23.55,-52.50,-130.35,22.37,90.05,
01/01/2000,00:00:07.41,-210.94,1.95,-899.41,-24.39,48.28,15.04,-23.40,-51.90,-132.75,22.42,90.08,
01/01/2000,00:00:07.42,-278.32,-53.71,-934.08,-28.41,46.38,28.22,-23.40,-51.90,-132.75,22.37,90.10,
01/01/2000,00:00:07.43,-214.84,-90.82,-1019.53,-20.60,32.60,25.89,-23.40,-51.90,-132.75,22.37,90.13,
01/01/2000,00:00:07.45,-235.84,26.86,-950.20,-26.14,42.07,29.66,-24.45,-53.85,-130.65,22.09,90.09,
01/01/2000,00:00:07.46,-146.48,45.41,-939.94,-19.53,51.90,32.54,-23.70,-51.90,-130.95,22.52,90.10,
01/01/2000,00:00:07.47,-156.74,71.78,-968.75,-28.17,48.85,35.29,-25.35,-53.25,-132.15,22.42,90.13,
01/01/2000,00:00:07.48,-125.49,120.12,-1026.37,-30.21,30.94,32.71,-25.35,-53.25,-132.15,22.28,90.15,
01/01/2000,00:00:07.49,-86.91,95.21,-1127.44,-26.34,11.65,21.27,-25.35,-53.25,-132.15,22.23,90.18,
01/01/2000,00:00:07.50,-48.83,126.46,-1125.49,-14.63,7.07,15.09,-25.35,-52.50,-130.80,22.28,90.14,
01/01/2000,00:00:07.51,-62.50,96.68,-1071.78,-9.70,11.69,10.25,-24.00,-51.15,-131.70,22.18,90.15,
01/01/2000,00:00:07.52,-80.08,130.86,-1007.81,0.21,15.98,5.61,-24.60,-51.75,-130.35,22.37,90.19,
01/01/2000,00:00:07.53,-123.54,125.00,-980.47,6.84,14.73,5.27,-24.75,-50.85,-131.70,22.37,90.20,
01/01/2000,00:00:07.54,-124.02,69.82,-922.85,7.85,12.69,9.03,-24.75,-50.85,-131.70,22.37,90.23,
01/01/2000,00:00:07.55,-134.77,80.57,-901.37,4.57,4.08,9.76,-25.35,-52.95,-131.10,22.23,90.19,
01/01/2000,00:00:07.56,-141.11,74.22,-945.31,1.20,1.68,8.55,-26.85,-51.00,-132.15,22.57,90.21,
01/01/2000,00:00:07.59,97.66,83.01,-1005.86,-2.53,21.21,-5.87,-24.90,-51.75,-130.05,22.09,89.91,
01/01/2000,00:00:07.61,-85.94,99.12,-1023.44,-13.63,33.71,-6.89,-25.35,-51.00,-131.55,22.28,89.87,
01/01/2000,00:00:07.62,-18.07,134.77,-1004.88,-14.27,19.41,-21.75,-25.50,-51.90,-132.00,22.37,89.90,
01/01/2000,00:00:07.63,-72.27,73.73,-1042.48,-14.89,15.08,-13.40,-25.95,-50.40,-131.25,22.28,89.84,
01/01/2000,00:00:07.64,-75.20,61.52,-1026.86,-8.99,12.13,-11.32,-28.20,-51.75,-131.55,22.18,89.87,
01/01/2000,00:00:07.65,-68.36,55.66,-997.56,-7.06,5.94,-8.35,-25.95,-50.85,-130.95,22.42,89.89,
01/01/2000,00:00:07.66,-60.06,88.87,-970.70,-5.15,5.00,-4.95,-25.95,-50.85,-130.95,22.57,89.92,
01/01/2000,00:00:07.67,-76.66,73.24,-975.59,-2.95,5.58,-1.39,-26.10,-50.25,-132.15,22.28,89.94,
01/01/2000,00:00:07.68,-93.26,29.79,-971.68,2.04,0.67,4.24,-26.25,-51.15,-129.45,22.61,89.91,
01/01/2000,00:00:07.69,-100.59,28.32,-917.48,6.05,0.22,4.66,-27.30,-50.85,-130.95,22.18,89.93,
01/01/2000,00:00:07.70,-71.29,87.89,-923.34,5.94,-4.36,0.02,-27.30,-50.85,-130.95,22.37,89.94,
01/01/2000,00:00:07.71,-19.53,110.84,-913.09,0.58,2.38,3.04,-27.30,-50.85,-130.95,22.42,89.97,
01/01/2000,00:00:07.72,-38.09,99.61,-890.62,-4.64,7.19,4.99,-27.30,-50.85,-130.95,22.28,89.99,
01/01/2000,00:00:07.73,-102.05,110.84,-955.57,-2.27,7.47,4.06,-26.55,-50.85,-133.05,22.37,90.02,
01/01/2000,00:00:07.75,-68.36,79.59,-999.51,-5.21,4.98,5.99,-26.55,-49.35,-130.20,22.37,89.94,
01/01/2000,00:00:07.76,-58.59,69.34,-980.96,-6.23,2.83,7.33,-26.25,-50.10,-131.25,22.57,89.95,
01/01/2000,00:00:07.77,-57.62,65.92,-983.89,-3.53,7.50,5.66,-26.25,-50.10,-131.25,22.76,89.98,
01/01/2000,00:00:07.78,-66.41,77.15,-954.10,-0.79,6.58,5.98,-28.05,-51.15,-131.70,22.57,90.00,
01/01/2000,00:00:07.79,-59.57,86.43,-967.29,-0.33,12.88,4.35,-27.15,-50.55,-132.60,22.42,90.03,
01/01/2000,00:00:07.80,-41.50,84.47,-964.36,0.36,15.10,-1.11,-26.40,-51.75,-131.55,22.37,89.99,
01/01/2000,00:00:07.81,-46.88,83.50,-971.19,-4.94,14.59,-5.71,-27.90,-51.75,-131.85,22.37,90.00,
01/01/2000,00:00:07.82,-43.46,100.59,-993.65,-6.98,12.40,-13.90,-26.85,-50.55,-131.55,22.04,90.03,
01/01/2000,00:00:07.83,-17.09,108.89,-980.47,-8.08,14.21,-15.07,-26.85,-50.55,-131.55,22.57,90.05,
01/01/2000,00:00:07.84,-5.86,135.25,-1007.81,-10.82,13.07,-17.03,-27.15,-51.00,-131.85,22.37,90.08,
01/01/2000,00:00:07.85,-25.88,97.17,-1037.60,-10.21,11.30,-19.21,-28.05,-50.85,-131.70,22.57,90.04,
01/01/2000,00:00:07.86,-26.86,98.14,-1073.24,-9.61,7.29,-19.89,-27.90,-50.25,-132.15,22.57,90.05,
01/01/2000,00:00:07.87,-47.36,85.45,-1067.87,-8.24,5.32,-15.56,-28.50,-50.85,-132.00,22.57,90.08,
01/01/2000,00:00:07.88,-67.38,43.46,-1059.08,-10.08,1.32,-12.96,-28.50,-50.85,-132.00,22.23,90.10,
01/01/2000,00:00:07.89,-83.50,61.52,-1051.27,-2.97,-2.34,-13.75,-27.30,-51.15,-130.95,22.37,90.13,
01/01/2000,00:00:07.90,-94.24,56.15,-985.84,3.14,-1.74,-10.44,-28.20,-51.00,-132.60,22.28,90.09,
01/01/2000,00:00:07.91,-103.52,42.97,-960.94,6.23,0.82,-10.08,-27.60,-49.80,-131.85,22.28,90.10,
01/01/2000,00:00:07.92,-86.43,88.87,-906.25,15.38,0.71,-12.47,-27.75,-50.10,-131.25,22.52,90.13,
01/01/2000,00:00:07.93,-69.82,118.16,-921.39,14.44,3.55,-4.63,-28.20,-51.30,-132.90,22.57,90.15,
01/01/2000,00:00:07.94,-62.50,107.42,-922.85,6.47,6.13,-5.54,-28.20,-51.30,-132.90,22.23,90.18,
01/01/2000,00:00:07.96,-67.87,75.20,-962.40,5.40,3.99,-6.08,-28.50,-50.10,-130.95,22.57,90.14,
01/01/2000,00:00:07.97,-57.62,88.87,-995.61,1.31,5.34,-7.13,-28.50,-51.15,-131.25,22.28,90.15,
01/01/2000,00:00:07.97,-49.80,80.08,-1015.62,1.34,5.66,-5.47,-28.05,-50.40,-132.75,22.28,90.18,
01/01/2000,00:00:07.98,-49.32,97.66,-1003.42,-2.34,6.11,-10.85,-27.60,-51.00,-132.60,22.42,90.20,
01/01/2000,00:00:07.99,-44.92,106.45,-998.05,-2.27,3.00,-8.08,-27.60,-51.00,-132.60,22.42,90.22,
01/01/2000,00:00:08.00,-38.09,111.33,-996.09,-3.15,3.79,-12.75,-27.60,-51.00,-132.60,22.37,90.24,
01/01/2000,00:00:08.02,-48.34,100.59,-1003.42,-2.44,-1.80,-14.04,-28.80,-50.40,-132.75,22.42,90.21,
01/01/2000,00:00:08.03,-50.78,95.21,-1000.49,-4.77,-4.69,-13.96,-28.80,-50.85,-132.75,22.23,90.23,
01/01/2000,00:00:08.04,-76.17,86.43,-964.84,-3.87,-4.82,-17.37,-28.50,-50.40,-132.00,22.52,90.24,
01/01/2000,00:00:08.05,-95.21,69.82,-966.31,-2.67,1.07,-17.04,-28.50,-50.40,-132.00,22.42,90.27,
01/01/2000,00:00:08.06,-88.87,98.14,-965.82,-4.15,4.05,-20.42,-28.50,-50.40,-132.00,22.37,90.29,
