rtcDate,rtcTime,aX,aY,aZ,gX,gY,gZ,mX,mY,mZ,imu_degC,output_Hz,
01/01/2000,00:00:01.34,83.50,483.89,-953.61,-8.12,-15.08,-6.98,-9.00,3.75,-129.45,24.10,333.33,
01/01/2000,00:00:01.39,76.17,451.17,-845.21,1.49,-0.52,-1.05,-9.75,6.75,-127.65,23.86,37.74,
01/01/2000,00:00:01.40,88.87,462.89,-854.49,3.58,5.26,-0.67,-10.50,5.25,-128.10,23.96,45.45,
01/01/2000,00:00:01.41,82.03,459.47,-842.29,3.14,6.07,-0.98,-9.60,5.10,-128.25,23.86,52.63,
01/01/2000,00:00:01.42,98.14,464.84,-848.63,4.69,2.08,1.56,-9.45,5.25,-129.45,23.67,58.82,
01/01/2000,00:00:01.43,112.30,446.78,-848.14,0.53,-0.52,0.20,-9.45,5.25,-129.45,23.67,60.61,
01/01/2000,00:00:01.44,99.61,457.52,-874.02,-3.25,1.63,-2.14,-11.25,4.80,-128.10,24.00,64.81,
01/01/2000,00:00:01.45,87.89,451.17,-881.84,-3.28,2.42,0.67,-8.85,3.90,-128.55,23.76,67.80,
01/01/2000,00:00:01.46,80.57,456.05,-896.48,-2.95,2.32,1.00,-8.55,4.65,-128.25,23.67,70.87,
01/01/2000,00:00:01.47,69.82,427.73,-916.99,-9.82,4.24,3.19,-9.60,4.35,-129.30,24.10,72.99,
01/01/2000,00:00:01.48,100.10,471.19,-896.48,-7.39,10.06,3.92,-9.60,4.35,-129.30,23.96,75.34,
01/01/2000,00:00:01.49,105.47,484.86,-898.93,-1.80,16.21,1.24,-8.55,5.10,-129.00,23.96,75.00,
01/01/2000,00:00:01.51,107.91,490.23,-884.28,1.12,13.20,2.92,-9.00,3.30,-129.90,23.96,76.92,
01/01/2000,00:00:01.51,108.40,506.35,-887.70,2.63,11.56,2.40,-10.95,5.25,-127.65,23.86,78.21,
01/01/2000,00:00:01.53,102.54,494.14,-885.74,5.51,13.68,2.16,-10.50,6.00,-129.90,23.86,79.79,
01/01/2000,00:00:01.53,100.10,483.40,-881.84,9.58,14.73,1.60,-10.50,6.00,-129.90,23.96,80.81,
01/01/2000,00:00:01.55,95.21,473.63,-857.42,14.93,10.84,1.02,-9.75,4.50,-128.10,23.96,80.57,
01/01/2000,00:00:01.56,116.21,463.38,-873.05,14.26,11.50,1.82,-10.65,5.40,-129.30,23.67,81.45,
01/01/2000,00:00:01.57,91.80,458.98,-911.13,19.52,11.21,4.21,-10.35,6.15,-129.30,24.10,82.61,
01/01/2000,00:00:01.58,111.33,458.50,-856.93,18.98,13.41,4.36,-9.30,5.10,-130.80,24.20,83.33,
01/01/2000,00:00:01.59,118.16,449.22,-830.08,16.12,7.39,6.46,-10.65,5.40,-129.75,23.96,84.34,
01/01/2000,00:00:01.60,112.79,456.54,-840.82,12.82,1.79,3.09,-10.65,5.40,-129.75,24.10,84.94,
01/01/2000,00:00:01.61,123.05,448.73,-843.26,11.44,-3.54,8.30,-10.50,4.50,-129.90,23.86,84.56,
01/01/2000,00:00:01.63,122.07,433.11,-872.56,15.20,-5.98,8.32,-11.25,3.75,-129.90,24.10,85.11,
01/01/2000,00:00:01.63,126.46,421.88,-889.65,17.96,-5.67,8.01,-10.20,2.25,-130.65,24.10,85.62,
01/01/2000,00:00:01.65,111.82,415.04,-893.07,15.75,-4.56,10.84,-11.25,3.75,-130.65,23.81,86.38,
01/01/2000,00:00:01.65,117.19,409.67,-881.84,14.98,-4.79,10.42,-11.25,3.75,-130.65,24.20,87.10,
01/01/2000,00:00:01.67,121.58,420.90,-877.44,9.82,-3.95,11.34,-11.10,3.15,-130.35,24.00,86.42,
01/01/2000,00:00:01.67,129.39,446.29,-918.46,12.69,-4.98,8.90,-12.00,4.50,-129.15,23.86,86.83,
01/01/2000,00:00:01.69,137.21,448.24,-899.90,15.44,-0.30,4.81,-11.10,3.15,-130.80,23.86,87.46,
01/01/2000,00:00:01.69,129.88,436.04,-906.74,12.05,0.58,5.43,-11.70,4.50,-131.25,24.34,87.82,
01/01/2000,00:00:01.71,125.00,431.15,-920.41,9.27,1.66,5.58,-10.35,3.60,-130.35,23.86,88.40,
01/01/2000,00:00:01.72,118.16,404.30,-933.59,6.63,3.05,6.24,-11.70,2.55,-130.20,24.10,87.77,
01/01/2000,00:00:01.73,136.23,416.02,-925.29,6.37,3.73,3.71,-10.50,3.75,-132.00,23.86,88.31,
01/01/2000,00:00:01.74,107.42,422.85,-908.69,9.66,4.24,3.75,-11.25,4.05,-130.20,24.10,88.61,
01/01/2000,00:00:01.75,119.14,425.29,-901.37,7.32,4.21,7.12,-10.95,3.75,-131.25,24.15,89.11,
01/01/2000,00:00:01.76,130.37,408.20,-883.79,6.43,3.58,5.42,-11.25,3.75,-132.00,24.20,89.37,
01/01/2000,00:00:01.77,120.12,416.50,-897.95,6.31,1.58,5.78,-11.25,3.75,-132.00,24.15,89.83,
01/01/2000,00:00:01.78,135.74,411.13,-870.61,4.75,-2.92,5.21,-11.40,3.15,-129.75,23.96,89.24,
01/01/2000,00:00:01.79,128.91,405.76,-876.46,4.37,-2.98,1.10,-11.70,3.30,-130.95,24.15,89.69,
01/01/2000,00:00:01.80,139.16,408.69,-874.51,1.79,2.60,1.11,-11.10,2.70,-131.55,24.10,89.91,
01/01/2000,00:00:01.81,125.49,405.27,-902.34,2.82,3.27,-0.79,-10.50,3.75,-130.95,24.20,90.32,
01/01/2000,00:00:01.82,147.95,436.04,-883.79,3.80,4.34,2.43,-10.50,3.75,-130.95,23.86,90.53,
01/01/2000,00:00:01.84,131.35,415.04,-872.56,1.90,6.53,1.78,-10.95,3.75,-131.25,23.96,90.16,
01/01/2000,00:00:01.85,137.70,404.79,-869.63,-0.69,8.18,0.40,-11.70,2.55,-130.95,24.15,90.36,
01/01/2000,00:00:01.86,128.42,380.86,-870.12,-3.35,6.17,4.14,-12.60,3.60,-131.55,24.00,90.73,
01/01/2000,00:00:01.89,126.46,405.76,-888.67,-10.49,2.39,4.76,-11.10,2.70,-129.75,24.00,87.36,
01/01/2000,00:00:01.90,123.54,406.25,-920.41,-7.52,3.52,2.05,-12.30,3.75,-131.25,24.20,87.11,
01/01/2000,00:00:01.92,139.16,429.69,-907.23,-8.95,0.71,2.35,-11.40,3.90,-130.05,24.10,86.73,
01/01/2000,00:00:01.92,128.91,421.88,-926.27,-12.75,2.69,2.24,-12.60,3.90,-131.55,24.10,86.96,
01/01/2000,00:00:01.94,139.16,422.85,-927.73,-12.66,0.83,0.09,-11.85,2.40,-129.30,24.20,87.33,
01/01/2000,00:00:01.94,119.63,431.64,-916.50,-12.98,0.15,-0.72,-11.85,2.40,-129.30,24.00,87.69,
01/01/2000,00:00:01.96,146.97,424.80,-907.23,-9.11,0.48,-2.47,-11.85,3.90,-130.80,24.29,87.89,
01/01/2000,00:00:01.96,143.07,443.85,-897.46,-7.15,1.44,-2.46,-12.00,4.50,-129.15,24.15,88.24,
01/01/2000,00:00:01.98,128.91,426.76,-875.49,-9.70,2.65,-6.58,-13.05,3.75,-130.20,24.15,87.86,
01/01/2000,00:00:01.99,114.26,426.76,-860.84,-6.43,-1.04,-4.72,-12.15,3.60,-130.35,24.10,88.05,
01/01/2000,00:00:02.00,123.54,403.81,-873.05,-10.75,-2.28,-1.47,-12.15,3.60,-130.35,24.10,88.37,
01/01/2000,00:00:02.00,113.28,412.60,-888.67,-12.05,-4.37,1.21,-12.15,3.90,-131.10,23.96,88.69,
01/01/2000,00:00:02.01,122.07,408.20,-880.37,-9.63,-7.81,-2.05,-12.00,3.00,-130.95,24.48,88.86,
01/01/2000,00:00:02.02,130.37,452.15,-886.72,-6.61,-4.05,-2.39,-11.70,3.75,-129.90,24.10,88.63,
01/01/2000,00:00:02.03,132.81,448.24,-901.86,-8.60,2.81,-6.24,-11.85,3.90,-129.75,24.15,88.79,
01/01/2000,00:00:02.04,145.51,437.99,-881.84,-10.59,0.82,-7.22,-11.70,3.30,-130.65,23.96,88.95,
01/01/2000,00:00:02.05,141.60,447.75,-887.21,-16.51,2.28,-6.25,-11.70,3.30,-130.65,24.10,89.24,
01/01/2000,00:00:02.06,137.70,454.10,-894.04,-21.24,2.99,-8.82,-11.85,3.60,-130.80,24.20,89.39,
01/01/2000,00:00:02.07,105.96,464.84,-847.66,-27.95,2.14,-8.25,-11.85,4.65,-129.30,24.10,89.16,
01/01/2000,00:00:02.08,120.61,442.38,-843.26,-34.34,-3.88,-9.73,-11.25,2.55,-129.45,24.15,89.31,
01/01/2000,00:00:02.09,127.44,430.18,-868.16,-33.07,-8.38,-10.53,-11.25,4.05,-129.90,24.20,89.57,
01/01/2000,00:00:02.10,118.16,417.48,-836.43,-33.92,-9.57,-8.18,-11.25,4.05,-129.90,24.29,89.71,
01/01/2000,00:00:02.11,132.81,460.45,-884.77,-32.84,-9.32,-6.08,-12.00,4.80,-129.90,24.20,89.96,
01/01/2000,00:00:02.12,136.72,492.19,-896.00,-36.79,-9.06,-1.37,-11.10,5.10,-129.75,24.10,90.09,
01/01/2000,00:00:02.14,98.63,539.55,-887.70,-47.60,-9.49,2.96,-12.75,4.05,-129.45,24.29,89.87,
01/01/2000,00:00:02.15,119.63,501.46,-864.26,-50.21,-9.01,-0.03,-11.85,4.65,-128.25,23.96,90.00,
01/01/2000,00:00:02.15,117.68,469.24,-857.42,-51.75,-7.30,3.56,-11.85,4.65,-128.25,24.00,90.12,
01/01/2000,00:00:02.16,101.07,491.21,-857.42,-53.13,-9.42,4.59,-11.85,5.85,-127.20,24.34,90.35,
01/01/2000,00:00:02.17,102.54,501.95,-833.50,-49.08,-8.76,8.60,-11.70,7.95,-127.65,24.15,90.58,
01/01/2000,00:00:02.19,157.23,536.13,-846.19,-23.16,-5.60,0.96,-11.40,5.40,-126.00,24.29,90.26,
01/01/2000,00:00:02.20,115.23,501.46,-849.61,-20.92,-10.52,11.33,-11.10,6.60,-126.00,24.10,90.38,
01/01/2000,00:00:02.21,121.09,510.25,-804.69,-15.23,-13.13,12.89,-13.20,8.40,-126.00,24.10,90.59,
01/01/2000,00:00:02.22,60.06,562.50,-875.00,-11.37,-12.42,16.76,-13.20,8.40,-126.00,24.29,90.70,
01/01/2000,00:00:02.23,105.96,486.33,-816.89,-5.19,-11.86,10.76,-11.85,6.90,-126.00,24.00,90.91,
01/01/2000,00:00:02.24,103.03,490.72,-805.18,-4.91,-11.31,11.50,-12.60,6.90,-125.70,24.00,90.60,
01/01/2000,00:00:02.25,109.38,515.14,-819.82,-0.47,-12.12,11.37,-12.60,7.65,-125.70,24.20,90.81,
01/01/2000,00:00:02.26,117.68,515.14,-832.03,-2.66,-10.99,6.66,-12.60,7.65,-125.40,24.48,90.91,
01/01/2000,00:00:02.27,119.63,541.50,-867.68,-3.66,-5.34,3.76,-12.30,7.95,-125.85,24.10,91.11,
01/01/2000,00:00:02.28,109.38,548.34,-881.84,0.42,-4.58,3.36,-12.30,7.95,-125.85,24.00,91.20,
01/01/2000,00:00:02.29,141.60,539.06,-953.61,10.73,5.77,-0.94,-11.10,8.40,-126.00,24.34,91.01,
01/01/2000,00:00:02.30,111.33,487.79,-838.38,10.63,-3.08,-3.04,-11.40,7.65,-126.45,24.15,91.10,
01/01/2000,00:00:02.31,121.09,532.23,-844.73,8.85,-2.94,-3.27,-10.50,7.20,-125.10,24.10,91.29,
01/01/2000,00:00:02.32,94.73,586.43,-874.51,19.82,1.73,-3.82,-10.50,7.20,-125.10,24.15,91.38,
01/01/2000,00:00:02.33,136.23,551.76,-848.14,29.42,13.27,-5.47,-11.70,8.25,-126.60,24.29,91.56,
01/01/2000,00:00:02.34,155.27,548.83,-843.75,30.74,16.63,-9.19,-10.65,7.35,-125.40,24.10,91.64,
01/01/2000,00:00:02.35,171.39,500.49,-816.89,22.38,12.75,-14.57,-10.35,6.15,-127.50,24.39,91.45,
01/01/2000,00:00:02.36,37.11,518.07,-903.32,-4.29,-14.55,-17.11,-11.10,7.35,-127.20,24.29,91.54,
01/01/2000,00:00:02.39,99.12,514.65,-825.20,3.86,-3.53,-9.64,-11.85,5.85,-126.00,24.29,89.78,
01/01/2000,00:00:02.41,32.23,521.00,-890.14,0.30,-12.28,-11.20,-11.85,6.90,-126.00,24.10,89.62,
01/01/2000,00:00:02.42,101.56,523.93,-821.29,4.37,-8.42,-15.33,-11.25,6.90,-126.00,24.10,89.72,
01/01/2000,00:00:02.43,76.66,522.95,-996.09,23.06,-14.43,-21.34,-10.50,6.75,-125.85,24.29,89.48,
01/01/2000,00:00:02.44,77.64,408.20,-751.95,7.33,-21.62,-18.76,-10.50,6.75,-125.85,24.10,89.66,
01/01/2000,00:00:02.45,-21.00,500.00,-834.47,9.42,-10.72,-16.83,-9.60,6.90,-126.00,24.00,89.76,
01/01/2000,00:00:02.46,71.78,417.97,-831.54,17.24,-3.13,-15.07,-10.50,5.55,-126.30,24.29,89.93,
01/01/2000,00:00:02.47,77.64,421.88,-855.47,6.09,-1.31,-13.36,-9.30,6.60,-126.75,24.20,90.02,
01/01/2000,00:00:02.48,83.98,469.24,-836.43,1.21,1.44,-10.29,-8.85,5.40,-126.45,24.29,89.87,
01/01/2000,00:00:02.49,79.59,478.03,-882.32,0.32,0.18,-9.63,-8.85,5.40,-126.45,24.00,89.96,
01/01/2000,00:00:02.50,101.07,471.68,-833.50,-3.10,3.05,-7.01,-10.35,6.15,-127.20,24.34,90.12,
01/01/2000,00:00:02.51,65.43,490.23,-874.02,-4.73,-6.46,-3.41,-10.65,7.35,-126.45,24.15,90.21,
01/01/2000,00:00:02.52,66.41,487.30,-883.79,1.41,-5.91,-6.98,-10.95,7.20,-127.35,24.39,90.37,
01/01/2000,00:00:02.53,63.48,471.19,-895.51,3.98,-11.50,-7.70,-8.85,4.65,-124.95,24.10,90.45,
01/01/2000,00:00:02.54,14.65,469.24,-882.32,2.08,-8.94,-7.22,-10.05,5.10,-126.45,24.29,90.30,
01/01/2000,00:00:02.55,-6.84,466.31,-877.44,2.12,-0.53,1.75,-10.05,5.10,-126.45,24.20,90.38,
01/01/2000,00:00:02.56,30.76,443.36,-837.40,8.23,4.90,1.04,-7.95,6.00,-126.60,24.39,90.53,
01/01/2000,00:00:02.57,53.22,438.48,-854.98,1.50,0.56,1.79,-9.75,5.55,-126.60,24.10,90.61,
01/01/2000,00:00:02.58,53.71,443.85,-845.70,-4.83,1.53,4.58,-9.75,4.80,-127.35,24.34,90.76,
01/01/2000,00:00:02.59,52.73,475.59,-883.30,0.27,-0.98,3.44,-8.55,5.85,-126.45,24.20,90.54,
01/01/2000,00:00:02.60,49.80,478.03,-890.62,-1.29,-2.82,1.50,-8.55,5.85,-126.45,24.15,90.69,
01/01/2000,00:00:02.61,62.99,509.28,-896.48,0.53,1.02,-2.36,-9.60,5.40,-126.45,24.39,90.77,
01/01/2000,00:00:02.62,80.57,489.26,-889.16,-3.20,-0.10,-0.21,-9.75,5.25,-127.05,23.81,90.91,
01/01/2000,00:00:02.63,67.38,487.30,-870.12,2.14,3.85,0.95,-10.20,5.25,-126.60,24.29,90.98,
01/01/2000,00:00:02.64,53.22,494.14,-837.89,8.95,12.77,-1.52,-10.20,5.25,-126.60,24.15,91.12,
01/01/2000,00:00:02.66,58.59,454.59,-933.59,1.11,-7.79,3.73,-8.85,4.65,-127.20,24.29,90.91,
01/01/2000,00:00:02.66,70.31,486.82,-896.97,2.56,-7.01,6.76,-9.30,6.15,-126.00,24.20,91.05,
01/01/2000,00:00:02.67,69.82,466.80,-703.61,-0.28,-13.82,8.67,-10.20,5.25,-126.30,24.34,91.11,
01/01/2000,00:00:02.68,55.18,464.36,-856.45,0.70,-10.58,6.84,-10.35,5.10,-126.45,24.39,91.25,
01/01/2000,00:00:02.69,35.16,458.98,-861.33,-6.14,-10.97,8.26,-8.70,4.05,-126.30,24.39,91.31,
01/01/2000,00:00:02.71,20.02,477.54,-902.34,2.94,-2.95,7.75,-9.60,5.85,-127.50,24.15,91.18,
01/01/2000,00:00:02.72,65.92,496.58,-834.96,15.44,-0.26,10.05,-9.60,5.85,-127.50,23.96,91.24,
01/01/2000,00:00:02.73,-48.34,375.49,-825.68,-3.50,3.98,13.60,-9.45,4.50,-127.35,24.39,91.30,
01/01/2000,00:00:02.74,80.57,435.55,-844.73,-1.56,1.25,17.41,-9.75,5.55,-126.60,24.39,91.43,
01/01/2000,00:00:02.74,-0.98,421.39,-869.14,0.66,17.40,19.11,-10.65,6.15,-127.50,23.86,91.56,
01/01/2000,00:00:02.76,-4.39,439.45,-970.70,4.47,20.14,20.56,-9.00,6.00,-127.05,24.15,91.36,
01/01/2000,00:00:02.77,634.77,637.70,-345.21,16.97,-7.49,1.44,-9.00,6.00,-127.05,24.39,91.42,
01/01/2000,00:00:02.78,140.14,307.62,-791.99,-0.95,-11.44,27.63,-9.00,6.00,-127.05,24.48,91.54,
01/01/2000,00:00:02.79,162.11,817.38,-1060.06,27.53,-2.98,-10.35,-10.35,4.65,-126.45,24.20,91.60,
01/01/2000,00:00:02.80,185.06,583.01,-945.31,42.32,-2.84,4.86,-10.20,5.25,-126.60,23.96,91.72,
01/01/2000,00:00:02.81,70.80,422.85,-893.55,21.07,4.42,4.91,-9.30,5.40,-127.50,24.34,91.84,
01/01/2000,00:00:02.82,134.77,395.51,-847.17,43.29,17.68,7.67,-9.00,4.50,-127.05,24.34,91.65,
01/01/2000,00:00:02.83,101.07,449.71,-817.38,19.06,21.41,3.63,-11.10,5.85,-128.25,24.39,91.71,
01/01/2000,00:00:02.84,94.73,496.58,-869.14,15.98,15.63,1.69,-10.50,4.50,-128.40,24.39,91.82,
01/01/2000,00:00:02.85,72.75,459.47,-885.74,18.47,18.04,0.53,-10.35,3.60,-129.00,24.10,91.88,
01/01/2000,00:00:02.86,85.94,452.64,-894.04,24.51,21.69,0.79,-11.25,4.05,-129.90,24.20,91.99,
01/01/2000,00:00:02.90,92.29,421.88,-874.51,10.83,10.87,3.56,-10.95,4.05,-128.85,24.34,90.26,
01/01/2000,00:00:02.91,101.56,420.41,-876.46,4.53,13.42,1.93,-11.25,2.25,-128.85,24.39,90.15,
01/01/2000,00:00:02.92,101.07,413.57,-875.98,2.43,6.76,8.70,-12.75,4.80,-130.20,24.15,90.22,
01/01/2000,00:00:02.93,95.70,438.96,-907.23,5.61,1.33,5.67,-12.75,4.80,-130.20,24.20,90.33,
01/01/2000,00:00:02.94,113.77,431.64,-892.58,5.83,-0.99,4.36,-12.75,4.80,-130.20,24.20,90.40,
01/01/2000,00:00:02.95,114.26,434.08,-915.53,5.29,2.31,2.66,-12.30,4.50,-128.85,24.39,90.51,
01/01/2000,00:00:02.96,121.58,420.41,-917.48,7.87,6.90,1.52,-11.70,4.50,-129.15,24.34,90.35,
01/01/2000,00:00:02.97,123.05,419.43,-916.02,7.53,6.69,2.49,-12.60,3.15,-130.05,24.15,90.46,
01/01/2000,00:00:02.98,104.00,417.48,-911.62,7.65,9.57,3.41,-11.70,4.50,-129.90,24.20,90.52,
01/01/2000,00:00:02.99,90.82,390.62,-905.27,7.46,14.20,1.00,-11.70,4.50,-129.90,24.29,90.63,
01/01/2000,00:00:03.00,108.89,411.13,-886.72,11.64,15.00,2.10,-11.85,4.35,-130.80,24.20,90.69,
01/01/2000,00:00:03.01,138.67,447.27,-892.09,13.15,11.63,2.97,-11.70,4.50,-130.95,24.20,90.58,
01/01/2000,00:00:03.02,130.86,440.92,-911.62,11.44,9.95,1.06,-12.75,3.30,-130.20,24.39,90.64,
01/01/2000,00:00:03.03,161.62,413.57,-896.97,11.74,3.18,1.22,-13.05,1.80,-130.20,24.29,90.69,
01/01/2000,00:00:03.04,161.13,385.25,-867.19,8.24,-5.60,6.27,-12.75,3.30,-131.25,24.34,90.80,
01/01/2000,00:00:03.05,259.28,23.44,-662.11,-38.11,-32.39,43.37,-12.75,3.30,-131.25,24.10,90.91,
01/01/2000,00:00:03.07,125.98,335.45,-797.85,23.05,-7.05,12.06,-12.15,4.35,-129.00,24.34,90.75,
01/01/2000,00:00:03.08,185.06,458.98,-849.12,-7.31,-14.19,-5.04,-11.10,3.15,-130.35,24.20,90.80,
01/01/2000,00:00:03.09,116.21,458.98,-966.80,-4.28,-16.21,0.63,-11.10,3.60,-130.05,24.39,90.91,
01/01/2000,00:00:03.10,126.46,414.06,-884.28,2.47,-13.11,-0.57,-11.10,3.60,-130.05,24.10,90.96,
01/01/2000,00:00:03.10,134.28,400.88,-881.35,-5.63,-16.30,2.94,-12.00,2.55,-130.65,24.34,91.06,
01/01/2000,00:00:03.11,128.91,395.51,-904.79,-9.72,-19.11,5.31,-11.85,4.65,-130.05,24.34,91.11,
01/01/2000,00:00:03.13,118.65,415.53,-901.86,-9.34,-16.33,1.87,-11.10,2.40,-129.00,24.34,91.01,
01/01/2000,00:00:03.14,100.10,421.39,-886.72,-9.11,-11.60,5.08,-11.10,3.60,-131.10,24.15,91.06,
01/01/2000,00:00:03.15,116.21,425.78,-897.46,-7.27,-11.69,4.64,-11.40,3.15,-131.10,24.15,91.16,
01/01/2000,00:00:03.16,96.68,413.57,-909.18,-3.84,-5.93,1.50,-11.40,3.15,-131.10,24.53,91.21,
01/01/2000,00:00:03.17,105.47,403.81,-876.46,-4.02,-4.06,0.27,-11.85,3.60,-128.55,24.20,91.31,
01/01/2000,00:00:03.18,87.40,396.97,-860.84,-3.50,-2.73,5.24,-12.15,2.70,-130.05,24.39,91.16,
01/01/2000,00:00:03.19,90.82,419.92,-886.72,-0.65,-2.63,4.70,-12.00,3.75,-128.85,24.29,91.25,
01/01/2000,00:00:03.20,95.21,420.41,-872.07,1.79,-1.47,3.45,-10.95,3.75,-130.20,24.39,91.30,
01/01/2000,00:00:03.21,91.31,416.50,-865.23,-1.15,-5.11,3.37,-11.25,3.75,-129.90,24.34,91.40,
01/01/2000,00:00:03.22,101.56,411.62,-872.07,-6.44,-7.04,5.25,-11.25,3.75,-129.90,24.10,91.44,
01/01/2000,00:00:03.23,106.93,396.97,-878.91,-4.45,-7.76,7.70,-12.75,4.05,-131.25,24.10,91.34,
01/01/2000,00:00:03.24,118.16,426.27,-888.18,-4.69,-13.39,8.11,-10.65,3.60,-129.75,24.20,91.39,
01/01/2000,00:00:03.25,110.35,412.60,-879.39,-8.37,-16.30,9.21,-10.05,3.90,-130.05,24.39,91.48,
01/01/2000,00:00:03.26,108.89,395.51,-889.65,-12.53,-16.37,8.37,-11.70,2.55,-128.85,24.34,91.53,
01/01/2000,00:00:03.27,83.50,422.85,-886.23,-3.40,-9.36,5.98,-11.70,2.55,-128.85,24.10,91.62,
01/01/2000,00:00:03.28,84.96,440.92,-884.77,-2.11,-11.76,7.37,-11.25,3.30,-130.95,24.34,91.66,
01/01/2000,00:00:03.29,103.03,436.52,-907.23,-2.89,-12.66,7.44,-12.00,2.55,-129.90,24.39,91.52,
01/01/2000,00:00:03.30,95.70,416.02,-885.74,0.59,-10.23,4.13,-11.10,2.70,-129.00,24.48,91.61,
01/01/2000,00:00:03.31,91.31,459.47,-890.14,1.08,-13.96,4.95,-11.10,3.60,-130.80,24.34,91.65,
01/01/2000,00:00:03.32,89.36,424.32,-877.44,0.36,-14.43,2.46,-11.10,3.60,-130.80,24.00,91.74,
01/01/2000,00:00:03.33,95.70,423.34,-889.65,-3.11,-16.67,5.15,-11.70,3.00,-128.85,24.39,91.78,
01/01/2000,00:00:03.34,78.12,412.60,-884.28,-6.54,-18.40,5.60,-12.15,2.40,-128.55,24.34,91.68,
01/01/2000,00:00:03.35,77.64,422.85,-883.30,-8.63,-22.82,4.40,-10.50,4.05,-129.15,24.34,91.72,
01/01/2000,00:00:03.36,73.24,418.95,-873.54,-15.02,-21.06,6.02,-11.25,3.30,-129.45,24.10,91.77,
01/01/2000,00:00:03.37,84.47,452.15,-892.09,-18.15,-19.39,2.94,-11.25,3.30,-129.45,24.34,91.85,
01/01/2000,00:00:03.40,92.29,465.33,-918.46,-4.81,-4.43,-3.87,-11.25,3.75,-128.10,24.39,90.95,
01/01/2000,00:00:03.43,76.17,450.68,-894.53,-10.60,-0.18,-9.72,-10.65,3.90,-128.25,24.34,90.47,
01/01/2000,00:00:03.44,69.34,433.11,-879.39,-14.21,2.24,-10.31,-10.65,3.90,-128.25,24.29,90.52,
01/01/2000,00:00:03.45,66.89,407.23,-874.02,-16.15,0.85,-8.05,-11.10,3.90,-127.95,23.96,90.61,
01/01/2000,00:00:03.46,82.52,415.53,-872.07,-21.74,-5.66,-6.92,-10.20,3.75,-128.10,24.39,90.65,
01/01/2000,00:00:03.46,65.92,420.41,-871.09,-27.48,-6.50,-6.16,-10.65,4.65,-129.00,24.39,90.74,
01/01/2000,00:00:03.47,45.90,436.04,-856.45,-26.21,-2.42,-6.82,-10.05,6.15,-129.00,24.53,90.78,
01/01/2000,00:00:03.49,78.61,441.41,-816.41,-27.18,2.06,-8.06,-10.20,4.50,-128.10,24.29,90.70,
01/01/2000,00:00:03.50,58.11,471.68,-886.23,-26.15,0.49,-10.55,-10.35,4.65,-126.75,24.48,90.74,
01/01/2000,00:00:03.51,65.43,465.82,-859.38,-21.08,3.31,-9.58,-10.20,5.55,-127.35,24.29,90.82,
01/01/2000,00:00:03.52,62.50,472.66,-874.51,-19.17,2.74,-8.63,-10.35,4.65,-127.50,24.39,90.87,
01/01/2000,00:00:03.53,65.92,468.75,-877.44,-18.60,1.71,-9.19,-10.35,4.65,-127.50,23.96,90.95,
01/01/2000,00:00:03.54,82.03,479.00,-874.02,-12.82,-1.49,-5.45,-8.70,5.55,-127.05,24.34,90.83,
01/01/2000,00:00:03.55,77.64,487.79,-878.91,-7.11,-2.31,-3.15,-8.10,6.15,-127.20,24.34,90.91,
01/01/2000,00:00:03.56,65.43,459.47,-858.40,-2.35,-1.47,2.24,-9.45,6.45,-125.85,24.39,90.95,
01/01/2000,00:00:03.57,62.01,453.12,-843.26,0.34,-2.49,0.69,-9.45,5.25,-126.60,24.20,91.03,
01/01/2000,00:00:03.58,70.31,469.24,-850.59,0.85,-3.39,2.96,-9.75,4.50,-126.60,24.34,91.07,
01/01/2000,00:00:03.59,47.36,464.84,-854.00,-1.14,-5.49,3.34,-9.60,5.10,-126.00,24.48,90.99,
01/01/2000,00:00:03.60,65.92,458.50,-863.77,-4.52,-5.62,3.11,-9.60,5.10,-126.00,24.53,91.03,
01/01/2000,00:00:03.61,62.01,465.82,-881.35,-3.56,-4.66,3.46,-9.00,5.55,-127.35,24.48,91.11,
01/01/2000,00:00:03.62,65.92,470.21,-880.86,-1.89,-5.82,5.60,-9.45,6.75,-126.60,24.15,91.15,
01/01/2000,00:00:03.63,53.71,480.47,-884.28,1.08,-0.94,3.98,-8.85,6.15,-125.70,24.53,91.23,
01/01/2000,00:00:03.64,51.27,465.33,-875.98,2.46,-4.50,1.56,-9.60,5.85,-127.95,24.39,91.27,
01/01/2000,00:00:03.65,56.15,447.75,-896.00,3.91,-5.24,4.41,-9.60,5.85,-127.95,24.48,91.19,
01/01/2000,00:00:03.66,54.20,458.98,-888.67,7.60,-10.32,5.71,-9.60,5.85,-127.95,24.48,91.22,
01/01/2000,00:00:03.67,41.99,481.93,-872.07,10.99,-8.29,2.98,-10.35,3.90,-126.75,24.29,91.30,
01/01/2000,00:00:03.68,53.22,492.19,-888.67,14.46,-2.89,3.24,-8.55,5.40,-126.45,24.72,91.34,
01/01/2000,00:00:03.69,62.50,470.21,-863.28,13.05,-1.68,1.98,-9.45,4.50,-127.05,24.29,91.41,
01/01/2000,00:00:03.70,59.57,471.19,-854.49,6.91,-3.27,2.91,-8.70,5.55,-126.30,24.39,91.30,
01/01/2000,00:00:03.71,69.34,458.98,-883.79,7.90,-3.62,4.44,-7.80,6.60,-125.40,24.10,91.37,
01/01/2000,00:00:03.72,35.16,436.04,-868.16,14.16,6.02,4.71,-10.20,5.25,-126.30,24.20,91.41,
01/01/2000,00:00:03.73,46.39,451.66,-853.03,14.84,0.65,5.28,-8.10,4.35,-127.95,24.39,91.48,
01/01/2000,00:00:03.74,67.38,474.61,-868.65,16.96,-0.26,7.11,-9.30,4.35,-127.95,24.39,91.52,
01/01/2000,00:00:03.75,68.85,455.57,-834.96,12.52,-2.25,6.25,-9.30,5.10,-127.95,24.10,91.59,
01/01/2000,00:00:03.77,57.62,439.94,-841.80,7.44,-2.44,6.08,-9.30,4.65,-126.00,24.20,91.47,
01/01/2000,00:00:03.78,49.80,447.27,-836.43,6.76,-5.14,5.85,-9.75,4.50,-127.35,24.34,91.51,
01/01/2000,00:00:03.78,60.06,440.43,-869.63,3.24,-5.02,7.06,-10.05,5.10,-128.25,24.34,91.58,
01/01/2000,00:00:03.79,57.62,439.45,-883.79,0.12,-2.81,6.05,-10.05,5.10,-126.00,24.39,91.65,
01/01/2000,00:00:03.80,54.69,428.71,-907.23,-2.23,-1.56,6.76,-8.85,4.65,-127.50,24.15,91.69,
01/01/2000,00:00:03.82,53.22,438.96,-893.07,-4.50,-1.86,6.56,-8.85,4.65,-127.50,24.15,91.61,
01/01/2000,00:00:03.83,47.36,441.89,-890.62,-2.37,-3.98,4.86,-10.05,4.65,-126.00,24.39,91.64,
01/01/2000,00:00:03.84,55.66,444.82,-867.19,-5.37,-5.46,7.70,-9.75,2.55,-127.35,24.63,91.68,
01/01/2000,00:00:03.85,53.22,458.50,-866.21,-6.68,-5.72,6.95,-8.10,4.65,-128.55,24.20,91.75,
01/01/2000,00:00:03.86,55.18,436.52,-875.49,-10.14,-7.49,7.45,-8.40,6.45,-128.10,24.39,91.82,
01/01/2000,00:00:03.86,53.71,450.68,-862.79,-10.32,-9.84,4.90,-10.05,5.85,-127.50,24.48,91.85,
01/01/2000,00:00:03.88,52.73,436.52,-854.98,-17.38,-8.93,5.82,-10.05,5.85,-127.50,24.34,91.74,
01/01/2000,00:00:03.91,63.48,461.43,-873.05,-28.83,-7.61,-0.82,-9.75,5.25,-126.30,24.39,91.02,
01/01/2000,00:00:03.92,67.38,472.66,-878.42,-26.66,-10.01,-2.62,-9.75,5.25,-126.30,24.34,90.98,
01/01/2000,00:00:03.93,55.66,494.14,-874.51,-27.85,-10.46,-2.97,-9.75,5.25,-126.30,24.34,91.01,
01/01/2000,00:00:03.94,46.39,493.16,-872.07,-28.15,-8.63,-6.85,-9.30,6.15,-127.20,24.53,91.05,
01/01/2000,00:00:03.96,52.25,501.46,-859.86,-25.60,-6.65,-6.06,-9.75,7.20,-125.85,24.72,90.98,
01/01/2000,00:00:03.96,52.25,501.95,-856.93,-23.23,-6.79,-6.65,-8.85,6.60,-125.40,24.63,91.01,
01/01/2000,00:00:03.97,37.11,521.48,-851.56,-24.09,-4.52,-6.25,-7.80,7.35,-125.70,24.48,91.08,
01/01/2000,00:00:03.98,45.90,508.30,-842.29,-26.76,-0.94,-5.29,-7.80,7.35,-125.70,24.53,91.12,
01/01/2000,00:00:03.99,44.43,518.07,-839.36,-25.75,2.56,-6.18,-8.10,8.10,-124.95,24.39,91.18,
01/01/2000,00:00:04.01,53.71,516.11,-801.76,-30.16,7.05,-8.03,-8.55,6.60,-126.75,24.29,91.08,
01/01/2000,00:00:04.02,43.46,521.48,-810.06,-29.75,6.00,-12.70,-9.30,6.15,-123.60,24.39,91.11,
01/01/2000,00:00:04.03,57.13,545.41,-819.82,-26.69,8.50,-9.78,-8.10,8.10,-124.95,24.63,91.18,
01/01/2000,00:00:04.04,40.04,550.29,-819.82,-28.67,6.95,-8.82,-7.80,8.10,-124.95,24.20,91.25,
01/01/2000,00:00:04.05,48.83,519.53,-798.83,-32.75,5.47,-9.86,-7.80,8.10,-124.95,24.39,91.28,
01/01/2000,00:00:04.05,49.32,529.30,-771.97,-41.58,3.79,-13.37,-7.80,8.85,-125.40,24.29,91.35,
01/01/2000,00:00:04.07,118.65,602.54,-697.75,-28.08,-15.15,-29.20,-8.70,8.25,-123.30,24.29,91.24,
01/01/2000,00:00:04.08,82.03,639.16,-759.28,-17.92,-2.42,-32.16,-8.55,7.65,-123.90,24.53,91.28,
01/01/2000,00:00:04.09,13.67,637.70,-746.09,-11.89,11.85,-32.56,-8.55,7.65,-123.90,24.48,91.34,
01/01/2000,00:00:04.10,76.17,686.52,-589.84,18.20,9.20,-51.13,-8.55,9.60,-124.95,24.20,91.37,
01/01/2000,00:00:04.11,122.56,741.70,-646.97,37.03,32.57,-57.45,-7.95,9.00,-124.95,24.34,91.44,
01/01/2000,00:00:04.12,193.85,807.13,-776.86,71.10,24.47,-71.93,-6.30,8.40,-123.90,24.34,91.34,
01/01/2000,00:00:04.13,256.35,777.83,-835.94,135.31,13.19,-98.87,-6.90,7.95,-123.75,24.34,91.40,
01/01/2000,00:00:04.14,222.17,741.21,-829.10,196.87,-5.89,-130.79,-5.85,7.20,-124.05,24.34,91.43,
01/01/2000,00:00:04.15,180.66,676.76,-693.85,225.78,-7.43,-140.33,-5.85,7.20,-124.05,24.39,91.49,
01/01/2000,00:00:04.16,108.89,539.55,-711.43,240.37,-7.16,-149.38,-4.35,3.00,-128.85,24.53,91.52,
01/01/2000,00:00:04.17,38.09,350.59,-697.75,238.19,15.81,-147.09,-3.60,1.05,-128.40,24.34,91.46,
01/01/2000,00:00:04.18,25.39,262.21,-780.76,211.34,31.01,-140.80,-2.70,-0.45,-129.75,24.53,91.49,
01/01/2000,00:00:04.19,-28.81,109.38,-835.94,169.10,40.22,-134.40,-4.65,-3.75,-131.25,24.39,91.52,
01/01/2000,00:00:04.20,-64.94,67.87,-857.42,135.99,51.37,-129.75,-2.70,-5.10,-131.55,24.29,91.58,
01/01/2000,00:00:04.21,-78.61,161.62,-963.87,137.18,66.70,-121.10,-2.70,-5.10,-131.55,24.39,91.64,
01/01/2000,00:00:04.22,48.83,117.68,-1136.72,162.85,59.18,-111.98,-1.95,-6.15,-132.90,24.63,91.54,
01/01/2000,00:00:04.23,12.21,112.30,-1177.73,160.19,35.53,-106.17,-2.70,-7.65,-133.35,24.39,91.57,
01/01/2000,00:00:04.24,-13.18,-6.35,-1195.80,188.02,16.65,-94.29,-3.45,-10.35,-134.40,24.29,91.63,
01/01/2000,00:00:04.25,-83.01,-51.27,-1027.83,192.81,35.26,-76.07,-4.35,-12.15,-134.55,24.39,91.66,
01/01/2000,00:00:04.26,-93.26,-190.43,-1048.83,179.77,11.85,-69.05,-4.35,-12.15,-134.55,24.34,91.72,
01/01/2000,00:00:04.28,-141.11,-238.28,-1053.22,163.12,25.20,-45.15,-3.60,-13.95,-136.35,24.29,91.62,
01/01/2000,00:00:04.29,-99.12,-244.63,-1093.26,164.61,26.11,-33.91,-2.85,-17.70,-138.15,24.63,91.65,
01/01/2000,00:00:04.30,-0.49,-217.77,-1108.89,152.36,31.05,-27.73,-4.20,-18.00,-138.00,24.39,91.71,
01/01/2000,00:00:04.30,-25.88,-179.20,-1171.88,132.83,21.36,-22.44,-3.75,-19.80,-138.30,24.53,91.74,
01/01/2000,00:00:04.31,-9.77,-118.65,-1092.29,127.56,17.80,-20.05,-3.75,-19.80,-138.30,24.48,91.80,
01/01/2000,00:00:04.33,-17.09,-161.62,-1118.65,140.69,11.53,-19.28,-3.75,-22.95,-138.00,24.53,91.70,
01/01/2000,00:00:04.34,-17.58,-189.45,-1018.55,118.99,-1.27,-10.02,-4.35,-23.85,-137.85,24.15,91.73,
01/01/2000,00:00:04.35,-50.78,-233.40,-961.43,98.34,-3.13,-1.38,-2.70,-24.00,-139.50,24.53,91.79,
01/01/2000,00:00:04.36,-66.89,-274.41,-972.17,84.88,6.71,0.07,-2.55,-25.35,-139.65,24.68,91.85,
01/01/2000,00:00:04.37,-46.88,-292.48,-963.38,73.29,14.75,5.28,-2.55,-25.35,-139.65,24.48,91.87,
01/01/2000,00:00:04.38,-17.09,-280.76,-985.35,48.39,15.04,5.29,-2.55,-25.35,-139.65,24.29,91.93,
01/01/2000,00:00:04.42,40.53,-204.10,-1014.65,-37.36,33.20,-4.66,-5.55,-27.90,-139.05,24.48,91.06,
01/01/2000,00:00:04.43,65.43,-183.59,-1046.88,-53.62,24.95,-5.85,-5.55,-27.90,-139.05,24.34,91.00,
01/01/2000,00:00:04.44,57.13,-175.29,-1061.52,-57.63,16.45,-4.67,-6.15,-26.85,-139.20,24.29,91.03,
01/01/2000,00:00:04.45,71.29,-139.65,-1045.90,-53.32,9.69,-3.24,-6.30,-26.25,-140.55,24.72,91.06,
01/01/2000,00:00:04.46,52.25,-101.07,-1012.21,-39.24,4.89,6.17,-4.80,-25.95,-140.85,24.63,91.11,
01/01/2000,00:00:04.47,61.52,-104.98,-989.75,-18.60,1.41,12.78,-7.20,-26.55,-139.20,24.63,91.03,
01/01/2000,00:00:04.48,49.32,-70.31,-985.84,-16.27,-4.70,20.13,-7.20,-26.55,-139.20,24.48,91.08,
01/01/2000,00:00:04.49,52.25,-69.82,-977.54,-14.25,-7.15,20.90,-5.85,-26.55,-141.45,24.39,91.11,
01/01/2000,00:00:04.50,51.76,-69.34,-983.40,-14.38,-8.01,25.10,-5.40,-25.05,-141.00,24.53,91.17,
01/01/2000,00:00:04.51,56.64,-66.41,-950.68,-20.02,-5.34,22.38,-5.55,-26.25,-139.80,24.48,91.20,
01/01/2000,00:00:04.52,46.39,-10.74,-926.27,-40.79,-6.99,19.70,-7.05,-25.50,-139.05,24.53,91.14,
01/01/2000,00:00:04.53,78.12,-23.44,-959.96,-57.95,-9.34,21.42,-7.05,-25.50,-139.05,24.39,91.17,
01/01/2000,00:00:04.54,58.59,-17.09,-962.89,-77.73,-13.67,18.27,-5.40,-25.05,-141.45,24.63,91.19,
01/01/2000,00:00:04.55,59.57,-33.20,-974.12,-92.04,-17.37,18.97,-6.45,-22.35,-139.95,24.48,91.25,
01/01/2000,00:00:04.56,32.23,-46.39,-972.17,-100.53,-18.25,24.13,-6.15,-21.60,-139.95,24.53,91.28,
01/01/2000,00:00:04.58,-6.84,-12.70,-977.05,-99.82,-27.79,24.43,-5.40,-22.35,-139.20,24.39,91.22,
01/01/2000,00:00:04.58,-8.79,12.21,-1014.65,-109.71,-50.84,52.21,-5.40,-20.10,-139.95,24.34,91.25,
01/01/2000,00:00:04.59,1.46,-36.13,-989.75,-145.89,-40.58,56.82,-5.40,-20.10,-139.95,24.20,91.30,
01/01/2000,00:00:04.60,5.86,34.67,-972.66,-143.09,-39.79,52.40,-6.00,-19.05,-139.50,24.53,91.33,
01/01/2000,00:00:04.61,-2.93,44.43,-958.50,-127.37,-26.84,47.37,-5.10,-18.15,-138.15,24.63,91.38,
01/01/2000,00:00:04.63,-15.62,106.93,-958.98,-108.75,-18.18,35.85,-4.65,-15.45,-136.65,24.39,91.30,
01/01/2000,00:00:04.64,26.37,158.20,-904.79,-111.16,-15.56,35.96,-4.65,-15.45,-136.65,24.39,91.32,
01/01/2000,00:00:04.65,16.60,160.64,-955.57,-112.84,-11.69,33.74,-4.65,-15.45,-136.65,24.63,91.38,
01/01/2000,00:00:04.66,13.18,138.67,-973.14,-136.04,-12.98,41.50,-4.65,-15.45,-136.65,24.63,91.40,
01/01/2000,00:00:04.67,32.23,141.60,-1019.04,-159.76,-8.06,45.00,-4.20,-12.30,-135.75,24.29,91.46,
01/01/2000,00:00:04.68,-9.28,227.05,-1020.51,-158.85,-18.24,50.77,-4.35,-9.75,-135.60,24.39,91.37,
01/01/2000,00:00:04.69,3.42,253.42,-1062.50,-139.69,-4.76,51.93,-4.20,-7.65,-133.65,24.39,91.43,
01/01/2000,00:00:04.70,25.39,206.54,-950.68,-114.67,-10.14,42.98,-4.20,-7.65,-133.65,24.53,91.45,
01/01/2000,00:00:04.71,-5.86,248.54,-1038.09,-109.63,-14.02,43.31,-3.90,-6.00,-132.75,24.29,91.51,
01/01/2000,00:00:04.72,-38.57,285.16,-1034.67,-99.05,-10.68,42.25,-3.90,-5.25,-133.05,24.39,91.53,
01/01/2000,00:00:04.73,-28.81,338.38,-1024.90,-104.72,-9.48,46.38,-6.15,-4.05,-133.80,24.63,91.58,
01/01/2000,00:00:04.74,6.35,314.94,-886.23,-114.44,-6.89,48.76,-5.10,-3.00,-130.95,24.39,91.50,
01/01/2000,00:00:04.75,-39.55,349.61,-968.75,-124.43,-3.65,51.24,-5.85,-0.75,-130.95,24.39,91.52,
01/01/2000,00:00:04.76,5.86,362.30,-853.52,-117.18,-2.21,49.28,-5.85,-0.75,-130.95,24.53,91.58,
01/01/2000,00:00:04.77,32.23,368.65,-899.90,-109.78,5.85,45.68,-6.15,0.00,-129.90,24.39,91.63,
01/01/2000,00:00:04.78,42.97,420.90,-898.93,-93.82,6.44,41.92,-4.65,1.50,-128.40,24.72,91.65,
01/01/2000,00:00:04.79,51.27,435.06,-897.95,-78.24,-1.87,30.08,-6.75,1.20,-127.50,24.29,91.60,
01/01/2000,00:00:04.80,76.17,428.71,-916.50,-73.29,-5.75,31.77,-6.75,1.20,-127.20,24.39,91.62,
01/01/2000,00:00:04.81,69.82,438.96,-941.41,-59.88,-10.10,27.97,-6.75,1.20,-127.20,24.39,91.64,
01/01/2000,00:00:04.82,40.53,439.45,-946.78,-60.44,-17.49,19.91,-5.55,4.35,-126.75,24.39,91.70,
01/01/2000,00:00:04.83,42.48,423.83,-864.75,-49.71,-11.17,24.53,-6.75,3.90,-127.50,24.10,91.72,
01/01/2000,00:00:04.84,9.77,392.58,-854.49,-48.46,-12.80,22.53,-7.20,3.30,-124.05,24.53,91.66,
01/01/2000,00:00:04.85,-14.65,423.83,-827.15,-54.16,-8.06,19.20,-6.15,3.75,-125.10,24.48,91.69,
01/01/2000,00:00:04.86,2.93,476.56,-771.97,-50.04,-5.27,18.32,-6.15,3.75,-125.10,24.10,91.74,
01/01/2000,00:00:04.87,-11.23,507.81,-778.81,-53.98,-3.60,21.40,-6.15,3.75,-125.10,24.72,91.76,
01/01/2000,00:00:04.88,18.07,483.89,-761.23,-69.18,4.24,21.37,-7.05,6.15,-124.20,24.63,91.81,
01/01/2000,00:00:04.92,9.77,541.50,-828.12,-12.59,-9.31,6.31,-9.00,7.20,-124.50,24.10,91.06,
01/01/2000,00:00:04.94,13.67,514.65,-816.89,10.37,-5.46,1.86,-6.45,8.25,-121.95,24.39,91.01,
01/01/2000,00:00:04.94,-2.93,491.70,-825.20,17.36,-8.56,0.62,-7.05,8.10,-122.10,24.29,91.04,
01/01/2000,00:00:04.95,-17.09,458.01,-865.23,15.84,-6.17,7.17,-6.90,7.95,-123.75,24.48,91.09,
01/01/2000,00:00:04.96,2.44,455.08,-876.46,7.03,-3.19,7.90,-7.65,8.70,-122.25,24.39,91.11,
01/01/2000,00:00:04.97,5.86,477.05,-880.37,2.94,1.55,12.07,-7.65,8.70,-122.25,24.53,91.16,
01/01/2000,00:00:04.99,38.09,492.68,-877.44,-4.13,8.98,15.75,-6.75,8.40,-122.40,24.34,91.08,
01/01/2000,00:00:05.00,30.27,519.53,-894.53,-5.85,8.61,12.89,-6.30,7.35,-122.85,24.15,91.13,
01/01/2000,00:00:05.01,59.57,536.13,-894.53,-0.48,10.28,13.69,-7.20,7.95,-124.80,24.63,91.16,
01/01/2000,00:00:05.02,61.04,519.53,-879.39,4.56,10.63,12.99,-7.95,8.70,-122.70,24.72,91.21,
01/01/2000,00:00:05.03,65.43,522.95,-892.58,6.44,5.92,9.71,-7.95,8.70,-122.70,24.39,91.23,
01/01/2000,00:00:05.04,76.66,556.64,-942.38,22.97,-3.81,7.15,-7.95,8.70,-122.70,24.39,91.18,
01/01/2000,00:00:05.05,66.89,549.32,-988.28,47.22,-2.34,1.09,-8.40,9.00,-123.30,24.39,91.20,
01/01/2000,00:00:05.06,73.24,517.58,-960.45,67.26,-5.27,0.05,-8.55,8.10,-124.20,24.48,91.25,
01/01/2000,00:00:05.07,38.57,489.75,-959.96,74.14,-9.49,-8.73,-7.20,7.50,-124.05,24.39,91.28,
01/01/2000,00:00:05.08,47.36,491.70,-937.50,77.27,-12.66,-8.66,-8.10,6.15,-123.90,24.68,91.32,
01/01/2000,00:00:05.09,17.09,472.17,-915.53,71.21,-16.94,-6.38,-8.10,6.15,-123.90,24.29,91.35,
01/01/2000,00:00:05.10,4.88,443.36,-888.18,57.76,-17.25,-5.32,-7.05,3.60,-124.95,24.29,91.30,
01/01/2000,00:00:05.11,10.25,428.22,-845.70,45.07,-26.12,-1.15,-6.75,6.15,-126.75,24.72,91.32,
01/01/2000,00:00:05.12,-11.23,409.67,-847.66,21.80,-35.36,-1.08,-7.65,4.50,-127.05,24.53,91.34,
01/01/2000,00:00:05.13,-7.81,410.16,-875.49,3.84,-34.95,8.27,-6.45,4.80,-126.60,24.53,91.39,
01/01/2000,00:00:05.14,-11.72,443.36,-882.32,-0.83,-25.56,12.85,-6.45,4.80,-126.60,24.53,91.44,
01/01/2000,00:00:05.15,51.76,435.06,-774.41,-9.56,-34.91,20.33,-7.20,4.50,-126.30,24.29,91.36,
01/01/2000,00:00:05.16,-5.37,443.36,-799.80,-27.82,-28.95,24.68,-6.90,4.05,-127.05,24.34,91.39,
01/01/2000,00:00:05.17,-33.20,416.99,-835.94,-32.85,-23.88,27.60,-7.05,3.90,-126.75,24.39,91.41,
01/01/2000,00:00:05.18,-50.78,415.53,-823.24,-29.97,-12.11,38.19,-5.40,5.25,-125.55,24.34,91.46,
01/01/2000,00:00:05.19,-44.92,407.23,-802.73,-32.53,-8.15,42.31,-5.40,5.25,-125.55,24.39,91.50,
01/01/2000,00:00:05.20,-6.35,411.13,-774.41,-46.85,1.93,50.83,-6.00,5.10,-124.95,24.53,91.43,
01/01/2000,00:00:05.21,27.34,458.98,-733.40,-68.95,7.02,55.89,-7.95,5.55,-124.80,24.39,91.45,
01/01/2000,00:00:05.22,-3.42,474.12,-737.79,-86.53,5.51,62.04,-6.45,7.20,-124.05,24.39,91.50,
01/01/2000,00:00:05.23,-228.03,476.07,-753.42,-81.53,21.67,29.08,-8.10,7.35,-125.40,24.53,91.52,
01/01/2000,00:00:05.24,-103.52,531.25,-857.91,-50.06,50.82,-30.81,-7.80,9.30,-123.90,24.48,91.56,
01/01/2000,00:00:05.25,61.52,486.82,-832.03,-11.92,58.31,-45.55,-7.80,9.30,-123.90,24.63,91.59,
01/01/2000,00:00:05.27,114.26,489.75,-836.91,-0.33,43.18,-36.73,-8.10,8.10,-122.40,24.20,91.54,
01/01/2000,00:00:05.27,153.32,512.21,-850.10,-3.48,37.57,-18.56,-7.35,8.40,-122.40,24.48,91.56,
01/01/2000,00:00:05.28,103.03,477.05,-909.67,-0.07,25.69,2.57,-7.35,8.85,-123.60,24.48,91.60,
01/01/2000,00:00:05.29,42.48,474.61,-923.34,2.64,19.67,4.97,-7.20,7.95,-123.00,24.68,91.62,
01/01/2000,00:00:05.30,17.09,505.37,-919.43,18.79,20.76,3.02,-7.20,7.95,-123.00,24.39,91.67,
01/01/2000,00:00:05.32,115.23,500.98,-878.42,27.84,15.12,14.97,-10.05,8.10,-124.65,24.48,91.60,
01/01/2000,00:00:05.33,71.78,498.05,-868.65,21.75,11.29,15.22,-7.20,8.25,-123.75,24.53,91.62,
01/01/2000,00:00:05.34,117.19,466.31,-896.48,21.66,12.65,24.02,-9.00,9.45,-125.85,24.63,91.66,
01/01/2000,00:00:05.35,152.83,460.45,-928.71,16.13,1.56,35.79,-8.70,7.20,-124.80,24.39,91.71,
01/01/2000,00:00:05.36,131.35,458.98,-920.41,9.91,-5.92,45.60,-8.70,7.20,-124.80,24.39,91.73,
01/01/2000,00:00:05.37,84.96,477.05,-894.04,7.28,-9.53,43.89,-9.30,7.35,-125.40,24.72,91.68,
01/01/2000,00:00:05.38,62.50,468.75,-888.18,11.85,-10.79,42.50,-8.55,8.10,-124.65,24.72,91.70,
01/01/2000,00:00:05.39,62.99,462.89,-895.02,22.27,-5.28,34.54,-8.55,7.35,-125.40,24.29,91.72,
01/01/2000,00:00:05.40,93.75,455.08,-858.40,28.86,-3.02,29.55,-10.05,7.35,-125.70,24.72,91.76,
01/01/2000,00:00:05.45,77.64,461.91,-845.21,-20.63,-11.53,42.17,-9.00,7.50,-125.10,24.63,90.91,
01/01/2000,00:00:05.46,81.54,481.45,-869.14,-17.41,-5.16,30.05,-10.20,7.95,-125.85,24.72,90.86,
01/01/2000,00:00:05.47,164.06,471.19,-851.07,-18.44,-7.87,29.31,-11.25,8.25,-124.05,24.34,90.80,
01/01/2000,00:00:05.48,164.06,473.63,-825.68,-34.96,-17.98,28.49,-10.65,8.85,-126.75,24.29,90.82,
01/01/2000,00:00:05.49,123.54,513.18,-923.34,-41.65,-26.31,29.55,-10.95,9.45,-124.80,24.63,90.87,
01/01/2000,00:00:05.50,117.19,505.37,-908.69,-26.01,-11.95,25.06,-8.70,9.00,-125.85,24.34,90.89,
01/01/2000,00:00:05.51,109.86,482.91,-895.51,-23.54,-24.24,24.41,-10.50,9.45,-126.30,24.72,90.93,
01/01/2000,00:00:05.53,113.77,499.02,-876.95,-28.31,-25.03,19.59,-10.50,9.45,-126.30,24.39,90.87,
01/01/2000,00:00:05.53,113.28,500.49,-859.86,-28.27,-19.64,21.25,-10.05,9.60,-124.20,24.39,90.89,
01/01/2000,00:00:05.54,118.65,508.30,-838.38,-36.79,-17.04,17.41,-10.35,8.40,-125.40,24.48,90.93,
01/01/2000,00:00:05.55,114.26,499.51,-836.91,-44.36,-20.92,15.39,-10.50,11.25,-124.50,24.63,90.97,
01/01/2000,00:00:05.56,129.39,540.04,-838.38,-45.50,-26.18,18.24,-10.50,10.50,-123.30,24.53,91.00,
01/01/2000,00:00:05.58,-39.06,576.17,-567.87,24.61,87.26,4.74,-10.50,10.50,-123.30,24.48,90.93,
01/01/2000,00:00:05.59,105.96,536.13,-731.93,25.78,37.62,5.75,-10.20,12.45,-122.70,24.53,90.97,
01/01/2000,00:00:05.60,144.04,458.01,-778.81,5.59,22.50,9.24,-9.30,11.55,-122.40,24.53,90.99,
01/01/2000,00:00:05.61,120.12,511.23,-779.79,-0.37,17.87,3.36,-9.75,10.20,-124.05,24.39,91.04,
01/01/2000,00:00:05.62,135.25,527.34,-805.18,-2.34,0.54,2.09,-10.50,10.50,-125.55,24.53,91.06,
01/01/2000,00:00:05.63,123.54,521.48,-822.75,-10.93,-7.81,-1.19,-9.30,10.35,-124.65,24.63,91.02,
01/01/2000,00:00:05.64,125.49,509.77,-858.40,-11.40,-13.08,-2.28,-9.30,10.35,-124.65,24.63,91.04,
01/01/2000,00:00:05.65,106.45,523.93,-906.74,-5.56,-14.90,1.20,-10.35,9.60,-124.95,24.53,91.08,
01/01/2000,00:00:05.66,115.72,511.23,-858.89,-4.53,-5.33,1.98,-9.60,11.55,-124.65,24.63,91.10,
01/01/2000,00:00:05.67,122.07,472.66,-826.66,-8.86,1.05,5.88,-10.50,11.25,-124.05,24.68,91.14,
01/01/2000,00:00:05.68,111.82,500.49,-844.73,-11.05,-3.03,3.37,-10.50,10.95,-123.00,24.63,91.16,
01/01/2000,00:00:05.69,131.35,487.79,-790.53,-9.50,-3.24,8.85,-10.20,11.25,-123.30,24.39,91.12,
01/01/2000,00:00:05.70,124.51,507.81,-812.50,-25.02,-14.80,2.32,-10.65,11.85,-125.70,24.72,91.14,
01/01/2000,00:00:05.71,104.49,529.79,-827.15,-28.34,-25.82,5.50,-9.45,10.20,-123.75,24.53,91.16,
01/01/2000,00:00:05.72,106.45,507.32,-846.68,-30.88,-33.85,5.11,-11.40,12.30,-122.40,24.48,91.20,
01/01/2000,00:00:05.73,81.05,502.93,-846.19,-32.42,-38.31,2.16,-10.65,11.10,-122.40,24.53,91.24,
01/01/2000,00:00:05.74,57.62,627.93,-905.27,-6.69,-21.94,-10.32,-10.65,11.10,-122.40,24.53,91.18,
01/01/2000,00:00:05.75,115.23,539.55,-790.04,-9.28,-5.30,-6.89,-11.40,12.30,-123.15,24.63,91.20,
01/01/2000,00:00:05.76,61.52,555.18,-855.96,-3.18,-10.50,-18.02,-9.30,12.30,-121.35,24.34,91.24,
01/01/2000,00:00:05.77,97.17,526.37,-798.34,1.15,-4.00,-12.34,-10.35,12.60,-122.40,24.48,91.26,
01/01/2000,00:00:05.78,215.82,410.16,-611.82,-10.93,-12.32,-3.50,-9.45,12.15,-122.70,24.53,91.30,
01/01/2000,00:00:05.79,103.52,535.64,-773.44,-12.77,-8.23,-8.29,-9.45,12.15,-122.70,24.34,91.24,
01/01/2000,00:00:05.80,75.68,541.99,-781.74,-12.83,-12.34,-7.19,-9.45,12.15,-122.70,24.63,91.26,
01/01/2000,00:00:05.81,54.69,540.04,-800.29,-18.90,-19.22,-4.82,-9.60,11.10,-121.05,24.72,91.30,
01/01/2000,00:00:05.82,97.66,513.18,-799.32,-19.07,-16.84,-2.89,-10.05,13.35,-121.05,24.53,91.34,
01/01/2000,00:00:05.83,-4.39,524.90,-912.11,-4.37,-8.22,2.58,-9.30,12.60,-120.60,24.29,91.36,
01/01/2000,00:00:05.85,58.11,510.25,-841.31,-6.47,-7.56,3.58,-8.70,12.15,-121.95,24.29,91.31,
01/01/2000,00:00:05.86,56.15,574.71,-862.79,1.63,-4.05,1.79,-8.70,12.15,-121.95,24.72,91.33,
01/01/2000,00:00:05.86,75.68,559.57,-831.05,6.40,-0.27,2.15,-9.30,11.85,-121.35,24.63,91.35,
01/01/2000,00:00:05.87,68.85,589.36,-838.38,10.53,5.18,-4.28,-8.85,13.05,-120.60,24.29,91.39,
01/01/2000,00:00:05.88,78.61,551.27,-847.66,16.95,14.30,-6.54,-9.60,11.10,-122.40,24.63,91.43,
01/01/2000,00:00:05.89,70.80,531.25,-839.84,17.66,14.44,-5.98,-8.55,12.30,-121.05,24.39,91.45,
01/01/2000,00:00:05.93,45.41,536.62,-834.96,4.32,7.50,-3.85,-9.30,12.30,-121.80,24.29,90.87,
01/01/2000,00:00:05.95,77.15,552.73,-826.66,8.08,11.13,-4.61,-9.60,11.10,-121.35,24.53,90.83,
01/01/2000,00:00:05.96,79.59,512.21,-826.66,6.32,11.02,-1.63,-9.60,11.10,-121.35,24.39,90.85,
01/01/2000,00:00:05.97,83.01,520.51,-819.34,2.07,8.67,1.97,-8.85,11.55,-122.85,24.39,90.89,
01/01/2000,00:00:05.98,64.94,532.23,-830.57,3.02,9.07,1.18,-9.45,12.45,-123.00,24.53,90.91,
01/01/2000,00:00:05.99,83.01,516.11,-820.80,4.92,7.66,-1.28,-10.05,11.10,-121.80,24.63,90.87,
01/01/2000,00:00:06.00,70.31,525.39,-817.87,3.66,3.55,1.79,-8.85,12.60,-123.15,24.53,90.89,
01/01/2000,00:00:06.01,78.12,525.88,-830.57,2.76,-1.80,1.02,-10.35,10.80,-123.15,24.39,90.93,
01/01/2000,00:00:06.02,76.66,512.70,-836.91,0.55,-0.66,-0.17,-10.35,10.80,-123.15,24.63,90.95,
01/01/2000,00:00:06.03,74.22,513.18,-843.75,-0.75,-4.25,-0.98,-9.00,11.70,-123.75,24.39,90.99,
01/01/2000,00:00:06.04,68.36,508.30,-862.30,0.67,1.08,-2.02,-9.45,12.15,-123.30,24.82,91.01,
01/01/2000,00:00:06.05,81.54,530.76,-836.91,-2.15,1.63,1.56,-8.40,11.25,-121.95,24.53,90.97,
01/01/2000,00:00:06.06,92.77,537.11,-843.75,-5.69,4.35,-0.21,-10.20,12.45,-121.50,24.53,90.99,
01/01/2000,00:00:06.07,73.24,539.55,-862.30,-4.79,4.62,0.15,-10.20,12.45,-121.50,24.68,91.02,
01/01/2000,00:00:06.08,74.71,540.53,-837.89,-4.24,8.55,-2.54,-9.30,11.10,-123.15,24.53,91.04,
01/01/2000,00:00:06.09,82.52,529.30,-834.96,-2.34,7.44,0.14,-9.00,11.25,-123.30,24.53,91.08,
01/01/2000,00:00:06.10,76.66,546.39,-829.10,-3.08,7.32,2.49,-9.60,11.55,-122.40,24.15,91.02,
01/01/2000,00:00:06.11,87.89,541.99,-819.82,-2.95,3.79,0.70,-9.75,10.50,-123.75,24.72,91.06,
01/01/2000,00:00:06.12,87.89,522.46,-828.61,-6.08,8.38,0.63,-9.75,10.50,-123.75,24.48,91.08,
01/01/2000,00:00:06.13,93.26,521.00,-812.50,-9.95,2.90,0.29,-9.75,10.50,-123.75,24.68,91.12,
01/01/2000,00:00:06.14,75.68,525.88,-827.15,-14.47,-1.01,0.18,-9.45,11.25,-123.00,24.39,91.14,
01/01/2000,00:00:06.15,84.47,533.20,-818.36,-23.40,1.73,-1.54,-8.85,12.30,-121.80,24.48,91.10,
01/01/2000,00:00:06.16,99.12,534.18,-822.27,-24.85,0.73,-5.51,-9.45,12.45,-121.95,24.53,91.12,
01/01/2000,00:00:06.17,92.77,541.02,-814.45,-30.84,4.16,-4.99,-9.45,12.45,-121.95,24.34,91.15,
01/01/2000,00:00:06.18,82.03,528.81,-812.50,-36.97,7.74,-5.29,-10.35,13.35,-121.80,24.29,91.17,
01/01/2000,00:00:06.19,70.31,525.88,-821.78,-39.53,9.73,-6.63,-10.35,13.05,-121.80,24.53,91.21,
01/01/2000,00:00:06.20,62.99,508.30,-812.99,-35.34,11.17,-9.42,-10.95,11.25,-122.25,24.72,91.23,
01/01/2000,00:00:06.22,83.50,543.46,-826.66,-27.34,12.15,-7.85,-9.30,12.60,-121.35,24.63,91.19,
01/01/2000,00:00:06.22,82.03,577.15,-830.08,-13.44,8.40,-8.66,-9.75,13.20,-121.50,24.39,91.21,
01/01/2000,00:00:06.23,96.19,563.48,-806.15,-13.44,5.69,-12.26,-9.75,13.20,-121.50,24.72,91.23,
01/01/2000,00:00:06.24,72.27,583.50,-804.69,-16.41,2.46,-13.02,-10.95,13.20,-120.90,24.72,91.26,
01/01/2000,00:00:06.25,82.03,555.66,-796.88,-18.44,-3.37,-9.59,-9.30,13.05,-122.10,24.39,91.28,
01/01/2000,00:00:06.27,79.10,551.27,-803.22,-26.84,-4.92,-7.44,-8.70,14.40,-119.40,24.53,91.24,
01/01/2000,00:00:06.28,93.26,565.43,-799.32,-32.27,-1.66,-9.95,-10.65,14.10,-120.00,24.72,91.26,
01/01/2000,00:00:06.29,84.47,556.64,-776.86,-36.65,3.08,-9.37,-10.65,14.10,-120.00,24.63,91.30,
01/01/2000,00:00:06.30,76.17,540.53,-777.83,-38.96,-0.57,-4.37,-10.65,14.10,-120.00,24.39,91.31,
01/01/2000,00:00:06.30,99.12,619.14,-792.97,-19.31,2.35,-11.52,-8.40,13.65,-119.70,24.53,91.35,
01/01/2000,00:00:06.32,89.84,621.09,-773.44,-21.34,5.30,-5.05,-9.30,14.10,-119.55,24.72,91.29,
01/01/2000,00:00:06.33,87.89,606.45,-792.97,-14.62,7.45,-4.08,-9.45,15.45,-120.45,24.39,91.31,
01/01/2000,00:00:06.34,76.66,598.63,-805.18,-10.73,3.47,-4.18,-9.45,15.45,-120.45,24.82,91.35,
01/01/2000,00:00:06.35,88.38,600.59,-783.69,-2.13,-1.20,-2.73,-9.45,15.45,-120.45,24.72,91.38,
01/01/2000,00:00:06.36,76.66,606.93,-783.69,1.19,-6.02,-0.94,-8.10,13.05,-118.80,24.53,91.40,
01/01/2000,00:00:06.37,80.08,603.03,-772.46,-0.40,-9.89,-2.68,-9.00,13.95,-119.40,24.68,91.44,
01/01/2000,00:00:06.38,75.68,599.61,-777.83,-2.90,-11.49,-2.44,-9.00,13.20,-119.10,24.53,91.38,
01/01/2000,00:00:06.39,54.20,608.89,-785.64,-2.79,-12.31,-2.39,-8.70,15.15,-119.40,24.63,91.40,
01/01/2000,00:00:06.40,69.34,599.12,-797.85,0.60,-6.81,-0.86,-8.70,15.15,-119.40,24.48,91.43,
01/01/2000,00:00:06.41,65.92,585.45,-793.95,2.00,-5.95,0.09,-7.95,14.40,-119.10,24.63,91.47,
