rtcDate,rtcTime,aX,aY,aZ,gX,gY,gZ,mX,mY,mZ,imu_degC,output_Hz,
01/01/2000,00:00:01.34,209.47,859.86,-458.50,-2.47,-0.87,1.31,-26.40,20.55,-92.85,31.00,250.00,
01/01/2000,00:00:01.39,200.20,834.47,-518.07,91.67,-9.82,-26.27,-25.95,17.70,-94.20,30.95,37.04,
01/01/2000,00:00:01.40,197.27,837.40,-521.97,101.86,0.75,-23.92,-26.25,17.70,-94.20,31.00,45.45,
01/01/2000,00:00:01.41,204.10,810.06,-560.55,113.62,15.35,-31.53,-26.25,17.70,-94.20,30.81,52.63,
01/01/2000,00:00:01.42,249.51,823.73,-571.29,110.00,46.92,-36.64,-26.40,18.75,-95.40,31.00,58.14,
01/01/2000,00:00:01.43,93.75,703.61,-729.98,132.77,58.33,-43.26,-27.30,18.60,-97.05,30.81,60.61,
01/01/2000,00:00:01.44,236.33,859.86,-588.87,147.33,81.61,-45.26,-26.25,19.35,-97.35,30.95,64.22,
01/01/2000,00:00:01.45,216.80,875.00,-646.97,167.20,92.54,-48.89,-26.55,18.90,-99.90,31.00,67.23,
01/01/2000,00:00:01.46,180.66,821.78,-646.48,213.36,73.03,-57.54,-26.55,18.90,-99.90,30.86,70.31,
01/01/2000,00:00:01.47,225.10,820.80,-736.82,237.41,73.56,-54.48,-24.90,15.75,-104.40,30.81,72.46,
01/01/2000,00:00:01.49,267.09,779.30,-690.92,240.31,94.70,-37.61,-26.40,13.35,-104.10,31.14,72.85,
01/01/2000,00:00:01.50,270.02,781.74,-684.57,250.13,91.09,-33.31,-24.75,13.65,-107.85,30.71,74.53,
01/01/2000,00:00:01.51,-38.09,-96.19,-348.14,250.13,49.09,-42.15,-24.75,13.65,-107.85,30.95,76.47,
01/01/2000,00:00:01.52,414.06,551.27,-1357.91,250.13,48.23,-73.78,-24.75,13.65,-107.85,30.95,77.78,
01/01/2000,00:00:01.53,244.14,962.40,-595.70,250.13,33.16,-28.13,-24.30,12.30,-113.40,30.67,79.37,
01/01/2000,00:00:01.54,465.33,468.75,-1003.42,250.13,2.47,-12.24,-24.90,6.60,-117.75,31.00,78.82,
01/01/2000,00:00:01.55,293.46,375.49,-969.24,250.13,27.52,-14.21,-25.65,3.60,-122.40,30.67,79.81,
01/01/2000,00:00:01.56,300.78,339.36,-740.23,250.13,27.70,3.36,-25.65,3.60,-122.40,31.00,81.08,
01/01/2000,00:00:01.57,344.24,242.19,-837.40,250.13,1.93,19.28,-24.90,-1.95,-127.20,30.67,81.90,
01/01/2000,00:00:01.58,297.85,233.40,-1057.62,250.13,-27.53,21.11,-24.90,-4.65,-129.00,30.95,82.99,
01/01/2000,00:00:01.59,335.45,231.45,-1045.90,250.13,-42.07,36.88,-23.85,-6.60,-131.55,30.62,83.67,
01/01/2000,00:00:01.61,239.26,41.99,-952.64,250.13,-55.50,44.04,-23.85,-6.60,-131.55,31.05,83.33,
01/01/2000,00:00:01.62,191.41,7.32,-874.51,250.13,-33.21,27.09,-23.85,-6.60,-131.55,30.81,83.94,
01/01/2000,00:00:01.63,201.66,-75.20,-1033.69,230.45,-14.91,17.95,-23.70,-14.40,-133.80,31.14,84.51,
01/01/2000,00:00:01.64,99.12,-110.35,-868.16,202.66,35.91,-7.19,-24.75,-16.95,-133.05,30.95,85.32,
01/01/2000,00:00:01.65,225.59,-187.01,-890.62,223.87,24.52,3.16,-25.20,-17.70,-135.60,30.67,86.09,
01/01/2000,00:00:01.66,197.27,-248.05,-890.14,248.87,25.24,0.31,-25.20,-17.70,-135.60,30.81,85.44,
01/01/2000,00:00:01.67,225.10,-340.82,-864.26,248.98,12.90,2.35,-26.25,-21.90,-134.55,30.86,85.89,
01/01/2000,00:00:01.68,182.13,-394.53,-835.94,213.79,1.43,1.45,-24.00,-23.10,-135.30,31.00,86.57,
01/01/2000,00:00:01.69,183.11,-348.63,-887.70,171.34,2.15,-4.86,-23.85,-27.00,-136.95,30.81,86.96,
01/01/2000,00:00:01.70,240.72,-411.13,-917.48,159.82,-7.96,4.00,-26.55,-26.85,-137.40,30.95,87.57,
01/01/2000,00:00:01.71,271.00,-312.50,-975.59,190.93,-15.05,26.79,-25.20,-28.35,-135.30,31.00,86.96,
01/01/2000,00:00:01.72,283.69,-378.91,-957.52,210.54,-27.53,35.98,-26.10,-31.65,-138.30,31.00,87.30,
01/01/2000,00:00:01.73,247.07,-462.40,-940.92,213.74,-21.79,34.06,-25.50,-34.50,-137.10,31.05,87.86,
01/01/2000,00:00:01.74,239.75,-516.60,-926.27,227.89,-7.85,36.56,-24.75,-36.75,-137.40,31.19,88.16,
01/01/2000,00:00:01.75,262.70,-513.18,-929.69,250.13,-4.60,45.80,-24.75,-36.75,-137.40,30.95,88.67,
01/01/2000,00:00:01.76,266.11,-586.43,-856.93,250.13,-5.45,72.84,-24.00,-40.20,-135.60,31.24,88.10,
01/01/2000,00:00:01.78,252.93,-651.37,-776.86,250.13,-7.98,92.04,-25.20,-41.25,-134.55,30.67,88.37,
01/01/2000,00:00:01.78,143.07,-737.30,-624.51,250.13,-7.61,97.60,-23.40,-43.95,-135.60,30.95,88.84,
01/01/2000,00:00:01.80,-188.48,-826.66,-410.64,250.13,6.37,46.72,-23.40,-47.40,-134.85,31.05,89.29,
01/01/2000,00:00:01.80,-7.81,-707.03,-472.17,200.79,37.57,-17.41,-23.40,-47.40,-134.85,30.86,89.52,
01/01/2000,00:00:01.82,81.05,-771.48,-532.23,152.48,25.37,-34.15,-23.55,-51.30,-134.40,30.86,88.98,
01/01/2000,00:00:01.83,130.86,-778.32,-365.23,118.89,-2.11,-36.43,-25.65,-53.70,-131.55,31.19,89.40,
01/01/2000,00:00:01.84,155.76,-750.49,-356.93,56.22,10.16,-45.80,-24.30,-52.95,-130.80,31.24,89.61,
01/01/2000,00:00:01.85,112.79,-771.97,-466.80,16.54,16.49,-49.27,-24.45,-54.60,-133.05,30.71,90.00,
01/01/2000,00:00:01.86,165.53,-819.34,-511.72,5.63,14.16,-44.86,-24.45,-54.60,-133.05,31.14,90.20,
01/01/2000,00:00:01.90,220.21,-866.70,-595.21,14.43,-3.00,-18.06,-27.00,-55.05,-130.65,31.00,85.45,
01/01/2000,00:00:01.91,253.42,-853.03,-586.43,14.38,-16.56,-8.15,-27.00,-55.35,-131.25,31.05,85.26,
01/01/2000,00:00:01.92,223.63,-809.57,-556.64,19.78,-19.51,-1.00,-26.40,-54.00,-131.55,31.05,85.51,
01/01/2000,00:00:01.93,231.93,-752.44,-655.76,42.67,-33.26,9.47,-25.65,-55.50,-131.85,31.05,85.91,
01/01/2000,00:00:01.94,238.28,-784.67,-564.45,50.80,-18.52,11.44,-26.10,-56.25,-130.80,31.00,86.15,
01/01/2000,00:00:01.96,230.96,-867.19,-519.53,48.95,-5.26,8.47,-26.10,-56.25,-130.80,31.05,85.95,
01/01/2000,00:00:01.97,217.77,-871.09,-509.77,46.78,-3.37,11.46,-25.65,-56.25,-131.85,31.19,86.18,
01/01/2000,00:00:01.97,199.22,-862.30,-500.98,43.16,-0.94,6.37,-24.75,-56.10,-130.20,31.00,86.54,
01/01/2000,00:00:01.99,209.96,-861.82,-484.86,38.79,1.00,5.76,-25.20,-57.30,-130.95,31.14,86.75,
01/01/2000,00:00:01.99,212.40,-877.93,-495.61,28.32,1.02,2.94,-24.75,-56.55,-129.45,31.00,87.09,
01/01/2000,00:00:02.00,204.10,-876.95,-514.65,17.05,-0.18,0.60,-24.75,-56.55,-129.45,31.05,86.76,
01/01/2000,00:00:02.01,224.61,-877.44,-509.28,17.27,-0.69,2.56,-24.90,-57.00,-130.05,30.95,86.96,
01/01/2000,00:00:02.02,219.73,-868.16,-505.86,14.65,-1.48,5.18,-25.35,-57.00,-130.35,31.19,87.28,
01/01/2000,00:00:02.03,213.38,-851.07,-510.74,13.91,-4.54,1.67,-25.35,-57.45,-130.35,31.14,87.46,
01/01/2000,00:00:02.04,206.54,-845.21,-505.37,19.93,-2.47,4.79,-25.20,-58.35,-130.20,31.14,87.77,
01/01/2000,00:00:02.05,205.08,-881.35,-453.61,25.54,-0.55,4.17,-25.20,-58.35,-130.20,31.19,87.45,
01/01/2000,00:00:02.06,216.80,-867.68,-484.86,25.71,5.78,1.32,-24.00,-57.60,-129.90,31.05,87.74,
01/01/2000,00:00:02.07,206.05,-878.42,-473.14,30.14,4.44,3.71,-23.40,-56.85,-129.90,30.71,87.91,
01/01/2000,00:00:02.08,188.96,-877.44,-465.82,33.91,7.30,4.68,-23.10,-57.45,-129.30,31.00,88.20,
01/01/2000,00:00:02.09,194.82,-880.86,-465.33,34.81,12.62,-0.85,-25.20,-58.80,-128.85,31.05,88.35,
01/01/2000,00:00:02.10,198.24,-892.58,-448.73,34.34,13.69,3.40,-25.20,-58.80,-128.85,31.14,88.62,
01/01/2000,00:00:02.12,189.45,-902.34,-438.48,29.77,9.13,1.56,-24.90,-58.95,-127.95,31.14,88.31,
01/01/2000,00:00:02.12,205.08,-891.60,-468.75,28.29,5.49,4.18,-24.75,-58.35,-129.15,31.05,88.46,
01/01/2000,00:00:02.13,202.15,-885.74,-456.05,24.81,7.05,2.96,-25.65,-58.65,-127.95,30.81,88.72,
01/01/2000,00:00:02.14,204.10,-868.16,-445.31,32.33,6.97,5.68,-25.65,-58.65,-127.95,31.24,88.86,
01/01/2000,00:00:02.15,204.10,-880.37,-441.89,32.30,10.41,6.11,-24.45,-59.55,-127.05,31.24,89.11,
01/01/2000,00:00:02.17,209.47,-896.00,-418.95,34.01,6.74,5.53,-26.10,-60.45,-127.95,30.86,88.81,
01/01/2000,00:00:02.18,208.50,-899.90,-424.80,41.64,7.33,4.82,-25.35,-58.95,-127.95,31.14,89.05,
01/01/2000,00:00:02.19,216.80,-908.20,-414.55,50.74,7.60,12.16,-25.95,-60.75,-127.35,31.05,89.18,
01/01/2000,00:00:02.20,193.36,-918.46,-404.79,54.38,7.67,12.27,-25.95,-60.75,-127.35,31.00,89.41,
01/01/2000,00:00:02.21,194.34,-926.76,-391.11,41.97,10.21,6.50,-26.10,-61.95,-127.50,31.19,89.53,
01/01/2000,00:00:02.22,207.52,-904.30,-381.35,42.15,7.81,2.36,-25.50,-63.30,-127.05,31.14,89.35,
01/01/2000,00:00:02.23,204.10,-902.83,-392.09,40.56,9.37,3.86,-25.95,-61.05,-125.85,30.86,89.47,
01/01/2000,00:00:02.24,205.08,-906.25,-391.60,40.21,8.19,3.81,-25.65,-61.95,-126.45,31.05,89.59,
01/01/2000,00:00:02.25,206.05,-913.09,-376.46,40.57,10.51,5.30,-25.65,-61.95,-126.45,31.14,89.80,
01/01/2000,00:00:02.26,204.10,-901.37,-382.32,46.38,10.97,5.47,-25.65,-61.20,-125.70,31.05,89.91,
01/01/2000,00:00:02.27,199.22,-930.66,-341.31,41.18,9.02,1.32,-24.75,-63.00,-125.10,31.14,89.73,
01/01/2000,00:00:02.28,214.36,-924.32,-361.33,39.15,11.47,-0.29,-25.95,-63.30,-125.10,30.95,89.84,
01/01/2000,00:00:02.29,187.99,-917.48,-351.07,46.12,13.21,1.65,-25.95,-63.30,-125.10,31.34,90.04,
01/01/2000,00:00:02.30,212.89,-946.78,-332.52,46.70,10.24,6.49,-25.95,-63.30,-125.10,31.14,90.15,
01/01/2000,00:00:02.31,207.52,-962.89,-315.92,44.60,9.36,6.31,-26.40,-62.40,-126.00,31.00,90.34,
01/01/2000,00:00:02.32,184.08,-960.45,-309.08,31.66,4.40,5.14,-23.85,-64.35,-124.95,31.05,90.07,
01/01/2000,00:00:02.33,206.05,-955.57,-331.05,22.99,2.58,3.21,-24.60,-63.15,-126.00,31.14,90.17,
01/01/2000,00:00:02.34,194.82,-949.71,-318.36,19.31,2.01,1.80,-24.60,-63.15,-126.00,30.81,90.36,
01/01/2000,00:00:02.35,208.01,-958.01,-306.15,20.63,4.30,2.43,-25.35,-63.15,-124.20,31.14,90.46,
01/01/2000,00:00:02.36,197.27,-959.96,-308.11,23.21,1.27,2.35,-25.65,-63.15,-124.65,31.14,90.64,
01/01/2000,00:00:02.37,192.87,-957.03,-300.29,24.82,2.20,3.68,-26.25,-64.80,-124.80,31.19,90.82,
01/01/2000,00:00:02.41,198.73,-968.26,-281.74,22.85,2.78,2.57,-25.20,-65.55,-123.30,31.19,88.26,
01/01/2000,00:00:02.42,196.29,-950.68,-279.79,15.49,0.24,2.53,-24.30,-66.15,-122.85,31.14,88.13,
01/01/2000,00:00:02.43,188.48,-988.28,-270.02,10.24,1.64,3.50,-25.95,-65.25,-123.30,31.05,88.32,
01/01/2000,00:00:02.44,210.94,-970.21,-267.09,6.39,0.57,0.13,-25.95,-65.25,-123.30,31.05,88.42,
01/01/2000,00:00:02.45,195.31,-968.26,-272.95,1.66,-1.94,2.18,-26.55,-66.00,-124.05,31.19,88.61,
01/01/2000,00:00:02.47,196.78,-961.43,-267.58,1.69,0.73,2.80,-24.90,-65.85,-123.90,31.34,88.39,
01/01/2000,00:00:02.48,200.20,-967.29,-279.79,1.41,0.21,2.29,-25.35,-66.60,-121.80,31.14,88.57,
01/01/2000,00:00:02.49,190.43,-956.05,-277.34,0.49,-0.28,1.65,-26.40,-64.65,-122.85,31.24,88.67,
01/01/2000,00:00:02.50,213.38,-950.20,-263.18,-2.84,-2.77,-0.37,-26.40,-64.65,-122.85,31.19,88.85,
01/01/2000,00:00:02.51,216.31,-960.94,-267.58,-0.52,-2.59,1.12,-25.65,-65.85,-123.15,31.19,88.95,
01/01/2000,00:00:02.52,205.08,-981.93,-258.30,5.01,-1.34,1.34,-25.20,-65.55,-122.25,31.14,88.81,
01/01/2000,00:00:02.53,188.96,-978.52,-258.30,5.34,-6.02,4.22,-25.35,-64.65,-122.85,31.00,88.91,
01/01/2000,00:00:02.54,209.47,-965.82,-269.53,3.08,-5.37,3.40,-25.35,-64.65,-122.85,31.38,89.00,
01/01/2000,00:00:02.55,206.54,-952.15,-282.23,3.37,-3.02,1.18,-24.75,-65.25,-123.00,31.14,89.17,
01/01/2000,00:00:02.56,198.24,-966.31,-271.48,3.17,-0.21,-2.31,-24.30,-67.35,-122.85,30.95,89.26,
01/01/2000,00:00:02.57,189.45,-967.29,-272.46,0.72,-2.68,0.17,-26.10,-65.85,-122.85,31.14,89.13,
01/01/2000,00:00:02.58,195.80,-967.29,-260.25,-2.37,-1.49,-1.50,-25.50,-67.20,-122.70,31.24,89.21,
01/01/2000,00:00:02.59,202.15,-959.96,-259.77,-1.90,-3.76,0.38,-25.50,-67.20,-122.70,31.05,89.37,
01/01/2000,00:00:02.60,197.75,-956.54,-272.46,-2.59,-4.76,-1.97,-24.45,-66.00,-123.00,31.24,89.46,
01/01/2000,00:00:02.61,187.50,-963.87,-256.84,-1.44,-1.91,-0.47,-26.40,-65.10,-122.40,31.05,89.61,
01/01/2000,00:00:02.62,191.41,-965.82,-270.51,4.43,-1.32,-0.51,-24.60,-65.10,-122.85,30.95,89.41,
01/01/2000,00:00:02.63,192.38,-954.10,-272.46,5.87,-0.88,-0.04,-24.60,-65.10,-122.85,31.34,89.49,
01/01/2000,00:00:02.64,196.29,-970.70,-267.58,5.41,0.44,-0.99,-24.60,-65.10,-122.85,31.14,89.64,
01/01/2000,00:00:02.65,208.98,-955.08,-244.63,6.79,-0.35,-0.81,-24.90,-66.15,-122.40,30.81,89.72,
01/01/2000,00:00:02.66,189.45,-960.45,-230.96,3.42,-3.92,0.96,-25.35,-65.10,-122.10,31.38,89.87,
01/01/2000,00:00:02.67,207.03,-961.91,-257.32,-2.22,-3.29,-4.44,-25.35,-65.85,-122.85,31.05,90.02,
01/01/2000,00:00:02.68,198.73,-972.17,-256.35,1.24,-1.07,-3.44,-26.25,-67.20,-121.50,31.19,89.82,
01/01/2000,00:00:02.69,196.78,-981.93,-269.53,2.06,0.11,-1.40,-25.95,-66.75,-122.25,31.19,89.90,
01/01/2000,00:00:02.70,195.31,-966.31,-256.84,0.27,-1.65,-1.31,-24.90,-65.10,-122.40,31.19,90.04,
01/01/2000,00:00:02.71,197.27,-962.40,-262.70,0.98,-1.82,-2.38,-24.90,-65.10,-122.40,31.14,90.11,
01/01/2000,00:00:02.72,205.57,-956.54,-261.23,0.69,0.42,0.11,-25.50,-66.00,-124.05,31.19,90.25,
01/01/2000,00:00:02.74,198.24,-964.84,-260.74,4.02,0.20,-0.05,-26.10,-65.10,-121.80,31.38,90.06,
01/01/2000,00:00:02.75,202.15,-964.84,-260.25,1.16,0.02,-1.98,-25.35,-66.90,-122.10,31.14,90.13,
01/01/2000,00:00:02.76,196.78,-960.94,-259.77,1.25,-0.99,1.66,-26.40,-65.85,-122.85,31.34,90.26,
01/01/2000,00:00:02.77,208.01,-954.10,-251.46,-0.69,1.27,0.36,-25.35,-66.60,-123.60,31.34,90.40,
01/01/2000,00:00:02.77,201.66,-964.36,-258.30,0.66,0.33,1.31,-25.35,-66.60,-123.60,31.19,90.46,
01/01/2000,00:00:02.79,199.71,-958.98,-236.82,-3.54,-4.77,-3.14,-26.10,-65.85,-122.85,30.86,90.34,
01/01/2000,00:00:02.80,196.78,-969.24,-263.67,-6.50,-3.16,-4.49,-27.30,-66.30,-123.30,31.48,90.41,
01/01/2000,00:00:02.81,210.94,-955.57,-258.30,-9.19,-3.82,-2.52,-25.50,-64.50,-121.50,31.19,90.47,
01/01/2000,00:00:02.82,193.36,-973.14,-261.23,-4.01,-2.69,-0.37,-24.75,-65.55,-122.70,31.05,90.60,
01/01/2000,00:00:02.83,190.92,-972.17,-260.74,-5.26,-3.42,-1.19,-24.75,-65.55,-122.70,31.14,90.66,
01/01/2000,00:00:02.84,196.78,-969.73,-269.53,-6.92,0.18,-2.85,-24.90,-66.15,-121.35,31.14,90.54,
01/01/2000,00:00:02.85,196.29,-977.05,-261.72,-6.38,-1.82,-1.16,-26.55,-64.80,-121.50,31.38,90.61,
01/01/2000,00:00:02.86,191.89,-953.12,-276.37,-9.00,-0.63,-5.08,-25.20,-65.55,-122.25,31.14,90.73,
01/01/2000,00:00:02.87,186.52,-992.19,-264.16,-14.09,-2.95,-6.16,-26.40,-64.35,-123.60,31.19,90.79,
01/01/2000,00:00:02.88,207.03,-998.05,-294.92,-21.99,-2.05,-4.63,-26.40,-64.35,-123.60,31.24,90.91,
01/01/2000,00:00:02.92,227.54,-970.21,-324.22,-47.29,19.52,-20.57,-27.15,-65.10,-122.10,31.05,89.17,
01/01/2000,00:00:02.93,244.63,-918.46,-327.64,-54.09,29.19,-29.17,-26.55,-64.80,-124.05,31.05,89.07,
01/01/2000,00:00:02.94,234.86,-871.09,-310.06,-56.40,34.16,-20.50,-27.75,-64.50,-125.10,31.24,89.20,
01/01/2000,00:00:02.95,246.58,-914.06,-239.75,-46.64,31.18,-16.91,-26.55,-63.30,-126.30,31.14,89.26,
01/01/2000,00:00:02.96,255.37,-953.12,-267.09,-39.02,23.76,-20.09,-28.65,-64.65,-125.40,31.05,89.39,
01/01/2000,00:00:02.98,260.25,-923.83,-331.05,-32.15,12.60,-19.06,-28.65,-64.65,-125.40,31.14,89.23,
01/01/2000,00:00:02.99,268.55,-973.14,-313.48,-34.23,19.08,-25.89,-28.20,-62.40,-126.00,31.19,89.30,
01/01/2000,00:00:02.99,277.83,-956.54,-278.81,-21.60,24.55,-37.97,-27.60,-62.70,-125.70,31.24,89.42,
01/01/2000,00:00:03.00,268.07,-900.88,-281.25,-1.25,28.46,-47.51,-26.40,-63.90,-126.45,31.05,89.48,
01/01/2000,00:00:03.01,243.65,-804.20,-303.22,21.45,40.00,-53.49,-28.50,-63.75,-124.50,31.19,89.60,
01/01/2000,00:00:03.03,319.82,-708.98,-227.54,35.15,30.60,-70.89,-28.50,-63.75,-124.50,31.24,89.45,
01/01/2000,00:00:03.04,139.65,-914.55,-312.99,-1.76,27.80,-92.82,-30.45,-64.35,-126.75,31.05,89.51,
01/01/2000,00:00:03.05,108.89,-978.03,-285.64,-23.78,-0.13,-119.66,-30.45,-64.65,-126.00,31.24,89.62,
01/01/2000,00:00:03.06,216.80,-1040.04,-276.37,-28.96,3.70,-146.76,-31.20,-65.10,-126.75,31.34,89.68,
01/01/2000,00:00:03.07,313.48,-979.49,-293.46,-14.08,20.82,-152.99,-30.75,-63.90,-124.20,30.86,89.80,
01/01/2000,00:00:03.08,411.13,-954.59,-296.39,3.05,30.58,-135.90,-33.45,-65.40,-125.40,31.19,89.65,
01/01/2000,00:00:03.09,488.77,-890.14,-325.20,2.20,26.07,-113.73,-36.00,-64.65,-126.00,31.05,89.71,
01/01/2000,00:00:03.10,458.01,-898.93,-371.58,-0.37,24.25,-98.48,-34.80,-63.45,-127.95,31.34,89.82,
01/01/2000,00:00:03.11,517.09,-821.78,-318.85,-1.20,19.40,-76.43,-36.15,-64.05,-126.60,31.38,89.93,
01/01/2000,00:00:03.12,511.72,-865.72,-318.85,-5.30,16.24,-62.42,-36.15,-64.05,-126.60,30.86,89.98,
01/01/2000,00:00:03.13,477.54,-833.50,-302.73,-6.26,6.48,-50.69,-36.90,-62.55,-126.30,31.14,89.84,
01/01/2000,00:00:03.14,512.21,-774.90,-307.62,-18.05,4.80,-41.69,-36.90,-64.05,-125.55,31.14,89.94,
01/01/2000,00:00:03.15,476.07,-746.58,-320.31,-26.33,5.55,-30.99,-37.95,-63.00,-127.05,31.19,90.00,
01/01/2000,00:00:03.16,444.82,-824.71,-290.04,-55.59,-5.24,-20.24,-37.05,-63.45,-126.00,31.19,90.11,
01/01/2000,00:00:03.17,476.56,-932.13,-284.18,-77.66,-9.27,-15.43,-37.05,-63.45,-126.00,31.14,90.16,
01/01/2000,00:00:03.18,539.55,-882.81,-386.23,-71.18,-3.66,1.54,-36.60,-64.35,-127.95,31.19,90.07,
01/01/2000,00:00:03.19,526.37,-803.22,-399.41,-51.90,0.21,14.09,-38.10,-62.70,-127.50,31.14,90.12,
01/01/2000,00:00:03.20,502.93,-771.00,-385.25,-30.50,4.46,17.85,-37.95,-62.25,-128.10,31.00,90.17,
01/01/2000,00:00:03.21,521.97,-271.97,-503.91,-31.79,23.02,2.52,-37.20,-60.30,-129.45,31.14,90.27,
01/01/2000,00:00:03.22,442.87,-850.59,-398.44,-23.49,18.74,3.57,-37.20,-60.30,-129.45,31.19,90.37,
01/01/2000,00:00:03.23,472.66,-807.62,-332.03,-41.63,22.53,-13.61,-37.35,-62.40,-128.55,31.19,90.43,
01/01/2000,00:00:03.25,500.98,-769.53,-257.32,-33.43,95.07,-39.74,-38.70,-61.50,-128.10,31.38,90.29,
01/01/2000,00:00:03.26,482.42,-858.89,-380.37,-10.54,80.31,-35.53,-39.90,-60.45,-128.55,31.19,90.34,
01/01/2000,00:00:03.27,547.85,-882.81,-430.18,-19.25,53.76,-27.45,-39.90,-60.45,-128.55,31.14,90.43,
01/01/2000,00:00:03.27,491.70,-816.41,-400.88,-16.30,38.39,-34.30,-39.90,-60.45,-128.55,31.38,90.48,
01/01/2000,00:00:03.28,511.72,-822.75,-363.28,-9.07,19.73,-37.47,-39.75,-60.30,-129.15,31.19,90.58,
01/01/2000,00:00:03.30,522.95,-857.91,-371.09,7.96,-6.76,-26.02,-41.40,-59.40,-128.25,31.14,90.44,
01/01/2000,00:00:03.31,532.71,-838.38,-426.27,4.37,-18.56,-15.95,-39.75,-59.55,-128.85,31.19,90.49,
01/01/2000,00:00:03.32,551.27,-799.80,-383.79,1.24,-28.45,-14.99,-39.75,-59.55,-128.85,31.19,90.59,
01/01/2000,00:00:03.33,509.28,-820.80,-416.02,6.31,-41.51,-13.76,-41.10,-61.65,-129.30,31.14,90.63,
01/01/2000,00:00:03.34,550.78,-779.30,-339.84,17.70,-47.11,-17.19,-40.35,-59.70,-129.30,31.19,90.73,
01/01/2000,00:00:03.35,519.53,-781.25,-344.24,30.69,-40.84,-24.37,-41.85,-60.45,-129.30,31.14,90.59,
01/01/2000,00:00:03.36,539.55,-733.89,-298.34,26.24,-12.01,-29.13,-41.85,-60.45,-129.30,31.05,90.64,
01/01/2000,00:00:03.37,516.11,-732.42,-389.65,33.12,-23.94,-21.74,-41.85,-60.45,-129.30,31.34,90.73,
01/01/2000,00:00:03.38,515.14,-769.04,-362.79,46.47,-24.02,-28.88,-41.10,-60.90,-129.00,31.14,90.82,
01/01/2000,00:00:03.39,543.46,-849.61,-329.59,37.86,-28.07,-18.72,-39.30,-62.40,-128.55,31.38,90.86,
01/01/2000,00:00:03.43,508.30,-761.72,-389.65,4.89,2.52,-14.22,-40.95,-62.25,-127.65,31.38,89.60,
01/01/2000,00:00:03.44,564.45,-784.67,-306.64,-7.30,1.24,-20.09,-42.15,-59.70,-128.25,31.38,89.52,
01/01/2000,00:00:03.45,527.83,-763.67,-349.12,-17.92,0.35,-18.53,-42.15,-61.20,-128.55,31.19,89.57,
01/01/2000,00:00:03.46,528.32,-737.79,-319.82,-21.11,5.12,-18.48,-42.15,-61.20,-128.55,31.14,89.66,
01/01/2000,00:00:03.47,486.33,-750.98,-290.04,-21.68,13.03,-19.47,-41.25,-61.50,-128.85,31.38,89.71,
01/01/2000,00:00:03.49,542.48,-733.40,-367.68,-44.08,10.86,-20.49,-43.95,-60.15,-128.55,31.14,89.59,
01/01/2000,00:00:03.49,557.13,-734.38,-380.37,-48.20,10.73,-10.47,-40.50,-59.85,-127.35,31.38,89.68,
01/01/2000,00:00:03.50,563.96,-734.38,-400.88,-39.79,3.83,-3.26,-40.50,-59.85,-127.35,31.19,89.73,
01/01/2000,00:00:03.51,568.85,-780.76,-391.60,-41.40,25.85,-3.96,-40.95,-59.85,-129.15,31.14,89.81,
01/01/2000,00:00:03.52,562.50,-767.09,-337.89,-38.46,25.76,-5.08,-41.10,-59.40,-129.30,31.34,89.86,
01/01/2000,00:00:03.54,569.82,-713.87,-413.57,-46.57,29.69,-13.60,-42.75,-60.30,-128.85,31.14,89.78,
01/01/2000,00:00:03.55,585.94,-708.98,-400.88,-52.66,27.65,-19.80,-43.80,-59.55,-129.15,31.48,89.83,
01/01/2000,00:00:03.56,590.82,-696.29,-383.79,-50.18,15.89,-25.09,-43.80,-59.55,-129.15,31.38,89.88,
01/01/2000,00:00:03.57,572.75,-719.24,-387.21,-49.15,6.22,-32.85,-43.05,-57.30,-129.90,31.34,89.96,
01/01/2000,00:00:03.58,574.71,-538.09,-341.31,-43.18,3.66,-37.43,-44.10,-58.05,-130.20,31.19,90.05,
01/01/2000,00:00:03.59,626.95,-708.98,-374.51,-21.32,-8.92,-27.46,-42.00,-57.60,-130.65,31.38,89.93,
01/01/2000,00:00:03.60,631.35,-734.86,-385.74,-32.38,-13.77,-24.79,-44.55,-58.05,-130.20,30.95,89.98,
01/01/2000,00:00:03.61,593.26,-751.46,-350.10,-36.39,-13.15,-22.92,-44.55,-58.05,-130.20,31.38,90.06,
01/01/2000,00:00:03.62,608.40,-721.19,-407.23,-36.94,-8.74,-20.47,-42.75,-56.55,-130.20,31.24,90.11,
01/01/2000,00:00:03.63,603.03,-723.14,-445.31,-32.41,0.56,-4.02,-43.20,-57.00,-131.10,31.00,90.19,
01/01/2000,00:00:03.64,582.03,-819.34,-443.85,-52.47,3.45,-27.18,-44.55,-56.55,-129.15,31.24,90.07,
01/01/2000,00:00:03.65,540.53,-763.67,-447.27,-60.68,2.66,-17.66,-44.55,-56.55,-129.15,31.38,90.12,
01/01/2000,00:00:03.66,575.20,-725.59,-396.48,-67.36,19.47,-26.71,-43.95,-56.70,-132.15,31.14,90.20,
01/01/2000,00:00:03.67,627.44,-702.15,-426.27,-64.27,25.92,-31.79,-44.10,-56.55,-130.95,31.38,90.24,
01/01/2000,00:00:03.68,626.46,-706.54,-544.43,-34.99,8.30,-19.40,-43.95,-56.70,-132.60,31.14,90.32,
01/01/2000,00:00:03.69,507.32,-755.86,-512.70,-38.47,20.50,-28.15,-46.20,-55.20,-131.85,31.24,90.21,
01/01/2000,00:00:03.70,536.62,-696.78,-460.94,-34.69,-0.22,-26.15,-46.20,-55.20,-131.85,31.24,90.25,
01/01/2000,00:00:03.71,683.59,-508.79,-660.16,-33.98,28.44,-26.57,-45.30,-54.15,-131.25,31.05,90.33,
01/01/2000,00:00:03.72,650.88,-618.65,-468.26,-18.84,21.73,-15.56,-45.15,-52.95,-132.60,31.24,90.41,
01/01/2000,00:00:03.73,697.75,-532.71,-469.73,-7.46,34.37,-16.37,-46.50,-54.00,-131.55,31.19,90.45,
01/01/2000,00:00:03.75,590.82,-707.52,-528.81,-21.61,47.56,-5.18,-46.50,-53.70,-131.10,31.34,90.34,
01/01/2000,00:00:03.76,576.17,-699.71,-422.36,-10.56,24.42,1.08,-46.50,-53.70,-131.10,31.24,90.42,
01/01/2000,00:00:03.77,775.39,-335.94,-497.07,-12.15,13.02,5.05,-46.95,-54.00,-131.55,31.05,90.46,
01/01/2000,00:00:03.77,740.23,-610.35,-415.53,2.47,11.29,4.11,-47.40,-54.15,-132.00,31.14,90.53,
01/01/2000,00:00:03.78,569.34,-934.57,-594.24,-6.69,27.68,-0.75,-46.35,-53.40,-131.25,31.38,90.57,
01/01/2000,00:00:03.80,790.53,-407.71,-504.88,15.77,11.92,-0.54,-46.20,-53.25,-131.55,31.14,90.50,
01/01/2000,00:00:03.81,770.02,-478.52,-364.75,26.11,11.18,3.02,-46.95,-53.25,-131.55,31.38,90.54,
01/01/2000,00:00:03.82,740.23,-564.94,-384.77,36.70,11.19,14.38,-46.95,-54.00,-130.80,31.38,90.58,
01/01/2000,00:00:03.83,711.43,-649.41,-444.82,40.32,9.95,18.18,-47.70,-53.25,-131.85,31.19,90.65,
01/01/2000,00:00:03.84,683.11,-593.26,-449.22,39.00,4.96,25.44,-46.80,-54.15,-130.95,31.19,90.73,
01/01/2000,00:00:03.85,629.88,-602.54,-422.36,28.56,9.35,16.87,-47.40,-54.15,-131.70,31.24,90.62,
01/01/2000,00:00:03.86,638.67,-606.93,-360.84,33.29,2.73,25.31,-47.10,-56.55,-131.70,31.24,90.65,
01/01/2000,00:00:03.87,471.19,-743.65,-719.24,36.78,-3.04,16.26,-46.80,-54.15,-129.90,31.38,90.73,
01/01/2000,00:00:03.88,821.78,-615.72,-541.99,88.57,-38.14,42.20,-46.05,-56.10,-130.65,31.24,90.76,
01/01/2000,00:00:03.89,654.79,-726.07,-479.98,81.63,-36.79,59.64,-46.20,-55.50,-129.75,31.19,90.84,
01/01/2000,00:00:03.90,675.29,-711.91,-418.46,45.14,-16.06,38.14,-46.20,-55.50,-129.75,31.19,90.73,
01/01/2000,00:00:03.91,634.77,-705.08,-363.77,52.16,-18.98,41.70,-46.05,-56.85,-130.65,31.19,90.77,
01/01/2000,00:00:03.94,564.94,-771.97,-346.68,30.75,-18.58,40.10,-44.85,-58.35,-128.40,31.24,90.07,
01/01/2000,00:00:03.96,575.20,-704.10,-368.65,29.02,-19.65,35.18,-43.05,-58.35,-127.65,31.53,90.00,
01/01/2000,00:00:03.97,578.12,-736.33,-366.21,33.66,-25.30,43.34,-41.85,-59.70,-128.55,31.38,90.04,
01/01/2000,00:00:03.98,576.17,-789.06,-359.38,37.15,-24.31,56.86,-43.80,-59.55,-127.65,31.19,89.97,
01/01/2000,00:00:03.99,584.96,-802.25,-362.79,36.49,-27.44,66.69,-43.80,-59.55,-127.65,31.14,90.01,
01/01/2000,00:00:04.00,588.87,-783.69,-370.12,43.60,-27.36,76.90,-43.80,-59.55,-127.65,31.14,90.05,
01/01/2000,00:00:04.01,526.86,-849.61,-308.11,51.01,-23.34,82.16,-41.85,-58.95,-128.25,31.34,90.12,
01/01/2000,00:00:04.02,457.03,-889.65,-266.11,33.76,-22.34,65.60,-41.55,-61.80,-130.20,31.14,90.16,
01/01/2000,00:00:04.03,476.56,-832.52,-316.41,21.97,-22.31,53.64,-39.75,-62.25,-128.85,31.53,90.23,
01/01/2000,00:00:04.04,485.35,-802.73,-323.24,33.34,-17.70,56.78,-39.75,-62.25,-128.85,31.34,90.13,
01/01/2000,00:00:04.05,490.23,-788.09,-304.69,36.13,-12.82,56.29,-40.95,-63.00,-128.10,31.24,90.20,
01/01/2000,00:00:04.06,478.52,-815.43,-319.34,34.73,-11.68,52.83,-38.10,-62.70,-127.20,31.38,90.24,
01/01/2000,00:00:04.07,433.59,-835.94,-285.64,33.22,-9.11,47.59,-38.85,-61.65,-126.45,31.14,90.31,
01/01/2000,00:00:04.08,427.25,-789.06,-287.60,23.01,-10.94,38.98,-37.80,-63.15,-127.95,30.95,90.34,
01/01/2000,00:00:04.09,447.27,-811.52,-317.38,13.15,-12.20,35.18,-38.10,-63.90,-126.45,31.38,90.24,
01/01/2000,00:00:04.10,465.33,-843.26,-324.71,7.92,-13.54,35.28,-37.80,-63.15,-127.50,31.24,90.31,
01/01/2000,00:00:04.11,464.84,-835.45,-337.89,7.00,-16.45,36.88,-37.80,-63.90,-128.55,31.38,90.35,
01/01/2000,00:00:04.12,490.72,-844.73,-333.98,6.48,-15.50,38.56,-38.10,-63.90,-127.50,31.24,90.42,
01/01/2000,00:00:04.13,496.58,-891.60,-333.50,10.82,-16.26,40.00,-38.10,-63.90,-127.50,31.24,90.45,
01/01/2000,00:00:04.15,474.61,-872.07,-313.96,21.25,-11.71,47.15,-37.35,-63.90,-126.75,31.53,90.39,
01/01/2000,00:00:04.16,450.20,-891.11,-298.34,23.64,-6.78,52.52,-36.45,-63.00,-127.35,31.38,90.42,
01/01/2000,00:00:04.16,421.88,-900.88,-289.06,21.82,-5.68,53.83,-35.55,-63.90,-129.00,31.48,90.46,
01/01/2000,00:00:04.17,386.72,-885.74,-288.09,16.49,-5.44,49.02,-37.05,-63.45,-126.00,31.24,90.52,
01/01/2000,00:00:04.18,377.44,-844.24,-296.39,11.50,-6.48,42.26,-37.05,-63.45,-126.00,31.24,90.59,
01/01/2000,00:00:04.20,382.81,-859.38,-288.57,14.31,-5.04,37.18,-36.45,-65.25,-126.30,31.34,90.49,
01/01/2000,00:00:04.21,372.07,-882.81,-287.11,5.66,-6.50,33.05,-36.90,-63.00,-127.65,31.48,90.53,
01/01/2000,00:00:04.22,372.56,-875.49,-308.11,0.95,-6.83,32.24,-35.40,-66.00,-126.30,31.14,90.59,
01/01/2000,00:00:04.23,392.09,-869.14,-304.69,1.27,-8.30,32.15,-35.40,-64.05,-127.05,31.24,90.62,
01/01/2000,00:00:04.24,379.39,-881.35,-306.64,0.63,-7.76,31.85,-35.40,-64.05,-127.05,31.34,90.69,
01/01/2000,00:00:04.25,381.84,-913.09,-312.01,-6.84,-10.73,32.56,-35.55,-64.35,-126.00,31.38,90.59,
01/01/2000,00:00:04.26,395.51,-914.55,-317.38,-8.79,-9.06,37.55,-35.10,-64.05,-126.30,31.19,90.63,
01/01/2000,00:00:04.27,388.67,-895.02,-309.57,1.35,-6.23,40.89,-35.25,-64.35,-126.00,31.38,90.69,
01/01/2000,00:00:04.28,361.33,-890.14,-302.25,11.54,-4.60,43.31,-33.45,-64.35,-127.95,31.14,90.75,
01/01/2000,00:00:04.29,332.03,-892.58,-306.64,13.27,-1.92,39.16,-33.45,-64.35,-127.95,31.19,90.78,
01/01/2000,00:00:04.30,329.59,-879.88,-304.20,4.18,-10.03,27.16,-32.70,-65.40,-126.75,31.14,90.69,
01/01/2000,00:00:04.31,314.45,-861.33,-299.80,-0.34,-6.84,21.46,-32.40,-64.80,-126.30,31.14,90.76,
01/01/2000,00:00:04.32,317.38,-877.93,-279.30,-0.48,-7.88,15.45,-32.70,-65.40,-124.95,31.38,90.79,
01/01/2000,00:00:04.33,304.20,-916.99,-263.18,-7.98,-8.78,7.53,-32.70,-65.40,-124.95,31.53,90.85,
01/01/2000,00:00:04.34,310.55,-925.78,-278.32,-20.40,-9.79,-2.93,-32.85,-64.05,-126.60,31.14,90.88,
01/01/2000,00:00:04.35,315.43,-883.79,-296.39,-18.44,-8.39,-2.10,-31.95,-66.60,-126.45,31.19,90.82,
01/01/2000,00:00:04.36,314.45,-889.16,-304.69,-14.85,-6.26,-2.92,-31.95,-65.10,-126.75,30.95,90.85,
01/01/2000,00:00:04.37,339.36,-910.64,-327.15,-14.94,-4.67,-1.87,-31.50,-63.45,-125.70,31.24,90.88,
01/01/2000,00:00:04.38,358.40,-888.18,-341.31,-13.27,-7.92,5.56,-31.50,-63.45,-125.70,31.24,90.94,
01/01/2000,00:00:04.39,341.31,-871.09,-330.57,-8.60,-4.88,5.05,-32.10,-64.05,-127.65,31.38,91.00,
01/01/2000,00:00:04.41,295.90,-862.30,-293.95,-6.48,3.28,-5.61,-33.00,-64.65,-126.00,31.14,90.91,
01/01/2000,00:00:04.42,285.64,-784.67,-354.49,-29.15,4.77,-31.50,-31.50,-65.10,-126.75,31.38,90.94,
01/01/2000,00:00:04.45,368.16,-895.51,-321.29,-14.81,1.33,-25.93,-32.70,-64.65,-125.40,31.19,90.35,
01/01/2000,00:00:04.46,435.55,-899.90,-351.07,-15.43,-1.33,-18.45,-32.10,-64.05,-126.60,31.00,90.29,
01/01/2000,00:00:04.47,400.88,-925.78,-368.65,-7.88,-4.06,-3.31,-32.10,-62.55,-128.85,31.24,90.32,
01/01/2000,00:00:04.48,438.96,-943.36,-361.82,-0.15,-2.43,8.15,-32.10,-62.55,-128.85,31.34,90.27,
01/01/2000,00:00:04.49,432.62,-922.85,-334.96,7.90,0.18,11.92,-33.15,-63.75,-127.65,31.05,90.30,
01/01/2000,00:00:04.50,397.95,-896.97,-339.84,20.17,7.04,20.47,-33.15,-63.30,-128.10,31.38,90.33,
01/01/2000,00:00:04.51,344.73,-890.62,-330.08,28.35,9.67,21.83,-32.70,-63.45,-127.50,31.24,90.39,
01/01/2000,00:00:04.52,310.55,-884.77,-303.22,24.38,9.89,16.79,-31.95,-65.85,-127.95,31.38,90.42,
01/01/2000,00:00:04.53,302.73,-908.69,-333.50,14.46,3.44,9.60,-31.95,-65.85,-127.95,31.19,90.48,
01/01/2000,00:00:04.55,341.80,-889.65,-323.73,6.37,2.32,6.08,-33.15,-65.25,-125.55,31.38,90.40,
01/01/2000,00:00:04.56,328.61,-860.84,-309.57,6.62,3.59,2.89,-33.90,-65.55,-127.05,31.58,90.45,
01/01/2000,00:00:04.56,351.07,-891.60,-322.75,7.94,0.63,5.30,-33.90,-63.75,-127.35,31.24,90.48,
01/01/2000,00:00:04.57,337.40,-908.69,-326.17,4.29,-2.86,7.54,-32.40,-63.75,-125.85,31.38,90.54,
01/01/2000,00:00:04.58,319.82,-858.89,-321.78,-2.15,-5.66,5.37,-32.40,-63.75,-125.85,31.05,90.57,
01/01/2000,00:00:04.60,354.98,-876.95,-312.99,-3.88,-11.41,9.82,-32.70,-65.40,-126.45,31.19,90.52,
01/01/2000,00:00:04.61,354.49,-914.06,-318.36,1.97,-2.37,15.03,-32.70,-65.10,-127.95,31.24,90.55,
01/01/2000,00:00:04.62,340.82,-906.74,-304.69,2.06,4.26,11.50,-33.90,-63.30,-125.85,31.38,90.57,
01/01/2000,00:00:04.63,363.28,-871.09,-341.80,7.44,4.25,13.10,-33.90,-63.30,-125.85,31.34,90.63,
01/01/2000,00:00:04.64,341.31,-887.70,-325.68,9.69,1.02,13.21,-31.50,-65.10,-126.75,31.14,90.69,
01/01/2000,00:00:04.65,312.99,-893.07,-314.45,5.87,0.43,12.90,-31.95,-64.65,-126.45,31.38,90.61,
01/01/2000,00:00:04.66,319.82,-897.95,-310.55,1.48,-0.79,8.58,-30.75,-64.65,-126.00,31.38,90.63,
01/01/2000,00:00:04.67,316.89,-921.39,-305.66,0.45,-0.73,7.51,-30.75,-64.65,-126.00,31.38,90.69,
01/01/2000,00:00:04.68,319.82,-899.90,-302.25,-0.24,3.18,6.95,-30.75,-64.65,-126.00,31.34,90.72,
01/01/2000,00:00:04.69,312.99,-907.71,-329.10,-2.36,-0.02,5.67,-32.85,-64.80,-126.60,31.24,90.77,
01/01/2000,00:00:04.70,344.73,-886.72,-309.57,-3.22,-5.33,5.82,-31.50,-63.90,-125.70,31.24,90.69,
01/01/2000,00:00:04.71,336.91,-897.46,-292.48,-2.34,-0.40,8.04,-31.95,-66.15,-125.70,31.38,90.75,
01/01/2000,00:00:04.72,351.56,-887.21,-295.90,-0.10,2.96,10.12,-31.95,-66.15,-125.70,31.24,90.77,
01/01/2000,00:00:04.73,336.91,-920.41,-285.64,1.28,2.17,13.85,-32.25,-64.35,-125.40,31.38,90.83,
01/01/2000,00:00:04.74,312.99,-923.34,-306.64,0.40,2.82,16.63,-32.10,-65.25,-126.30,31.14,90.86,
01/01/2000,00:00:04.75,302.73,-933.11,-339.36,3.56,2.27,15.47,-32.70,-64.35,-124.95,31.53,90.80,
01/01/2000,00:00:04.76,321.29,-933.59,-318.85,7.13,2.02,15.25,-32.70,-64.35,-124.95,31.24,90.83,
01/01/2000,00:00:04.77,294.43,-928.71,-303.22,7.52,7.38,14.92,-32.70,-64.35,-124.95,30.95,90.86,
01/01/2000,00:00:04.78,295.90,-942.38,-318.85,6.82,6.69,13.32,-32.70,-64.65,-127.95,31.38,90.91,
01/01/2000,00:00:04.79,317.38,-955.08,-292.97,6.75,6.03,12.28,-31.95,-64.65,-125.70,31.24,90.94,
01/01/2000,00:00:04.80,308.59,-906.74,-311.04,4.02,3.87,9.26,-30.45,-65.10,-126.45,31.14,90.99,
01/01/2000,00:00:04.82,304.69,-908.20,-292.97,2.15,6.55,10.27,-32.25,-63.90,-127.50,31.38,90.91,
01/01/2000,00:00:04.83,301.27,-937.01,-304.20,1.56,9.93,7.29,-32.10,-64.80,-127.35,31.38,90.96,
01/01/2000,00:00:04.83,281.74,-908.69,-308.59,-5.53,5.19,4.43,-31.35,-64.50,-127.35,31.14,90.99,
01/01/2000,00:00:04.84,323.73,-870.61,-325.20,-3.53,3.79,5.09,-32.10,-63.75,-125.85,31.38,91.04,
01/01/2000,00:00:04.85,329.10,-872.07,-319.34,-0.40,6.17,2.89,-31.50,-64.65,-126.00,31.24,91.07,
01/01/2000,00:00:04.87,356.93,-841.80,-292.48,-2.94,6.21,5.69,-31.50,-64.65,-126.00,30.95,91.01,
01/01/2000,00:00:04.88,303.71,-940.92,-330.08,2.73,11.27,10.68,-32.10,-63.75,-125.85,31.38,91.04,
01/01/2000,00:00:04.89,339.36,-904.79,-339.36,-4.99,10.21,9.79,-32.85,-64.50,-125.85,31.24,91.09,
01/01/2000,00:00:04.90,339.84,-916.99,-327.64,-4.34,13.11,11.56,-31.50,-65.10,-126.00,31.19,91.11,
01/01/2000,00:00:04.91,324.71,-924.80,-334.47,-2.16,8.48,15.05,-31.80,-64.05,-125.85,31.38,91.17,
01/01/2000,00:00:04.92,343.75,-899.41,-415.53,7.88,-7.39,11.46,-31.80,-64.05,-125.85,31.14,91.09,
01/01/2000,00:00:04.93,331.05,-951.17,-343.75,3.12,-8.92,16.09,-32.25,-63.45,-124.65,31.34,91.11,
01/01/2000,00:00:04.96,283.20,-918.95,-304.20,-1.86,-12.50,4.69,-30.75,-65.10,-125.40,31.38,90.61,
01/01/2000,00:00:04.97,286.13,-907.23,-295.41,-8.79,-13.89,5.26,-31.50,-65.85,-124.65,31.48,90.56,
01/01/2000,00:00:04.98,287.11,-925.29,-303.22,-6.44,-10.88,6.32,-29.85,-63.75,-127.05,31.24,90.58,
01/01/2000,00:00:05.00,290.53,-928.22,-292.97,7.91,-0.47,7.06,-29.55,-66.00,-125.55,31.24,90.53,
01/01/2000,00:00:05.01,273.44,-949.22,-299.80,15.40,5.17,7.25,-31.05,-64.05,-125.85,31.48,90.56,
01/01/2000,00:00:05.02,272.95,-936.04,-292.48,13.27,7.60,8.57,-31.05,-64.05,-125.85,31.34,90.61,
01/01/2000,00:00:05.03,267.09,-925.78,-310.55,12.38,0.31,9.63,-29.70,-65.85,-126.45,31.53,90.64,
01/01/2000,00:00:05.04,292.48,-943.36,-298.34,12.05,-0.61,8.31,-32.40,-65.25,-127.05,31.48,90.69,
01/01/2000,00:00:05.05,274.41,-917.97,-305.18,12.51,-3.29,6.16,-31.35,-64.80,-124.50,31.38,90.61,
01/01/2000,00:00:05.06,277.34,-911.62,-276.37,10.70,-3.86,8.79,-31.35,-64.80,-124.50,31.19,90.64,
01/01/2000,00:00:05.07,281.25,-919.43,-284.67,6.22,-4.64,3.92,-29.25,-64.80,-125.55,31.48,90.66,
01/01/2000,00:00:05.08,282.71,-915.53,-291.02,5.50,-3.63,3.96,-29.25,-65.55,-123.75,31.24,90.71,
01/01/2000,00:00:05.09,276.86,-928.71,-293.95,5.50,-6.88,6.29,-29.25,-65.55,-123.75,31.14,90.76,
01/01/2000,00:00:05.10,292.97,-929.20,-304.20,2.83,-6.74,5.15,-28.95,-65.40,-126.00,31.34,90.79,
01/01/2000,00:00:05.11,274.41,-948.73,-285.16,4.01,-3.02,4.19,-29.25,-64.50,-124.80,31.19,90.72,
01/01/2000,00:00:05.12,279.30,-941.89,-295.41,4.21,-2.73,6.12,-29.85,-65.55,-125.10,31.14,90.76,
01/01/2000,00:00:05.13,275.39,-942.38,-285.16,3.37,-0.17,4.81,-28.65,-65.40,-125.70,31.38,90.79,
01/01/2000,00:00:05.14,282.23,-932.13,-291.02,-0.72,0.69,0.66,-29.70,-64.35,-126.45,31.38,90.84,
01/01/2000,00:00:05.15,271.00,-936.04,-289.55,3.44,1.83,0.75,-29.85,-66.30,-124.80,31.14,90.86,
01/01/2000,00:00:05.16,269.04,-933.59,-275.88,8.44,1.82,2.73,-29.85,-66.30,-124.80,31.38,90.81,
01/01/2000,00:00:05.17,264.65,-945.31,-278.32,3.96,-0.21,-0.19,-30.30,-64.50,-125.10,31.19,90.84,
01/01/2000,00:00:05.18,276.37,-941.89,-275.88,1.31,-2.69,0.01,-30.75,-65.40,-125.40,31.38,90.89,
01/01/2000,00:00:05.19,268.07,-927.25,-283.69,4.23,-7.04,3.82,-29.55,-65.55,-126.30,31.34,90.91,
01/01/2000,00:00:05.20,274.41,-928.22,-291.50,4.36,-6.09,2.57,-29.55,-65.55,-124.50,31.38,90.96,
01/01/2000,00:00:05.22,271.00,-925.29,-291.50,1.72,-5.16,2.11,-29.55,-65.55,-124.50,31.48,90.89,
01/01/2000,00:00:05.22,274.90,-949.22,-280.27,2.63,-9.24,2.02,-29.55,-66.00,-123.30,31.14,90.91,
01/01/2000,00:00:05.23,278.81,-941.41,-276.86,-1.44,-5.85,2.37,-28.95,-66.90,-124.65,31.38,90.96,
01/01/2000,00:00:05.24,263.67,-935.06,-282.71,0.59,-5.94,0.63,-29.70,-65.10,-126.75,31.24,90.98,
01/01/2000,00:00:05.25,270.51,-933.11,-292.48,-0.71,-5.48,1.09,-31.35,-64.50,-125.10,30.86,91.03,
01/01/2000,00:00:05.27,280.27,-936.52,-293.95,3.09,-9.65,0.62,-27.90,-64.65,-124.65,31.38,90.96,
01/01/2000,00:00:05.28,258.79,-936.04,-279.30,-1.27,-10.73,-0.32,-30.30,-64.80,-124.80,31.38,91.00,
01/01/2000,00:00:05.29,279.30,-933.11,-283.69,-2.52,-12.73,4.05,-29.70,-63.90,-124.95,31.38,91.02,
01/01/2000,00:00:05.30,267.09,-926.76,-290.53,-4.89,-11.79,2.63,-29.70,-65.10,-124.20,31.38,91.07,
01/01/2000,00:00:05.31,266.60,-937.99,-289.06,-2.21,-10.44,2.14,-29.70,-65.10,-124.20,31.34,91.09,
01/01/2000,00:00:05.32,270.02,-944.82,-287.60,-1.81,-7.85,2.98,-29.25,-65.55,-124.05,31.38,91.05,
01/01/2000,00:00:05.33,271.00,-927.25,-294.43,-3.05,-10.61,4.36,-29.40,-65.10,-125.40,31.48,91.07,
01/01/2000,00:00:05.34,256.84,-932.13,-298.83,-4.05,-10.55,3.85,-29.85,-65.55,-125.55,31.24,91.09,
01/01/2000,00:00:05.35,268.55,-949.71,-290.53,-3.02,-5.40,3.15,-29.40,-63.90,-124.95,31.14,91.14,
01/01/2000,00:00:05.36,268.07,-942.38,-296.88,-0.93,-5.86,3.22,-29.40,-63.90,-124.95,31.24,91.16,
01/01/2000,00:00:05.37,254.39,-936.04,-291.02,-0.09,-6.10,0.43,-30.15,-65.40,-123.90,31.34,91.20,
01/01/2000,00:00:05.38,265.14,-933.59,-290.53,-1.30,-9.22,2.07,-28.05,-64.50,-125.85,31.19,91.14,
01/01/2000,00:00:05.39,260.74,-938.96,-276.37,-2.69,-7.58,1.42,-29.55,-66.75,-123.30,31.38,91.18,
01/01/2000,00:00:05.40,258.79,-935.06,-270.02,0.50,-7.65,2.43,-29.55,-65.25,-124.50,31.38,91.20,
01/01/2000,00:00:05.41,268.55,-939.94,-291.02,-0.11,-9.87,4.41,-29.55,-65.25,-124.50,31.19,91.25,
01/01/2000,00:00:05.42,261.72,-920.90,-299.80,-2.60,-9.89,2.92,-28.65,-64.65,-126.00,31.38,91.27,
01/01/2000,00:00:05.43,268.07,-931.64,-279.30,-0.85,-7.24,0.11,-29.70,-65.40,-123.60,31.24,91.22,
01/01/2000,00:00:05.48,249.51,-935.55,-296.88,-4.68,-6.13,-2.60,-28.65,-66.90,-124.65,31.34,90.36,
01/01/2000,00:00:05.50,270.02,-932.62,-299.80,-5.95,-8.38,-0.40,-30.15,-66.90,-123.60,31.24,90.31,
01/01/2000,00:00:05.51,255.86,-934.08,-305.66,-8.47,-7.00,-1.12,-30.15,-66.90,-123.60,31.48,90.36,
01/01/2000,00:00:05.52,263.18,-953.12,-295.90,-8.70,-7.44,2.15,-27.60,-65.10,-125.70,31.38,90.38,
01/01/2000,00:00:05.53,253.42,-935.06,-296.88,-9.55,-6.21,2.11,-27.60,-65.40,-125.40,31.38,90.32,
01/01/2000,00:00:05.54,265.14,-929.20,-312.50,-12.01,-10.46,1.97,-28.80,-64.80,-126.60,31.38,90.36,
01/01/2000,00:00:05.55,247.56,-942.87,-305.18,-15.89,-11.75,-1.00,-28.50,-64.50,-125.55,31.14,90.39,
01/01/2000,00:00:05.56,249.51,-940.43,-313.96,-23.15,-13.14,-3.45,-28.50,-64.50,-125.55,31.48,90.43,
01/01/2000,00:00:05.57,247.56,-921.88,-321.29,-27.85,-16.72,-4.56,-27.30,-65.25,-124.80,31.24,90.45,
01/01/2000,00:00:05.58,254.39,-933.59,-327.15,-32.34,-23.61,-5.55,-28.95,-63.15,-125.40,31.38,90.41,
01/01/2000,00:00:05.59,249.51,-937.50,-324.22,-39.76,-26.15,-8.31,-28.50,-64.50,-124.50,31.48,90.44,
01/01/2000,00:00:05.60,246.58,-969.73,-323.73,-47.51,-35.01,-8.98,-28.50,-64.50,-124.50,30.86,90.46,
01/01/2000,00:00:05.61,249.02,-936.04,-337.40,-48.53,-46.96,-10.52,-28.50,-64.50,-124.50,31.53,90.50,
01/01/2000,00:00:05.62,240.23,-932.13,-381.35,-59.14,-59.18,-10.79,-27.30,-63.75,-126.60,31.58,90.52,
01/01/2000,00:00:05.63,238.77,-933.11,-397.95,-63.50,-50.29,-25.74,-26.55,-63.00,-125.85,31.14,90.48,
01/01/2000,00:00:05.64,280.27,-914.55,-383.30,-57.82,-33.79,-30.68,-27.60,-61.95,-127.50,31.38,90.51,
01/01/2000,00:00:05.65,239.26,-884.77,-385.25,-55.56,-29.33,-33.95,-27.60,-61.95,-127.50,31.38,90.53,
01/01/2000,00:00:05.66,262.21,-936.04,-376.95,-59.46,-39.74,-36.34,-27.15,-62.40,-127.20,31.38,90.57,
01/01/2000,00:00:05.67,289.06,-944.82,-386.23,-58.91,-40.02,-40.77,-26.25,-61.50,-126.60,31.14,90.61,
01/01/2000,00:00:05.69,248.54,-936.52,-420.41,-53.02,-39.24,-52.12,-27.75,-62.25,-127.35,31.24,90.55,
01/01/2000,00:00:05.70,249.02,-920.90,-405.76,-42.86,-37.97,-57.60,-27.75,-61.50,-128.40,31.24,90.57,
01/01/2000,00:00:05.70,264.65,-882.32,-422.85,-38.69,-35.37,-59.37,-27.75,-61.50,-128.40,31.38,90.62,
01/01/2000,00:00:05.71,279.79,-900.39,-421.88,-31.43,-42.53,-58.36,-27.30,-61.50,-129.15,31.34,90.64,
01/01/2000,00:00:05.72,288.57,-914.06,-449.71,-25.18,-51.92,-60.91,-27.90,-62.40,-130.05,31.38,90.68,
01/01/2000,00:00:05.74,315.92,-902.83,-445.31,-31.92,-61.44,-58.40,-27.30,-61.80,-128.10,31.34,90.62,
01/01/2000,00:00:05.75,328.12,-868.65,-439.94,-45.83,-71.76,-60.40,-28.20,-61.95,-127.95,31.38,90.64,
01/01/2000,00:00:05.76,289.06,-829.59,-458.50,-52.69,-74.82,-56.60,-28.20,-61.95,-127.95,31.34,90.68,
01/01/2000,00:00:05.77,284.18,-850.10,-358.89,-53.58,-93.80,-69.09,-26.25,-60.30,-129.90,31.00,90.70,
01/01/2000,00:00:05.78,307.13,-800.78,-380.86,-64.69,-112.24,-64.11,-27.15,-58.65,-129.30,31.38,90.74,
01/01/2000,00:00:05.79,322.75,-784.18,-539.55,-75.34,-139.66,-51.27,-26.85,-59.70,-127.95,31.05,90.68,
01/01/2000,00:00:05.80,280.76,-780.76,-549.80,-69.15,-124.09,-43.85,-26.85,-59.70,-127.95,31.38,90.70,
01/01/2000,00:00:05.81,329.59,-790.53,-428.71,-65.39,-134.75,-36.49,-25.95,-57.60,-129.90,31.38,90.75,
01/01/2000,00:00:05.82,316.41,-810.06,-577.15,-58.79,-130.73,-39.47,-25.65,-58.65,-129.75,31.19,90.77,
01/01/2000,00:00:05.83,243.16,-780.27,-670.90,-45.18,-112.94,-28.11,-24.75,-58.35,-129.45,31.19,90.81,
01/01/2000,00:00:05.84,206.54,-721.68,-521.48,-83.69,-131.93,9.47,-24.75,-58.35,-129.45,31.14,90.75,
01/01/2000,00:00:05.85,222.66,-912.60,-428.22,-101.02,-181.48,3.50,-24.75,-58.35,-129.45,31.38,90.77,
01/01/2000,00:00:05.86,230.47,-898.93,-632.81,-114.24,-232.28,-13.44,-24.30,-57.45,-130.80,31.19,90.81,
01/01/2000,00:00:05.87,192.87,-769.53,-734.86,-117.69,-232.81,-31.57,-21.00,-56.25,-129.75,31.19,90.83,
01/01/2000,00:00:05.88,163.09,-662.11,-749.02,-130.02,-217.50,-51.31,-20.40,-56.10,-130.20,31.19,90.87,
01/01/2000,00:00:05.89,187.99,-641.11,-732.91,-135.16,-202.17,-51.59,-20.40,-56.10,-130.20,31.34,90.81,
01/01/2000,00:00:05.90,184.57,-693.36,-829.59,-141.71,-177.61,-67.65,-17.55,-55.80,-129.45,31.19,90.83,
01/01/2000,00:00:05.91,157.71,-684.57,-838.87,-142.26,-147.75,-79.91,-16.35,-53.40,-129.45,31.38,90.87,
01/01/2000,00:00:05.92,166.99,-709.96,-569.34,-151.48,-150.79,-86.72,-16.20,-52.20,-130.05,31.67,90.89,
01/01/2000,00:00:05.93,114.26,-510.74,-310.06,-107.24,-219.14,-115.22,-15.60,-52.65,-128.85,31.38,90.93,
01/01/2000,00:00:05.97,-68.36,-487.30,-1027.83,-101.98,-97.45,-40.92,-12.90,-52.20,-127.95,31.34,90.36,
01/01/2000,00:00:05.99,-10.25,-565.43,-954.59,-139.44,-60.89,-25.81,-12.60,-51.30,-126.00,31.14,90.32,
01/01/2000,00:00:06.00,50.78,-586.91,-891.11,-159.20,-61.53,-30.98,-10.65,-49.05,-127.20,31.38,90.34,
01/01/2000,00:00:06.01,-0.49,-520.02,-920.41,-143.63,-42.21,-38.06,-10.65,-48.00,-127.20,31.38,90.36,
01/01/2000,00:00:06.02,36.62,-587.40,-932.62,-112.74,-21.55,-57.12,-10.50,-48.15,-128.40,31.38,90.40,
01/01/2000,00:00:06.03,50.78,-499.02,-852.54,-74.62,-29.39,-69.66,-12.15,-49.05,-128.25,31.53,90.34,
01/01/2000,00:00:06.04,51.76,-439.94,-845.21,-41.18,-30.97,-61.73,-12.15,-49.05,-128.25,31.19,90.36,
01/01/2000,00:00:06.05,39.06,-444.82,-844.24,-23.55,-38.68,-54.43,-11.25,-48.60,-127.65,31.48,90.40,
01/01/2000,00:00:06.06,15.14,-430.66,-886.72,-7.23,-49.10,-40.63,-11.10,-47.55,-129.00,31.38,90.44,
01/01/2000,00:00:06.07,25.88,-462.89,-877.44,10.91,-51.54,-36.53,-10.35,-49.05,-127.95,31.58,90.46,
01/01/2000,00:00:06.08,-21.00,-471.68,-1001.95,28.93,-45.07,-30.33,-10.35,-49.05,-127.50,31.19,90.41,
01/01/2000,00:00:06.09,-10.25,-491.21,-968.75,44.11,-31.60,-30.36,-10.35,-49.05,-127.50,31.24,90.45,
01/01/2000,00:00:06.10,16.60,-520.02,-856.93,64.02,-30.14,-31.85,-10.95,-49.65,-125.85,31.14,90.47,
01/01/2000,00:00:06.11,12.70,-491.21,-871.58,71.25,-41.54,-40.24,-9.45,-48.90,-127.35,31.38,90.51,
01/01/2000,00:00:06.12,-15.62,-475.59,-845.21,62.63,-51.46,-37.76,-8.85,-50.55,-127.50,31.48,90.53,
01/01/2000,00:00:06.13,-21.97,-528.32,-931.15,64.48,-55.66,-37.12,-8.10,-49.50,-127.20,31.38,90.49,
01/01/2000,00:00:06.14,-27.83,-555.18,-969.73,73.18,-32.36,-41.53,-11.25,-50.85,-124.50,31.34,90.51,
01/01/2000,00:00:06.15,-29.30,-553.22,-875.00,93.44,-18.40,-48.84,-8.85,-52.50,-124.95,30.95,90.53,
01/01/2000,00:00:06.16,-24.90,-557.62,-844.73,110.42,-14.90,-55.96,-10.50,-53.10,-123.75,31.53,90.57,
01/01/2000,00:00:06.17,-14.16,-567.38,-784.67,119.18,-17.89,-55.77,-9.75,-54.60,-125.10,31.14,90.59,
01/01/2000,00:00:06.19,37.11,-626.46,-771.97,160.02,-32.60,-68.13,-9.75,-54.60,-125.10,31.38,90.55,
01/01/2000,00:00:06.20,43.46,-694.34,-789.55,182.49,-25.55,-94.82,-10.65,-56.25,-122.40,31.14,90.57,
01/01/2000,00:00:06.20,31.25,-681.64,-742.19,193.96,-34.39,-99.42,-10.35,-56.70,-122.10,31.38,90.59,
01/01/2000,00:00:06.21,-62.01,-629.39,-756.35,182.50,-49.50,-94.22,-10.65,-56.70,-122.40,31.24,90.63,
01/01/2000,00:00:06.22,13.18,-577.64,-590.82,170.31,-71.60,-83.88,-10.35,-58.20,-119.55,31.53,90.65,
01/01/2000,00:00:06.24,-71.78,-721.68,-756.35,162.24,-96.89,-67.38,-10.35,-58.20,-119.55,31.14,90.61,
01/01/2000,00:00:06.25,19.04,-816.89,-771.97,174.32,-87.23,-67.73,-12.00,-62.25,-117.90,31.53,90.63,
01/01/2000,00:00:06.26,6.84,-825.68,-685.55,195.95,-63.98,-75.77,-11.85,-63.90,-117.75,31.19,90.67,
01/01/2000,00:00:06.27,-59.57,-801.27,-722.17,167.77,-73.09,-79.52,-11.70,-64.50,-115.80,31.38,90.69,
01/01/2000,00:00:06.28,-62.99,-746.09,-739.75,147.44,-65.25,-65.89,-12.00,-63.75,-114.75,31.19,90.72,
01/01/2000,00:00:06.29,-48.34,-815.92,-621.09,129.35,-52.19,-48.17,-12.00,-63.75,-114.75,31.14,90.67,
01/01/2000,00:00:06.30,-35.64,-820.31,-636.23,112.74,-44.73,-50.46,-11.70,-65.55,-109.35,31.48,90.69,
01/01/2000,00:00:06.31,-79.10,-826.17,-665.04,100.23,-28.02,-48.66,-11.40,-68.10,-110.55,31.38,90.72,
01/01/2000,00:00:06.32,15.14,-871.58,-557.62,88.71,-27.98,-47.84,-12.15,-67.35,-110.25,31.19,90.74,
01/01/2000,00:00:06.33,104.49,-872.56,-494.14,83.08,-32.92,-37.74,-12.15,-68.85,-111.30,31.48,90.78,
01/01/2000,00:00:06.34,18.55,-835.94,-488.28,74.82,-23.85,-32.00,-12.30,-67.95,-107.85,31.48,90.73,
01/01/2000,00:00:06.35,-134.77,-744.63,-909.18,76.13,9.29,-24.37,-13.20,-69.60,-106.95,31.34,90.74,
01/01/2000,00:00:06.36,-50.29,-843.75,-312.01,65.91,20.69,-18.16,-13.95,-70.05,-106.95,31.38,90.78,
01/01/2000,00:00:06.37,-51.27,-859.86,-627.44,68.47,18.05,-20.13,-13.50,-69.75,-105.75,31.14,90.80,
01/01/2000,00:00:06.38,1.46,-892.58,-564.45,56.44,12.05,-25.94,-13.50,-69.75,-105.75,31.53,90.84,
01/01/2000,00:00:06.39,21.48,-887.21,-492.68,41.65,5.36,-19.28,-13.05,-69.75,-105.00,31.34,90.78,
01/01/2000,00:00:06.40,2.93,-889.65,-625.00,39.85,16.29,-19.17,-14.70,-70.80,-106.95,31.19,90.82,
01/01/2000,00:00:06.41,10.25,-890.14,-381.84,30.56,24.54,-14.84,-14.25,-70.50,-105.75,31.38,90.84,
01/01/2000,00:00:06.42,62.50,-852.05,-337.89,27.54,8.87,-4.42,-13.80,-70.50,-105.75,31.14,90.87,
01/01/2000,00:00:06.43,56.64,-878.42,-450.20,19.71,-7.20,1.43,-13.80,-70.50,-105.75,31.34,90.89,
01/01/2000,00:00:06.45,40.04,-902.34,-443.85,9.59,-6.02,5.21,-12.75,-70.95,-105.00,31.14,90.86,
01/01/2000,00:00:06.48,44.92,-941.89,-485.84,-6.98,-4.86,8.80,-14.70,-71.10,-104.10,31.38,90.50,
01/01/2000,00:00:06.49,39.06,-924.32,-478.03,-12.75,-4.56,6.78,-14.70,-69.60,-104.85,31.19,90.47,
01/01/2000,00:00:06.50,58.59,-906.25,-441.41,-14.47,-4.23,6.85,-12.90,-68.85,-105.45,31.38,90.48,
01/01/2000,00:00:06.51,51.27,-893.07,-456.05,-11.92,-7.25,7.81,-13.65,-68.85,-105.45,31.34,90.50,
01/01/2000,00:00:06.52,57.13,-901.86,-460.45,-6.21,-9.43,8.01,-14.55,-69.75,-103.95,31.38,90.47,
01/01/2000,00:00:06.53,63.96,-890.62,-422.85,-2.82,-13.34,10.64,-14.55,-69.75,-103.95,31.14,90.49,
01/01/2000,00:00:06.54,44.92,-876.46,-433.11,-4.02,-19.74,18.02,-13.65,-69.60,-104.40,31.24,90.50,
01/01/2000,00:00:06.55,41.50,-900.88,-403.81,0.31,-48.26,30.53,-14.25,-70.20,-105.00,31.24,90.54,
01/01/2000,00:00:06.56,-38.09,-873.54,-531.74,1.60,-28.88,28.51,-13.20,-68.85,-106.20,31.53,90.58,
01/01/2000,00:00:06.58,-23.44,-901.37,-494.63,1.15,-31.37,23.66,-13.20,-68.40,-105.90,31.38,90.52,
01/01/2000,00:00:06.59,-26.37,-928.22,-452.15,-1.34,-32.66,23.28,-13.20,-68.40,-105.90,31.48,90.54,
01/01/2000,00:00:06.59,-45.41,-952.15,-502.44,-2.29,-30.00,19.14,-12.90,-68.85,-105.15,31.19,90.58,
01/01/2000,00:00:06.60,-28.81,-952.15,-506.84,-3.09,-15.08,15.27,-13.05,-69.00,-104.55,31.14,90.60,
01/01/2000,00:00:06.61,-8.79,-920.90,-476.07,1.00,-12.32,11.09,-10.95,-68.25,-104.25,31.19,90.63,
01/01/2000,00:00:06.63,-13.18,-896.97,-436.52,2.95,-14.14,14.39,-11.40,-68.40,-104.85,31.48,90.58,
01/01/2000,00:00:06.64,-20.02,-900.88,-444.34,5.40,-17.17,16.64,-12.15,-69.15,-104.10,31.05,90.60,
01/01/2000,00:00:06.65,-20.02,-927.73,-456.54,7.24,-18.76,14.00,-11.25,-67.50,-103.95,31.53,90.63,
01/01/2000,00:00:06.66,-17.09,-911.13,-445.31,7.99,-21.02,13.11,-11.10,-68.40,-104.10,31.38,90.67,
01/01/2000,00:00:06.67,9.77,-896.48,-418.46,9.92,-32.11,18.62,-11.70,-69.45,-103.20,31.38,90.69,
01/01/2000,00:00:06.68,-68.36,-927.73,-477.54,3.63,-33.44,15.21,-11.70,-69.45,-103.20,31.53,90.64,
01/01/2000,00:00:06.69,-46.39,-896.48,-437.50,-1.92,-31.63,19.78,-10.35,-68.40,-102.90,31.38,90.67,
01/01/2000,00:00:06.70,-84.47,-903.32,-474.61,-4.52,-32.11,19.11,-11.85,-68.10,-103.35,31.14,90.69,
01/01/2000,00:00:06.71,-73.73,-899.90,-491.21,-8.34,-26.08,19.63,-10.20,-68.70,-103.95,31.38,90.72,
01/01/2000,00:00:06.72,-53.71,-912.11,-479.98,-12.27,-24.17,21.97,-10.50,-67.50,-102.45,31.58,90.74,
01/01/2000,00:00:06.73,-74.71,-914.55,-490.23,-15.53,-16.59,20.39,-10.50,-67.50,-102.45,31.24,90.77,
01/01/2000,00:00:06.74,-60.06,-904.30,-474.12,-4.86,-10.69,18.87,-9.60,-66.60,-102.60,31.53,90.72,
01/01/2000,00:00:06.75,-72.75,-899.41,-476.07,-0.79,-3.73,12.49,-11.10,-68.40,-101.55,31.14,90.74,
01/01/2000,00:00:06.76,-74.71,-897.95,-464.36,7.28,0.51,11.92,-11.40,-68.10,-103.35,31.53,90.77,
01/01/2000,00:00:06.77,-59.08,-910.16,-454.59,12.21,6.47,10.28,-11.40,-68.10,-103.35,31.58,90.81,
01/01/2000,00:00:06.78,-51.27,-929.69,-449.22,20.92,5.84,9.73,-11.40,-68.10,-103.35,31.48,90.83,
01/01/2000,00:00:06.79,-61.04,-934.08,-418.95,26.70,7.38,7.99,-10.05,-66.90,-102.90,31.48,90.79,
01/01/2000,00:00:06.80,-62.01,-883.30,-403.81,28.31,-2.47,9.76,-10.20,-66.75,-103.20,31.38,90.81,
01/01/2000,00:00:06.81,-91.31,-870.12,-419.43,27.01,-11.90,12.77,-10.20,-66.75,-103.20,31.24,90.83,
01/01/2000,00:00:06.82,-63.96,-863.28,-399.41,30.73,-19.71,21.88,-9.00,-66.75,-103.20,31.38,90.86,
01/01/2000,00:00:06.83,-118.65,-920.90,-441.89,29.58,-28.47,21.30,-9.00,-67.50,-102.00,31.53,90.88,
01/01/2000,00:00:06.85,-106.93,-910.16,-422.85,33.57,-18.59,14.93,-9.75,-68.25,-100.20,31.53,90.83,
01/01/2000,00:00:06.86,-85.45,-906.25,-409.67,38.50,-20.97,13.50,-8.85,-66.60,-102.30,31.24,90.86,
01/01/2000,00:00:06.87,-111.82,-952.64,-413.09,39.31,-13.57,8.07,-8.85,-66.60,-102.30,31.48,90.88,
01/01/2000,00:00:06.87,-90.82,-921.39,-391.60,39.45,-22.35,4.33,-10.05,-67.65,-100.80,31.38,90.91,
01/01/2000,00:00:06.88,-122.56,-902.34,-387.70,30.46,-23.40,10.27,-9.00,-67.95,-99.60,31.34,90.93,
01/01/2000,00:00:06.90,-145.02,-958.98,-417.97,20.67,-14.74,9.85,-9.30,-68.10,-99.30,31.48,90.89,
01/01/2000,00:00:06.91,-119.14,-958.01,-405.76,12.83,-9.78,-0.50,-9.60,-67.35,-98.70,31.14,90.91,
01/01/2000,00:00:06.92,-120.12,-941.41,-396.48,10.36,-7.16,-5.46,-9.60,-67.35,-98.70,31.24,90.93,
01/01/2000,00:00:06.93,-139.65,-913.57,-406.74,3.47,-1.02,-2.38,-10.20,-67.20,-99.15,31.34,90.96,
01/01/2000,00:00:06.94,-134.77,-905.27,-393.07,2.90,-0.31,-5.47,-9.45,-67.50,-99.15,31.38,90.99,
01/01/2000,00:00:06.95,-113.28,-909.18,-384.77,0.44,4.63,-8.44,-9.45,-67.20,-98.40,31.19,90.94,
01/01/2000,00:00:06.96,-83.01,-894.04,-367.68,0.27,3.50,1.76,-9.45,-67.20,-98.40,31.48,90.96,
01/01/2000,00:00:06.99,-110.84,-946.29,-393.55,4.31,2.74,-0.56,-7.65,-67.50,-98.10,31.38,90.63,
01/01/2000,00:00:07.00,-110.35,-939.94,-379.39,6.11,1.43,1.68,-10.65,-68.40,-99.00,31.38,90.60,
01/01/2000,00:00:07.01,-115.23,-936.52,-380.37,4.90,2.18,0.94,-10.65,-68.40,-99.00,31.24,90.63,
01/01/2000,00:00:07.03,-122.07,-909.18,-373.54,6.63,-1.05,5.89,-8.85,-67.35,-99.00,31.14,90.59,
01/01/2000,00:00:07.04,-129.88,-899.41,-372.07,6.37,-2.01,11.33,-10.20,-67.95,-97.80,31.53,90.60,
01/01/2000,00:00:07.05,-122.07,-916.50,-379.88,8.69,-0.69,15.37,-9.30,-67.35,-99.00,31.34,90.64,
01/01/2000,00:00:07.06,-109.38,-910.16,-363.77,8.38,-2.81,15.62,-9.00,-67.50,-98.40,31.19,90.65,
01/01/2000,00:00:07.07,-127.93,-912.60,-367.19,8.23,-7.12,19.16,-9.00,-67.50,-98.40,31.48,90.69,
01/01/2000,00:00:07.08,-114.75,-908.20,-347.17,10.96,-11.61,20.79,-7.35,-69.15,-97.95,31.24,90.70,
01/01/2000,00:00:07.09,-116.70,-923.83,-341.31,15.05,-21.75,31.13,-8.40,-66.75,-97.80,31.05,90.67,
01/01/2000,00:00:07.10,-166.02,-950.68,-371.09,11.02,-22.48,32.91,-8.10,-65.85,-98.25,31.53,90.69,
01/01/2000,00:00:07.11,-134.28,-940.43,-348.14,8.71,-18.65,29.14,-8.10,-65.85,-98.25,31.48,90.70,
01/01/2000,00:00:07.12,-146.48,-948.73,-339.36,4.52,-19.83,28.12,-8.40,-66.75,-96.60,30.95,90.73,
01/01/2000,00:00:07.13,-162.60,-956.54,-357.91,2.17,-20.09,27.69,-8.40,-66.75,-96.60,31.48,90.77,
01/01/2000,00:00:07.14,-182.62,-944.34,-364.26,-3.93,-18.73,27.17,-7.35,-67.35,-96.15,31.38,90.72,
01/01/2000,00:00:07.15,-197.75,-927.73,-360.35,-9.02,-17.18,30.90,-6.90,-65.25,-97.05,31.38,90.74,
01/01/2000,00:00:07.16,-178.22,-933.11,-353.52,-12.40,-17.47,30.64,-6.90,-65.25,-97.05,31.38,90.77,
01/01/2000,00:00:07.17,-192.38,-936.52,-352.05,-15.53,-17.95,29.46,-6.90,-65.55,-96.60,31.24,90.78,
01/01/2000,00:00:07.18,-189.45,-918.95,-354.00,-19.93,-14.18,26.98,-6.00,-65.10,-95.70,31.14,90.82,
01/01/2000,00:00:07.19,-208.50,-945.31,-373.05,-25.30,-13.02,29.21,-6.00,-64.65,-96.90,31.72,90.77,
01/01/2000,00:00:07.20,-203.61,-916.99,-366.70,-30.50,-10.24,27.61,-7.35,-65.10,-98.25,31.48,90.78,
01/01/2000,00:00:07.21,-185.55,-918.95,-361.33,-34.40,-11.69,28.78,-7.35,-65.10,-98.25,31.34,90.82,
01/01/2000,00:00:07.22,-204.10,-925.29,-375.98,-37.73,-12.53,28.18,-5.10,-64.50,-97.80,31.19,90.85,
01/01/2000,00:00:07.23,-196.29,-936.04,-383.30,-43.49,-12.23,21.29,-4.50,-65.40,-97.95,31.24,90.86,
01/01/2000,00:00:07.25,-225.59,-943.85,-432.13,-47.34,-10.70,17.50,-5.85,-64.05,-98.85,31.67,90.82,
01/01/2000,00:00:07.25,-219.24,-955.57,-437.99,-55.82,-4.58,13.27,-5.85,-64.05,-98.85,31.48,90.85,
01/01/2000,00:00:07.26,-221.68,-972.17,-424.80,-67.55,-0.08,-0.79,-5.85,-64.05,-98.85,31.19,90.86,
01/01/2000,00:00:07.27,-234.86,-896.97,-431.15,-83.11,0.85,-1.82,-5.10,-64.50,-99.90,31.38,90.89,
01/01/2000,00:00:07.28,-243.16,-908.20,-465.82,-94.19,4.05,-0.11,-6.75,-63.90,-99.30,31.14,90.91,
01/01/2000,00:00:07.30,-254.88,-891.11,-487.30,-105.53,12.79,-1.18,-6.15,-64.05,-99.90,31.05,90.88,
01/01/2000,00:00:07.31,-237.79,-873.54,-506.84,-113.01,21.22,-2.75,-6.15,-64.05,-99.90,31.38,90.89,
01/01/2000,00:00:07.32,-225.10,-838.87,-489.26,-115.21,25.79,-2.85,-6.45,-63.75,-103.50,31.38,90.91,
01/01/2000,00:00:07.33,-225.59,-848.14,-493.65,-112.67,24.36,-0.05,-7.35,-64.35,-102.30,30.86,90.94,
01/01/2000,00:00:07.34,-203.61,-841.80,-499.51,-119.38,27.11,0.44,-5.25,-63.90,-102.90,31.38,90.97,
01/01/2000,00:00:07.35,-198.73,-830.08,-575.68,-117.14,27.05,-8.24,-6.90,-64.50,-102.45,31.48,90.92,
01/01/2000,00:00:07.36,-213.87,-767.58,-542.97,-120.97,31.14,-12.97,-6.90,-64.50,-102.45,31.38,90.94,
01/01/2000,00:00:07.37,-228.52,-812.99,-603.52,-121.74,29.82,-9.95,-4.80,-63.15,-105.90,31.24,90.97,
01/01/2000,00:00:07.38,-210.94,-780.27,-619.14,-129.08,34.99,-10.98,-6.15,-62.55,-106.05,31.38,90.98,
01/01/2000,00:00:07.39,-208.01,-778.81,-643.07,-137.40,36.24,-5.87,-5.85,-62.25,-107.55,31.38,91.01,
01/01/2000,00:00:07.40,-209.96,-779.30,-698.73,-137.54,45.56,-3.93,-5.40,-63.00,-108.60,31.38,90.97,
01/01/2000,00:00:07.41,-213.87,-789.55,-685.06,-134.34,56.34,-7.17,-5.40,-63.00,-108.60,31.58,90.98,
01/01/2000,00:00:07.42,-172.36,-759.77,-723.63,-132.42,60.03,-5.93,-4.80,-62.70,-111.60,31.48,91.01,
01/01/2000,00:00:07.43,-175.29,-689.45,-737.79,-134.73,58.14,-9.85,-7.65,-61.50,-111.15,31.34,91.03,
01/01/2000,00:00:07.44,-145.02,-667.97,-676.76,-146.37,60.49,-9.76,-5.55,-61.95,-112.35,31.14,91.06,
01/01/2000,00:00:07.45,-140.14,-659.67,-778.32,-159.32,59.42,-11.73,-6.45,-61.50,-112.95,31.38,91.01,
01/01/2000,00:00:07.46,-137.21,-663.09,-787.60,-154.37,55.69,-18.03,-7.05,-60.15,-116.40,31.24,91.03,
01/01/2000,00:00:07.49,-54.69,-540.04,-809.08,-146.74,15.18,-7.88,-9.00,-59.10,-116.85,31.38,90.73,
01/01/2000,00:00:07.51,-63.96,-465.82,-815.92,-125.08,8.78,-7.84,-9.00,-59.10,-116.85,31.38,90.70,
01/01/2000,00:00:07.52,-80.57,-495.12,-800.78,-89.27,-7.62,-7.12,-9.60,-57.90,-120.30,31.53,90.73,
01/01/2000,00:00:07.53,-106.93,-514.65,-803.22,-70.67,-20.31,-10.27,-8.70,-55.80,-120.15,31.34,90.69,
01/01/2000,00:00:07.54,-131.35,-488.28,-825.68,-70.55,-20.57,-9.80,-8.10,-56.25,-121.35,31.38,90.70,
01/01/2000,00:00:07.55,-139.16,-473.63,-860.84,-67.69,-27.02,-10.38,-8.10,-56.25,-121.35,31.19,90.73,
01/01/2000,00:00:07.56,-148.44,-489.26,-882.32,-66.09,-24.72,-18.00,-8.10,-56.25,-121.35,31.48,90.75,
01/01/2000,00:00:07.57,-144.53,-449.71,-854.98,-55.02,-32.14,-14.85,-8.85,-55.50,-122.10,31.48,90.78,
01/01/2000,00:00:07.58,-158.69,-432.13,-821.78,-64.64,-49.49,-12.89,-8.10,-55.20,-120.60,31.19,90.73,
01/01/2000,00:00:07.59,-134.77,-425.29,-856.93,-72.82,-53.20,-15.08,-8.10,-55.20,-120.60,31.34,90.75,
01/01/2000,00:00:07.60,-105.47,-455.08,-891.60,-74.68,-49.58,-18.66,-8.10,-55.20,-120.60,31.19,90.78,
01/01/2000,00:00:07.61,-100.10,-450.20,-911.13,-76.60,-43.63,-24.62,-8.55,-55.20,-121.80,31.19,90.79,
01/01/2000,00:00:07.62,-125.49,-394.04,-890.62,-73.80,-41.88,-23.62,-6.90,-56.10,-121.50,31.53,90.82,
01/01/2000,00:00:07.64,-157.23,-370.61,-855.96,-72.34,-40.97,-31.98,-8.10,-55.50,-121.05,31.14,90.78,
01/01/2000,00:00:07.65,-176.76,-364.75,-892.09,-69.85,-39.80,-35.53,-8.10,-55.50,-121.05,31.48,90.79,
01/01/2000,00:00:07.66,-191.41,-341.31,-932.13,-68.18,-33.71,-43.51,-6.75,-54.45,-122.10,31.38,90.82,
01/01/2000,00:00:07.66,-156.25,-337.89,-952.15,-58.24,-34.94,-48.95,-7.80,-54.00,-122.85,31.19,90.84,
01/01/2000,00:00:07.67,-130.37,-338.87,-921.88,-44.47,-49.47,-53.01,-7.95,-53.10,-122.25,31.48,90.87,
01/01/2000,00:00:07.69,-117.68,-381.84,-901.37,-32.19,-72.78,-55.22,-6.75,-54.00,-123.15,31.19,90.82,
01/01/2000,00:00:07.70,-89.84,-406.74,-948.73,-24.71,-90.54,-45.64,-6.75,-54.00,-123.15,31.38,90.84,
01/01/2000,00:00:07.71,-109.86,-434.08,-944.34,-14.27,-98.40,-47.37,-6.75,-54.75,-121.80,31.38,90.87,
01/01/2000,00:00:07.72,-67.38,-432.13,-972.17,-5.92,-72.56,-70.41,-7.05,-55.20,-121.35,31.34,90.89,
01/01/2000,00:00:07.73,-177.73,-381.35,-962.40,10.73,-54.72,-79.21,-6.90,-54.60,-121.20,31.58,90.91,
01/01/2000,00:00:07.74,-220.21,-364.75,-926.27,14.11,-57.73,-71.36,-6.75,-55.95,-121.80,31.19,90.87,
01/01/2000,00:00:07.75,-195.80,-383.30,-884.28,5.59,-63.95,-68.89,-7.65,-56.85,-120.45,31.48,90.89,
01/01/2000,00:00:07.76,-216.80,-392.58,-843.26,-7.49,-64.59,-67.15,-7.20,-56.10,-121.20,31.67,90.91,
01/01/2000,00:00:07.77,-260.25,-361.82,-787.60,-16.53,-72.26,-62.56,-5.55,-57.00,-120.30,31.14,90.94,
01/01/2000,00:00:07.78,-234.86,-345.70,-836.43,-22.63,-65.65,-59.78,-8.40,-56.85,-120.15,31.34,90.95,
01/01/2000,00:00:07.79,-213.38,-335.45,-808.11,-30.25,-0.87,-71.91,-8.40,-56.85,-120.15,31.14,90.92,
01/01/2000,00:00:07.80,-277.83,-358.40,-698.24,-33.12,59.61,-76.84,-7.35,-57.00,-119.55,31.53,90.94,
01/01/2000,00:00:07.81,-173.83,-498.54,-822.75,-32.11,54.19,-66.72,-7.05,-58.20,-120.30,31.38,90.95,
01/01/2000,00:00:07.82,-45.90,-583.50,-947.27,-30.87,20.67,-33.54,-8.40,-59.85,-121.20,31.14,90.98,
01/01/2000,00:00:07.83,-4.88,-540.04,-942.87,-19.02,-1.40,-22.86,-8.70,-58.80,-120.45,31.34,90.99,
01/01/2000,00:00:07.84,-155.27,-429.69,-789.55,-9.22,4.84,-15.71,-8.70,-58.80,-120.45,31.38,90.97,
01/01/2000,00:00:07.85,-165.53,-411.13,-793.95,-14.64,10.66,-8.74,-10.05,-58.20,-120.00,31.19,90.98,
01/01/2000,00:00:07.86,-127.93,-435.55,-878.91,-3.15,1.94,3.92,-7.20,-58.35,-121.95,31.48,91.01,
01/01/2000,00:00:07.87,-137.21,-435.55,-847.17,-3.95,-1.82,8.15,-9.60,-58.20,-121.05,31.14,91.02,
01/01/2000,00:00:07.88,-126.46,-416.50,-855.96,-8.14,-11.99,12.62,-8.55,-59.40,-122.10,31.38,91.05,
01/01/2000,00:00:07.90,-218.26,-347.66,-883.79,-13.42,-20.91,21.40,-8.85,-58.95,-120.00,31.48,91.01,
01/01/2000,00:00:07.91,-222.17,-361.33,-949.71,-24.32,-8.83,23.65,-8.55,-58.20,-121.35,31.14,91.02,
01/01/2000,00:00:07.92,-203.61,-406.25,-986.82,-18.73,-15.08,20.22,-7.05,-57.90,-121.35,31.58,91.05,
01/01/2000,00:00:07.93,-207.03,-389.16,-1018.55,-4.58,-35.59,27.77,-8.85,-56.70,-122.10,31.38,91.06,
01/01/2000,00:00:07.93,-218.26,-362.30,-963.38,-2.67,-33.24,23.92,-8.85,-56.70,-122.10,31.58,91.09,
01/01/2000,00:00:07.95,-145.51,-375.98,-856.45,-27.63,-35.38,31.76,-8.10,-57.45,-120.30,31.38,91.05,
01/01/2000,00:00:07.96,-195.80,-355.47,-903.32,-43.46,-43.66,40.76,-7.65,-56.10,-121.20,31.53,91.06,
01/01/2000,00:00:07.97,-209.47,-505.37,-875.49,-75.91,-36.34,20.69,-5.85,-56.55,-122.25,31.14,91.09,
01/01/2000,00:00:08.00,-198.73,-343.75,-333.01,-204.85,-114.67,-75.37,-7.05,-54.00,-120.30,31.19,90.81,
01/01/2000,00:00:08.01,-356.45,-334.96,-655.27,-250.14,-124.33,-144.73,-5.40,-54.15,-122.25,31.48,90.79,
01/01/2000,00:00:08.03,-355.96,515.14,-2000.00,-250.14,-54.27,-105.35,-7.35,-52.95,-121.80,31.48,90.74,
01/01/2000,00:00:08.04,-277.34,251.46,-1213.38,-140.71,34.18,-4.42,-7.35,-52.95,-121.80,31.38,90.76,
01/01/2000,00:00:08.05,-243.65,-201.17,-798.34,-35.56,18.81,12.23,-6.00,-51.30,-124.65,31.24,90.79,
01/01/2000,00:00:08.06,-159.67,-143.07,-843.26,-20.16,-5.17,-2.05,-7.35,-50.55,-123.60,31.48,90.80,
01/01/2000,00:00:08.06,-139.65,-139.65,-887.21,-50.47,-3.45,-13.82,-7.20,-50.10,-123.30,31.14,90.83,
01/01/2000,00:00:08.08,-275.88,-125.00,-922.85,-51.28,-2.74,-44.95,-7.05,-50.25,-122.85,31.48,90.79,
01/01/2000,00:00:08.09,-324.71,-84.47,-863.28,-30.63,-28.32,-41.39,-7.05,-50.25,-122.85,31.19,90.80,
01/01/2000,00:00:08.10,-377.44,-80.57,-911.62,-10.52,-52.73,-34.52,-8.40,-48.90,-123.75,31.34,90.83,
01/01/2000,00:00:08.11,-388.18,-108.89,-1008.30,-12.02,-39.02,-33.66,-7.35,-51.30,-124.20,31.19,90.84,
01/01/2000,00:00:08.12,-363.77,-97.66,-964.84,-9.20,-30.69,-41.02,-7.35,-51.30,-124.95,31.48,90.87,
01/01/2000,00:00:08.13,-374.51,-73.73,-910.16,-6.03,-58.15,-18.56,-6.45,-51.90,-124.05,31.53,90.83,
01/01/2000,00:00:08.14,-413.09,-76.17,-969.73,-3.86,-60.71,-1.49,-6.45,-51.90,-124.05,31.19,90.86,
01/01/2000,00:00:08.15,-423.83,-89.36,-1051.27,8.66,-37.61,7.31,-6.30,-51.75,-122.85,31.48,90.87,
01/01/2000,00:00:08.16,-366.21,-99.61,-1073.24,12.96,-14.11,15.50,-5.25,-51.75,-124.20,31.38,90.90,
01/01/2000,00:00:08.17,-283.69,-96.19,-1017.58,7.87,-8.36,25.79,-6.30,-51.30,-121.80,31.53,90.91,
01/01/2000,00:00:08.18,-331.54,-149.90,-992.19,3.86,-0.64,28.44,-5.85,-50.85,-123.00,31.48,90.88,
01/01/2000,00:00:08.19,-357.91,-107.42,-933.11,12.53,1.94,31.73,-6.00,-52.20,-122.85,31.48,90.90,
01/01/2000,00:00:08.20,-369.14,-43.95,-872.56,12.81,2.44,31.63,-6.00,-50.55,-122.40,31.24,90.91,
01/01/2000,00:00:08.21,-407.23,-45.41,-828.12,17.15,-7.25,45.92,-5.25,-51.00,-123.60,31.53,90.94,
01/01/2000,00:00:08.22,-437.50,-31.25,-849.61,24.11,-15.47,43.94,-5.55,-51.75,-122.10,31.38,90.95,
01/01/2000,00:00:08.23,-418.95,-63.96,-885.74,27.09,-6.99,35.71,-5.55,-51.75,-122.10,31.38,90.98,
01/01/2000,00:00:08.24,-427.25,14.16,-924.80,26.66,7.50,3.86,-4.50,-51.30,-121.35,31.48,90.94,
01/01/2000,00:00:08.25,-411.62,-24.41,-935.55,46.50,22.19,-5.02,-4.20,-51.00,-121.80,31.38,90.96,
01/01/2000,00:00:08.26,-345.21,-62.01,-989.75,57.39,48.51,-8.53,-5.40,-49.65,-122.70,31.24,90.98,
01/01/2000,00:00:08.27,-375.98,-106.45,-1051.27,60.53,98.47,-24.27,-5.25,-51.75,-123.15,31.38,91.00,
01/01/2000,00:00:08.28,-365.72,-93.26,-966.80,68.45,142.80,-68.24,-5.25,-51.75,-123.15,31.38,91.01,
01/01/2000,00:00:08.30,-383.30,-17.58,-838.38,79.99,156.43,-104.90,-6.90,-52.65,-122.70,31.34,90.97,
01/01/2000,00:00:08.31,-271.97,-111.33,-805.66,78.31,154.38,-79.98,-9.60,-51.75,-122.10,31.48,91.00,
01/01/2000,00:00:08.32,-137.70,-329.10,-831.05,43.98,156.56,-24.38,-9.30,-54.75,-124.65,31.38,91.01,
01/01/2000,00:00:08.33,-1.95,-350.10,-876.95,-7.34,144.36,13.40,-12.15,-54.00,-125.40,31.19,91.04,
01/01/2000,00:00:08.33,-9.77,-314.45,-865.23,-88.56,118.21,24.92,-12.15,-54.00,-125.40,31.53,91.05,
01/01/2000,00:00:08.35,-64.94,-259.28,-900.88,-74.79,66.21,-2.15,-12.30,-55.05,-126.60,31.14,91.03,
01/01/2000,00:00:08.36,-50.78,-226.56,-984.38,-54.95,33.54,-10.47,-13.65,-55.05,-125.10,31.38,91.04,
01/01/2000,00:00:08.37,-51.27,-223.63,-1111.82,-43.35,32.56,-8.26,-13.65,-54.45,-125.70,31.53,91.05,
01/01/2000,00:00:08.38,-55.18,-266.11,-1079.10,-39.80,50.24,-13.09,-12.60,-53.25,-127.50,31.24,91.08,
01/01/2000,00:00:08.39,-101.07,-189.94,-1056.64,-28.69,42.28,-16.45,-12.60,-53.25,-127.50,31.38,91.09,
01/01/2000,00:00:08.40,-176.76,-146.48,-1071.29,-9.47,32.92,-20.70,-12.00,-53.85,-127.65,31.38,91.06,
01/01/2000,00:00:08.41,-164.55,-122.56,-1021.00,-9.50,26.43,-22.07,-14.40,-52.95,-128.25,31.38,91.08,
01/01/2000,00:00:08.42,-114.75,-162.60,-986.82,-8.14,13.73,-18.48,-14.40,-52.95,-128.25,31.48,91.09,
01/01/2000,00:00:08.43,-135.25,-155.76,-1006.84,-8.58,-2.62,-26.98,-14.40,-52.95,-128.25,31.24,91.12,
01/01/2000,00:00:08.44,-121.58,-133.30,-1011.72,-8.95,-4.02,-28.39,-14.25,-53.40,-129.15,31.38,91.14,
01/01/2000,00:00:08.45,-298.83,354.49,-1812.50,2.85,52.09,10.89,-14.25,-54.15,-128.40,31.38,91.10,
01/01/2000,00:00:08.46,-87.40,-239.26,-759.77,-11.15,101.22,34.65,-14.25,-52.65,-127.65,31.53,91.11,
01/01/2000,00:00:08.47,2.93,-274.90,-719.73,-0.55,40.13,10.97,-14.25,-52.65,-127.65,31.38,91.14,
01/01/2000,00:00:08.50,-27.34,-171.88,-911.62,35.82,31.74,1.47,-15.90,-54.00,-127.50,31.19,90.87,
01/01/2000,00:00:08.52,-30.27,-76.66,-1064.94,59.27,5.99,1.50,-16.35,-53.85,-128.40,31.24,90.86,
01/01/2000,00:00:08.53,-31.74,-156.74,-1059.08,63.92,14.22,7.21,-15.45,-54.00,-127.95,31.34,90.82,
01/01/2000,00:00:08.54,-25.39,-247.56,-1038.09,65.24,30.48,8.97,-14.85,-53.85,-128.85,31.38,90.83,
01/01/2000,00:00:08.55,-31.25,-251.46,-1023.93,78.76,34.66,-3.44,-15.60,-55.35,-128.85,31.38,90.86,
01/01/2000,00:00:08.56,-37.11,-155.76,-862.30,66.46,30.09,11.10,-16.05,-56.55,-128.10,31.19,90.87,
01/01/2000,00:00:08.57,-104.98,-254.88,-903.81,65.89,15.88,5.67,-16.05,-56.55,-128.10,31.24,90.90,
01/01/2000,00:00:08.58,-37.60,-262.70,-934.08,63.99,29.35,2.18,-17.55,-56.55,-128.10,31.38,90.86,
01/01/2000,00:00:08.59,-18.07,-268.07,-933.11,58.08,33.77,-2.34,-18.00,-57.90,-126.00,31.58,90.87,
01/01/2000,00:00:08.60,0.49,-228.52,-962.40,55.94,36.06,1.33,-17.70,-57.90,-128.25,31.38,90.90,
01/01/2000,00:00:08.61,7.81,-295.41,-1002.44,61.54,33.54,0.40,-18.90,-57.30,-128.10,31.48,90.91,
01/01/2000,00:00:08.62,0.49,-334.47,-968.26,59.40,37.44,2.62,-18.90,-57.30,-128.10,31.24,90.93,
01/01/2000,00:00:08.64,-22.95,-364.26,-809.08,60.37,11.71,-2.02,-20.40,-55.35,-125.85,31.24,90.90,
01/01/2000,00:00:08.64,14.16,-313.96,-902.83,56.03,0.99,-3.12,-19.80,-57.45,-127.20,31.38,90.91,
01/01/2000,00:00:08.65,45.90,-316.89,-903.81,43.45,3.36,0.23,-19.65,-55.80,-126.30,31.38,90.93,
01/01/2000,00:00:08.66,27.83,-365.72,-1031.74,41.38,15.01,-2.70,-19.65,-55.80,-126.30,31.53,90.95,
01/01/2000,00:00:08.67,51.27,-355.47,-919.43,41.08,19.73,-7.59,-19.65,-55.80,-126.30,31.53,90.97,
01/01/2000,00:00:08.69,68.85,-330.08,-995.61,49.27,10.44,-0.57,-21.90,-51.60,-123.30,31.48,90.93,
01/01/2000,00:00:08.70,50.78,-367.68,-1082.03,49.11,22.80,9.17,-21.00,-49.05,-123.60,31.58,90.95,
01/01/2000,00:00:08.71,73.73,-382.81,-964.36,48.82,15.03,13.44,-18.60,-45.90,-121.95,31.53,90.97,
01/01/2000,00:00:08.72,33.20,-396.97,-929.20,51.54,11.60,11.70,-18.60,-45.90,-121.95,31.38,91.00,
01/01/2000,00:00:08.73,52.25,-397.46,-863.28,43.21,-1.62,12.92,-19.80,-41.10,-123.15,31.34,91.01,
01/01/2000,00:00:08.73,33.20,-392.09,-871.09,35.40,-18.68,13.40,-18.45,-38.40,-123.15,31.48,91.03,
01/01/2000,00:00:08.75,-1.46,-371.58,-929.20,28.73,-26.66,10.35,-17.85,-34.80,-123.00,31.24,91.00,
01/01/2000,00:00:08.76,-19.04,-330.57,-858.89,25.98,-31.86,12.76,-18.15,-30.30,-125.10,31.53,91.01,
01/01/2000,00:00:08.77,-7.32,-336.91,-740.72,24.98,-56.60,21.63,-18.15,-30.30,-125.10,31.38,91.03,
01/01/2000,00:00:08.78,17.58,-365.72,-822.75,18.23,-76.31,33.46,-14.70,-24.75,-127.20,31.38,91.04,
01/01/2000,00:00:08.79,37.11,-391.60,-813.48,5.05,-89.38,39.40,-14.40,-22.50,-129.00,31.53,91.07,
01/01/2000,00:00:08.80,-45.90,-378.42,-821.29,-5.62,-105.60,45.67,-11.25,-22.35,-129.15,31.38,91.03,
01/01/2000,00:00:08.81,-100.59,-349.12,-851.07,-11.06,-103.36,46.75,-13.80,-19.65,-127.65,31.38,91.04,
01/01/2000,00:00:08.82,-145.02,-367.68,-874.02,-5.82,-109.05,52.45,-13.80,-19.65,-127.65,31.48,91.07,
01/01/2000,00:00:08.83,-165.04,-343.26,-892.58,-11.79,-117.17,50.87,-14.25,-14.70,-125.10,31.48,91.08,
01/01/2000,00:00:08.84,-154.30,-331.05,-848.63,-21.44,-120.66,47.88,-14.85,-15.15,-125.10,31.14,91.10,
01/01/2000,00:00:08.85,-160.64,-364.26,-877.44,-17.98,-130.20,45.61,-15.90,-13.05,-122.40,31.24,91.07,
01/01/2000,00:00:08.86,-161.13,-369.63,-865.23,-22.73,-135.74,43.48,-15.90,-13.05,-122.40,31.38,91.08,
01/01/2000,00:00:08.87,-183.59,-329.59,-866.70,-20.38,-141.21,48.58,-15.45,-13.35,-121.05,31.53,91.10,
01/01/2000,00:00:08.88,-185.55,-348.63,-1014.65,-17.68,-165.31,49.14,-17.70,-13.05,-121.05,31.38,91.13,
01/01/2000,00:00:08.89,-287.11,-360.35,-852.54,-13.35,-191.83,62.24,-20.25,-13.05,-120.60,31.14,91.14,
01/01/2000,00:00:08.91,-421.88,-411.62,-991.70,22.32,-216.68,66.15,-18.45,-11.55,-120.00,31.24,91.10,
01/01/2000,00:00:08.91,-385.25,-416.99,-831.05,16.86,-193.15,61.58,-18.45,-11.55,-120.00,31.67,91.13,
01/01/2000,00:00:08.92,-383.79,-411.62,-804.20,25.69,-207.88,62.98,-19.65,-10.95,-121.50,31.38,91.14,
01/01/2000,00:00:08.93,-459.47,-408.69,-830.57,13.93,-181.24,58.30,-21.45,-11.25,-123.75,31.53,91.16,
01/01/2000,00:00:08.94,-404.30,-346.19,-587.89,8.06,-188.99,63.01,-21.15,-10.50,-123.75,31.24,91.17,
01/01/2000,00:00:08.96,-464.84,-345.70,-652.34,-10.06,-235.21,77.98,-21.00,-11.10,-124.65,31.38,91.15,
01/01/2000,00:00:08.97,-475.59,-400.39,-784.18,-17.10,-208.89,76.51,-21.00,-11.10,-124.65,31.72,91.16,
01/01/2000,00:00:08.98,-573.24,-327.15,-732.91,-16.33,-182.68,81.02,-23.10,-7.65,-123.90,31.58,91.17,
01/01/2000,00:00:09.03,-813.48,-263.18,-665.04,17.76,-102.83,21.52,-28.80,-13.20,-112.50,31.58,90.72,
01/01/2000,00:00:09.04,-711.91,-237.79,-529.30,1.61,-102.53,25.56,-29.85,-14.40,-111.45,31.38,90.70,
01/01/2000,00:00:09.05,-698.73,-282.23,-557.13,19.33,-89.31,21.37,-28.50,-16.20,-111.45,31.34,90.66,
01/01/2000,00:00:09.06,-761.72,-347.17,-797.36,-9.13,-69.93,18.15,-28.50,-16.20,-111.45,31.24,90.67,
01/01/2000,00:00:09.07,-797.85,-427.25,-871.09,9.18,-46.91,6.31,-28.95,-16.05,-110.55,31.38,90.70,
01/01/2000,00:00:09.08,-914.06,-322.75,-750.00,30.95,-44.68,-23.90,-29.40,-17.25,-109.05,31.53,90.71,
01/01/2000,00:00:09.09,-884.77,-302.73,-731.93,43.95,-20.88,-36.63,-30.15,-16.50,-109.50,31.38,90.73,
01/01/2000,00:00:09.11,-784.18,153.32,-647.46,28.60,15.07,6.02,-29.55,-17.70,-107.55,31.48,90.70,
01/01/2000,00:00:09.12,-584.47,-308.11,-641.11,42.20,-36.95,-32.69,-29.55,-17.70,-107.55,31.14,90.71,
01/01/2000,00:00:09.12,-777.83,-328.12,-596.68,-23.13,-59.76,-4.23,-31.50,-16.80,-106.65,31.53,90.73,
01/01/2000,00:00:09.13,-758.79,-290.53,-553.71,-28.13,-44.40,-12.28,-31.05,-17.70,-107.55,31.48,90.74,
01/01/2000,00:00:09.14,-666.99,-235.84,-468.26,-51.23,-43.89,-2.66,-30.30,-16.95,-104.55,31.24,90.77,
01/01/2000,00:00:09.16,-732.91,-283.69,-529.30,-48.02,-56.38,22.05,-30.30,-16.95,-104.55,31.38,90.73,
01/01/2000,00:00:09.17,-758.79,-291.50,-564.45,-53.27,-48.65,31.40,-31.95,-15.30,-106.20,31.24,90.75,
01/01/2000,00:00:09.18,-818.36,-354.00,-683.11,-62.81,-33.40,34.85,-31.20,-14.10,-105.15,31.38,90.77,
01/01/2000,00:00:09.19,-955.57,-557.62,-717.29,-76.23,-1.43,19.49,-30.45,-16.05,-104.40,31.34,90.79,
01/01/2000,00:00:09.20,-785.16,-213.38,-641.11,-56.73,-0.47,10.15,-30.45,-16.05,-104.40,31.48,90.80,
01/01/2000,00:00:09.21,-809.57,-236.33,-623.05,-41.20,-23.37,6.71,-29.25,-9.75,-100.95,31.58,90.77,
01/01/2000,00:00:09.22,-717.77,-264.16,-598.63,-44.21,-22.92,1.26,-27.90,-5.40,-98.70,31.38,90.79,
01/01/2000,00:00:09.23,-695.80,-255.86,-529.79,-46.76,-30.95,4.53,-24.75,-4.05,-98.40,31.58,90.80,
01/01/2000,00:00:09.24,-705.57,-235.84,-529.30,-52.83,-39.11,15.24,-24.90,-3.60,-98.25,31.38,90.83,
01/01/2000,00:00:09.25,-743.65,-211.43,-538.09,-60.53,-47.08,26.91,-24.90,-3.60,-98.25,31.53,90.84,
01/01/2000,00:00:09.26,-741.70,-226.07,-552.25,-80.38,-57.75,38.90,-22.65,0.75,-97.80,31.48,90.82,
01/01/2000,00:00:09.27,-832.03,-214.36,-585.45,-76.49,-60.49,34.03,-20.25,3.90,-97.95,31.53,90.83,
01/01/2000,00:00:09.28,-782.23,-241.21,-611.33,-71.47,-39.20,27.18,-18.75,4.65,-95.40,31.24,90.84,
01/01/2000,00:00:09.29,-762.70,-257.32,-670.90,-55.12,-28.49,18.70,-18.00,7.35,-93.90,31.38,90.86,
01/01/2000,00:00:09.30,-811.52,-242.68,-653.81,-37.52,-14.01,12.37,-18.00,7.35,-93.90,31.48,90.89,
01/01/2000,00:00:09.31,-701.17,-220.21,-541.02,-33.18,-9.31,20.85,-18.75,10.35,-87.15,31.34,90.85,
01/01/2000,00:00:09.32,-735.35,-210.94,-530.27,-41.53,-3.89,24.48,-19.65,10.95,-87.60,31.38,90.86,
01/01/2000,00:00:09.33,-733.40,-202.15,-528.81,-41.78,-6.26,32.76,-20.55,10.95,-87.60,31.38,90.89,
01/01/2000,00:00:09.34,-762.21,-173.34,-534.18,-39.79,-10.24,32.84,-20.55,13.80,-87.15,31.14,90.90,
01/01/2000,00:00:09.35,-784.18,-123.05,-520.51,-37.19,-11.92,34.26,-20.55,13.80,-87.15,31.67,90.92,
01/01/2000,00:00:09.37,-812.99,-105.47,-532.23,-39.58,-16.56,40.90,-23.70,22.65,-86.55,31.38,90.89,
01/01/2000,00:00:09.38,-819.82,-144.04,-607.42,-30.23,-16.96,38.47,-26.55,26.10,-85.50,31.53,90.90,
01/01/2000,00:00:09.39,-836.91,-140.62,-585.45,-18.07,-17.65,33.92,-30.15,28.20,-85.95,31.38,90.92,
01/01/2000,00:00:09.40,-802.25,-139.16,-567.87,-4.89,-9.83,27.90,-30.15,28.20,-85.95,31.48,90.93,
01/01/2000,00:00:09.40,-797.85,-127.44,-551.27,-4.10,-4.40,28.48,-37.80,34.35,-86.40,31.53,90.95,
01/01/2000,00:00:09.42,-800.29,-105.96,-551.76,-4.73,2.66,32.79,-41.55,32.55,-84.75,31.38,90.92,
01/01/2000,00:00:09.43,-821.29,-101.56,-528.81,-9.46,7.25,32.71,-44.10,30.30,-86.85,31.38,90.94,
01/01/2000,00:00:09.44,-844.73,-68.85,-557.13,-9.27,16.21,27.23,-47.85,27.30,-90.45,31.53,90.95,
01/01/2000,00:00:09.45,-877.93,-78.61,-608.89,-7.78,30.90,19.27,-47.85,27.30,-90.45,31.48,90.98,
01/01/2000,00:00:09.46,-859.86,-78.61,-542.48,-8.69,47.43,1.90,-50.55,18.75,-97.50,31.24,90.99,
01/01/2000,00:00:09.47,-886.72,-102.54,-548.34,-2.95,74.60,1.53,-51.60,17.55,-99.30,31.58,90.97,
01/01/2000,00:00:09.48,-896.00,-53.22,-637.21,7.28,76.91,-2.84,-53.85,16.80,-98.70,31.58,90.98,
01/01/2000,00:00:09.49,-835.94,-109.86,-592.77,14.17,75.77,-5.79,-53.25,13.20,-100.20,31.19,90.99,
01/01/2000,00:00:09.52,-779.79,-121.09,-631.35,5.67,54.85,4.49,-55.80,12.15,-99.60,31.53,90.76,
01/01/2000,00:00:09.53,-819.82,-39.55,-656.25,3.61,58.59,-0.32,-57.00,12.45,-101.70,31.19,90.74,
01/01/2000,00:00:09.55,-770.02,1.46,-666.99,-8.27,55.29,-7.65,-57.00,12.45,-101.70,31.19,90.72,
01/01/2000,00:00:09.56,-808.59,-117.68,-787.11,9.56,73.93,-7.85,-58.95,13.35,-101.10,31.48,90.73,
01/01/2000,00:00:09.57,-791.02,-97.66,-712.89,10.37,94.06,-16.23,-58.50,10.95,-102.75,31.48,90.74,
01/01/2000,00:00:09.58,-745.61,-170.90,-712.40,31.63,113.32,-14.36,-58.80,12.45,-103.50,31.24,90.76,
01/01/2000,00:00:09.59,-625.49,-128.91,-680.18,35.50,110.21,-22.62,-60.00,11.55,-105.15,31.53,90.78,
01/01/2000,00:00:09.60,-635.25,-143.55,-625.98,36.34,109.42,-14.90,-60.00,11.55,-105.15,31.48,90.80,
01/01/2000,00:00:09.61,-557.13,-38.57,-605.47,26.37,82.98,-10.02,-63.15,16.20,-106.05,31.67,90.77,
01/01/2000,00:00:09.62,-660.64,-136.72,-686.04,17.91,64.44,-9.34,-63.15,18.15,-105.30,31.58,90.79,
01/01/2000,00:00:09.63,-694.82,-145.51,-702.15,22.21,58.66,-11.95,-64.05,19.80,-106.65,31.34,90.80,
01/01/2000,00:00:09.64,-687.01,-112.79,-723.14,29.89,57.18,-9.43,-64.05,19.05,-106.65,31.34,90.82,
01/01/2000,00:00:09.65,-654.30,-126.46,-741.21,26.15,49.62,-12.12,-64.05,19.05,-106.65,31.38,90.83,
01/01/2000,00:00:09.66,-661.62,-171.39,-794.92,31.31,42.03,-11.43,-65.70,17.70,-106.35,31.19,90.81,
01/01/2000,00:00:09.67,-662.60,-164.06,-804.69,38.06,45.11,-11.32,-65.40,18.90,-106.35,31.48,90.82,
01/01/2000,00:00:09.68,-660.64,-143.55,-847.17,49.98,46.40,-6.59,-65.25,18.30,-106.95,31.48,90.83,
01/01/2000,00:00:09.69,-598.63,-194.82,-812.99,56.98,45.34,-7.40,-65.25,18.30,-106.95,31.14,90.85,
01/01/2000,00:00:09.70,-599.12,-184.08,-789.55,45.99,46.22,-13.24,-65.85,19.80,-107.25,31.53,90.87,
01/01/2000,00:00:09.71,-595.21,-153.81,-659.67,30.26,38.27,-9.24,-67.35,17.25,-106.20,31.24,90.84,
01/01/2000,00:00:09.72,-624.02,-147.95,-652.83,34.85,11.08,-4.79,-65.40,18.60,-106.05,31.38,90.85,
01/01/2000,00:00:09.73,-563.48,-164.06,-658.69,0.23,-6.92,1.85,-63.75,18.30,-105.90,31.48,90.88,
01/01/2000,00:00:09.74,-583.50,-197.75,-690.43,-12.54,-21.21,5.34,-63.75,18.30,-105.90,31.14,90.89,
01/01/2000,00:00:09.75,-590.33,-188.48,-737.79,-14.53,-30.21,4.44,-65.85,17.55,-107.70,31.67,90.91,
01/01/2000,00:00:09.77,-622.07,-208.98,-807.13,-15.89,-25.79,6.67,-65.85,18.30,-106.65,31.58,90.88,
01/01/2000,00:00:09.78,-625.49,-194.82,-794.92,-12.50,-26.02,9.89,-65.70,18.15,-106.05,31.24,90.89,
01/01/2000,00:00:09.79,-661.13,-197.27,-831.54,-12.83,-18.23,5.54,-65.70,18.15,-106.05,31.38,90.91,
01/01/2000,00:00:09.79,-661.13,-189.45,-800.78,-11.86,-13.07,3.36,-65.70,18.15,-106.05,31.38,90.92,
01/01/2000,00:00:09.80,-648.93,-173.34,-774.41,-9.48,-14.16,4.60,-64.95,17.40,-106.80,31.48,90.94,
01/01/2000,00:00:09.82,-625.98,-163.57,-721.68,-15.13,-15.30,3.14,-64.50,18.75,-106.95,31.53,90.91,
01/01/2000,00:00:09.83,-622.56,-162.11,-707.52,-17.67,-24.59,3.27,-64.50,18.75,-106.95,31.24,90.92,
01/01/2000,00:00:09.84,-639.65,-169.92,-713.38,-18.47,-27.45,5.14,-65.40,19.35,-106.05,31.38,90.94,
01/01/2000,00:00:09.85,-642.58,-155.76,-735.84,-16.02,-25.71,0.35,-63.90,19.35,-106.35,31.34,90.95,
01/01/2000,00:00:09.86,-627.93,-154.79,-726.07,-11.28,-21.12,0.63,-64.50,17.55,-106.20,31.38,90.97,
01/01/2000,00:00:09.87,-633.79,-153.32,-748.05,-5.66,-13.87,-0.59,-64.95,19.35,-104.55,31.34,90.94,
01/01/2000,00:00:09.88,-647.46,-157.71,-736.82,-4.01,-13.94,3.00,-64.95,19.35,-104.55,31.38,90.96,
01/01/2000,00:00:09.89,-650.88,-155.76,-744.14,-2.06,-14.74,4.12,-65.55,19.80,-107.25,31.38,90.97,
01/01/2000,00:00:09.90,-681.64,-120.12,-733.89,-1.37,-15.12,-0.91,-65.25,19.05,-106.20,31.67,90.99,
01/01/2000,00:00:09.91,-670.41,-70.80,-700.68,-6.19,-13.70,-1.82,-62.40,18.60,-107.10,31.38,91.01,
01/01/2000,00:00:09.92,-647.95,-79.59,-673.34,-20.40,-4.93,-5.46,-61.35,18.90,-105.75,31.19,90.98,
01/01/2000,00:00:09.93,-652.83,-50.29,-910.16,-26.24,3.20,1.08,-61.35,18.90,-105.75,31.53,90.99,
01/01/2000,00:00:09.94,-637.21,-128.91,-816.89,-36.93,12.76,2.25,-59.85,15.45,-105.75,31.14,91.00,
01/01/2000,00:00:09.95,-684.57,-114.75,-724.12,-27.74,18.76,-2.17,-56.85,11.85,-108.00,31.53,91.03,
01/01/2000,00:00:09.96,-710.45,-149.90,-662.60,-4.93,31.40,-12.85,-54.75,9.00,-108.15,31.48,91.04,
01/01/2000,00:00:09.97,-673.83,-97.66,-645.02,-32.85,67.78,-12.46,-51.60,6.15,-107.70,31.24,91.02,
01/01/2000,00:00:09.98,-623.05,-106.45,-637.70,-37.28,80.15,-19.39,-51.60,6.15,-107.70,31.38,91.03,
01/01/2000,00:00:09.99,-592.77,-115.23,-641.11,-39.69,89.68,-21.05,-44.70,-2.40,-108.75,31.38,91.04,
01/01/2000,00:00:10.03,-474.12,-172.36,-707.52,-68.83,101.16,-12.95,-30.45,-17.55,-103.35,31.48,90.82,
01/01/2000,00:00:10.04,-449.71,-124.02,-761.72,-77.93,102.70,-5.31,-21.15,-30.30,-105.00,31.34,90.80,
01/01/2000,00:00:10.05,-357.91,-194.82,-841.31,-82.31,91.33,-28.12,-17.85,-36.45,-106.05,31.48,90.78,
01/01/2000,00:00:10.06,-512.70,-79.10,-908.69,-78.44,108.66,-29.76,-14.40,-40.80,-107.25,31.48,90.79,
01/01/2000,00:00:10.07,-485.35,-81.54,-908.69,-59.60,114.31,-41.37,-11.85,-43.80,-109.80,31.38,90.80,
01/01/2000,00:00:10.08,-376.46,-78.12,-859.38,-48.56,104.22,-43.74,-11.85,-43.80,-109.80,31.48,90.83,
01/01/2000,00:00:10.09,-271.97,-37.60,-882.32,-47.36,49.08,-57.29,-7.35,-46.05,-115.65,31.14,90.84,
01/01/2000,00:00:10.10,-397.95,-190.92,-835.45,-49.26,49.76,-56.36,-7.05,-50.25,-119.25,31.48,90.82,
01/01/2000,00:00:10.11,-436.52,-173.83,-868.16,-79.52,90.23,-42.06,-5.40,-49.35,-118.35,31.48,90.83,
01/01/2000,00:00:10.12,-370.12,-53.71,-836.43,-109.15,115.11,-23.19,-5.40,-49.35,-118.35,31.19,90.84,
01/01/2000,00:00:10.13,-349.61,6.84,-766.60,-117.31,85.85,-22.61,-4.80,-49.50,-120.30,31.67,90.86,
01/01/2000,00:00:10.14,-396.00,4.88,-778.32,-117.31,39.12,-26.89,-6.00,-49.05,-121.35,31.53,90.88,
01/01/2000,00:00:10.16,-356.93,63.96,-933.59,-131.26,6.82,-30.88,-6.45,-48.15,-119.70,31.14,90.85,
01/01/2000,00:00:10.17,-395.51,110.84,-1008.79,-132.01,-18.34,-33.27,-6.00,-46.80,-122.40,31.48,90.86,
01/01/2000,00:00:10.18,-479.49,104.49,-997.56,-140.83,-16.26,-40.97,-6.00,-46.80,-122.40,31.48,90.88,
01/01/2000,00:00:10.19,-485.35,90.33,-1008.79,-143.63,9.00,-52.00,-5.25,-46.80,-122.40,31.34,90.89,
01/01/2000,00:00:10.19,-393.07,142.09,-990.23,-145.47,25.60,-56.15,-7.65,-47.70,-123.30,31.38,90.91,
01/01/2000,00:00:10.21,-343.26,197.27,-1058.11,-130.94,2.76,-23.24,-6.15,-46.65,-124.50,31.48,90.88,
01/01/2000,00:00:10.22,-390.14,102.05,-978.52,-114.22,-6.92,-12.13,-8.10,-46.05,-123.90,31.48,90.89,
01/01/2000,00:00:10.23,-355.47,201.66,-933.59,-96.85,-22.59,-9.89,-8.10,-46.05,-123.90,31.38,90.91,
01/01/2000,00:00:10.24,-385.74,161.13,-957.03,-82.85,-37.23,-8.23,-6.00,-44.55,-124.95,31.34,90.92,
01/01/2000,00:00:10.25,-350.10,209.47,-970.70,-72.74,-37.45,-7.06,-6.45,-45.15,-125.10,31.38,90.94,
01/01/2000,00:00:10.26,-533.69,287.11,-1054.20,-46.51,-66.68,-11.04,-4.65,-45.15,-124.50,31.48,90.91,
01/01/2000,00:00:10.27,-502.93,207.03,-1016.60,-42.79,-79.83,-4.44,-4.65,-45.15,-124.50,31.38,90.93,
01/01/2000,00:00:10.28,-583.98,247.56,-1003.91,-51.33,-72.24,-12.85,-5.40,-42.90,-124.50,31.34,90.94,
01/01/2000,00:00:10.29,-653.32,248.54,-958.01,-51.61,-64.99,-24.66,-5.40,-42.90,-124.80,31.38,90.96,
01/01/2000,00:00:10.30,-595.21,274.41,-958.50,-38.94,-84.56,-28.53,-2.10,-43.95,-124.05,31.19,90.97,
01/01/2000,00:00:10.31,-385.74,143.55,-1022.46,-25.41,-87.02,-25.69,-3.45,-44.10,-123.60,31.34,90.94,
01/01/2000,00:00:10.32,-361.82,150.88,-1047.85,-15.24,-88.33,-41.26,-3.45,-44.10,-123.60,31.53,90.96,
01/01/2000,00:00:10.33,-327.15,192.38,-1070.80,6.31,-83.00,-44.57,-3.00,-43.05,-121.35,31.58,90.97,
01/01/2000,00:00:10.34,-405.27,152.34,-1044.92,13.56,-58.24,-25.56,-4.65,-44.70,-120.90,31.38,90.99,
01/01/2000,00:00:10.35,-392.09,118.65,-1009.77,22.31,-18.79,-3.59,-3.15,-45.15,-123.00,31.24,91.00,
01/01/2000,00:00:10.37,-618.16,218.75,-858.40,33.27,9.15,11.22,-4.35,-46.20,-119.70,31.58,90.98,
01/01/2000,00:00:10.37,-729.00,239.75,-732.91,45.56,13.78,-16.98,-4.35,-46.20,-119.70,31.53,90.99,
01/01/2000,00:00:10.38,-586.91,251.46,-749.02,50.83,15.89,-31.50,-2.85,-46.65,-121.20,31.53,91.00,
01/01/2000,00:00:10.39,-345.70,108.89,-737.79,57.91,15.28,-34.05,-3.60,-47.70,-121.95,31.58,91.02,
01/01/2000,00:00:10.40,-231.93,-92.29,-699.22,54.42,32.35,-14.12,-3.45,-47.55,-121.05,31.53,91.04,
01/01/2000,00:00:10.42,-410.64,5.37,-747.56,47.79,22.79,34.98,-3.15,-48.60,-120.45,31.14,91.00,
01/01/2000,00:00:10.43,-294.43,14.65,-637.70,55.09,13.01,62.61,-3.15,-48.60,-120.45,31.48,91.02,
01/01/2000,00:00:10.44,-330.08,94.73,-694.82,46.45,1.85,88.38,-2.55,-48.60,-121.95,31.38,91.03,
01/01/2000,00:00:10.45,-433.11,112.30,-768.55,52.47,11.08,62.32,-1.35,-46.95,-123.00,31.19,91.05,
01/01/2000,00:00:10.46,-579.59,14.16,-773.93,55.17,49.01,46.40,-0.15,-46.50,-121.35,31.58,91.06,
01/01/2000,00:00:10.47,-617.19,116.21,-785.64,48.53,94.01,32.27,-1.95,-48.00,-121.80,31.34,91.08,
01/01/2000,00:00:10.48,-553.22,70.31,-741.70,21.34,134.10,42.27,-2.25,-46.50,-122.10,31.53,91.05,
01/01/2000,00:00:10.49,-574.71,90.33,-798.83,-17.89,168.36,24.80,-1.05,-46.20,-121.95,31.58,91.07,
01/01/2000,00:00:10.50,-563.48,171.88,-680.66,-28.86,156.85,17.99,-0.90,-45.75,-123.15,31.48,91.08,
01/01/2000,00:00:10.53,-428.71,102.05,-961.43,22.17,23.05,-0.55,-3.90,-47.70,-125.10,31.38,90.88,
01/01/2000,00:00:10.54,-375.98,74.71,-916.99,14.13,37.91,1.25,-3.60,-46.95,-124.50,31.53,90.86,
01/01/2000,00:00:10.56,-686.04,174.80,-998.05,1.96,65.85,22.83,-3.45,-46.50,-126.45,31.38,90.83,
01/01/2000,00:00:10.57,-598.14,208.50,-957.52,-11.95,85.89,18.39,-3.45,-46.50,-126.45,31.38,90.84,
01/01/2000,00:00:10.58,-456.05,253.91,-953.61,-11.42,83.56,12.15,-3.60,-44.40,-127.05,31.34,90.86,
01/01/2000,00:00:10.59,-347.17,167.48,-953.12,-4.07,68.56,4.63,-3.75,-43.80,-127.95,31.38,90.88,
01/01/2000,00:00:10.60,-358.40,174.32,-979.98,-8.41,58.31,7.98,-6.75,-44.10,-127.20,31.53,90.89,
01/01/2000,00:00:10.61,-287.11,173.34,-991.21,-13.72,40.06,23.50,-7.05,-45.30,-127.95,31.67,90.87,
01/01/2000,00:00:10.62,100.10,-504.39,-1194.34,20.50,53.59,42.23,-7.05,-45.30,-127.95,31.48,90.88,
01/01/2000,00:00:10.63,-108.40,35.16,-958.50,1.98,39.05,127.34,-4.65,-43.95,-128.10,31.53,90.89,
01/01/2000,00:00:10.64,-1.46,7.32,-936.52,29.95,32.87,184.60,-5.10,-43.20,-127.05,31.48,90.91,
01/01/2000,00:00:10.65,-211.91,40.04,-1082.52,-5.27,114.03,225.77,-5.25,-43.35,-129.00,31.24,90.92,
01/01/2000,00:00:10.66,-390.14,-370.12,-1047.36,-212.15,250.13,250.13,-5.25,-43.35,-129.00,31.34,90.90,
01/01/2000,00:00:10.67,-414.55,435.55,-1417.48,-240.36,250.13,250.13,-6.00,-37.65,-130.35,31.24,90.91,
01/01/2000,00:00:10.68,409.67,837.89,-730.47,-177.29,250.13,169.05,-7.80,-35.40,-132.90,31.67,90.92,
01/01/2000,00:00:10.69,28.32,629.39,-948.73,-16.06,180.65,63.20,-11.10,-33.15,-136.95,31.58,90.94,
01/01/2000,00:00:10.70,-28.81,270.51,-1044.43,2.23,130.51,86.40,-14.25,-32.25,-137.10,31.34,90.96,
01/01/2000,00:00:10.71,57.62,398.93,-954.59,-23.56,115.13,50.87,-14.25,-32.25,-137.10,31.38,90.93,
01/01/2000,00:00:10.72,-84.47,471.68,-801.76,-10.05,63.68,83.04,-16.20,-31.95,-136.50,31.24,90.94,
01/01/2000,00:00:10.73,-142.58,541.50,-930.66,-11.82,6.56,94.58,-16.80,-30.30,-137.85,31.24,90.96,
01/01/2000,00:00:10.74,-41.99,434.08,-1145.02,-9.85,-18.42,114.68,-17.10,-30.75,-138.15,31.53,90.97,
01/01/2000,00:00:10.75,87.40,328.12,-1217.29,7.95,-21.99,122.15,-16.80,-29.85,-137.40,31.24,90.99,
01/01/2000,00:00:10.77,264.65,256.35,-1068.85,26.18,50.40,91.93,-15.45,-30.90,-135.45,31.38,90.96,
01/01/2000,00:00:10.77,190.43,-32.71,-977.54,-7.44,94.30,124.83,-14.85,-29.10,-137.85,31.38,90.97,
01/01/2000,00:00:10.78,100.59,269.53,-774.90,-23.92,79.34,149.47,-15.15,-28.65,-137.55,31.24,90.99,
01/01/2000,00:00:10.79,8.30,355.47,-818.36,-16.65,39.69,138.88,-15.60,-29.10,-138.15,31.53,91.00,
01/01/2000,00:00:10.80,82.03,331.54,-950.68,-12.50,14.71,130.86,-15.60,-29.10,-138.15,31.38,91.02,
01/01/2000,00:00:10.82,178.71,341.80,-926.27,15.51,-11.92,128.82,-17.70,-28.65,-138.30,31.38,90.99,
01/01/2000,00:00:10.83,234.38,282.71,-950.20,20.87,-33.91,103.42,-15.90,-27.45,-139.80,31.38,91.00,
01/01/2000,00:00:10.84,276.37,272.46,-950.20,41.57,-78.77,88.42,-16.05,-27.60,-137.85,31.38,91.02,
01/01/2000,00:00:10.85,186.04,274.41,-1016.11,38.98,-102.91,63.78,-14.70,-28.65,-138.00,31.38,91.03,
01/01/2000,00:00:10.86,174.32,277.34,-1023.44,49.92,-117.82,43.48,-14.70,-28.65,-138.00,31.53,91.04,
01/01/2000,00:00:10.87,132.81,244.63,-993.16,57.24,-132.18,40.82,-13.95,-27.00,-137.55,31.38,91.06,
01/01/2000,00:00:10.88,106.93,131.35,-1047.36,59.91,-106.19,46.63,-12.00,-28.35,-137.85,31.58,91.03,
01/01/2000,00:00:10.89,82.03,127.93,-1088.38,41.09,-68.39,76.83,-13.80,-30.30,-135.60,31.48,91.04,
01/01/2000,00:00:10.90,156.74,140.14,-977.05,22.69,-32.49,82.36,-12.30,-29.10,-136.35,31.19,91.06,
01/01/2000,00:00:10.91,141.60,202.15,-995.12,14.21,-33.92,57.16,-12.30,-29.10,-136.35,31.53,91.07,
01/01/2000,00:00:10.92,125.98,210.94,-1058.59,20.15,-23.78,51.92,-10.35,-29.70,-136.20,31.38,91.09,
01/01/2000,00:00:10.93,135.25,154.79,-985.35,17.99,0.09,52.08,-10.35,-29.40,-134.70,31.72,91.06,
01/01/2000,00:00:10.94,147.46,130.37,-951.17,13.71,17.46,57.21,-10.50,-29.55,-136.05,31.38,91.07,
01/01/2000,00:00:10.95,147.95,121.09,-965.82,12.71,32.09,55.79,-10.50,-29.55,-136.05,31.34,91.09,
01/01/2000,00:00:10.96,156.25,146.00,-992.68,14.02,31.79,50.88,-11.70,-29.55,-136.05,31.67,91.11,
01/01/2000,00:00:10.97,125.98,187.99,-974.61,21.74,23.05,42.69,-11.70,-29.55,-136.65,31.67,91.12,
01/01/2000,00:00:10.98,296.39,113.77,-728.52,19.82,-4.97,32.14,-9.75,-29.55,-134.55,31.38,91.09,
01/01/2000,00:00:10.99,141.60,142.58,-918.46,6.71,-14.66,27.40,-9.75,-28.80,-135.30,31.58,91.11,
01/01/2000,00:00:11.00,163.09,94.73,-950.20,7.08,-9.79,27.61,-9.75,-28.80,-135.30,31.24,91.12,
