rtcDate,rtcTime,aX,aY,aZ,gX,gY,gZ,mX,mY,mZ,imu_degC,output_Hz,
01/01/2000,00:00:01.50,-196.29,474.12,-941.89,-3.92,-35.71,43.81,-43.65,-10.35,-115.20,28.51,333.33,
01/01/2000,00:00:01.55,-135.74,539.55,-775.39,-13.23,-7.69,33.05,-43.95,-10.80,-114.90,28.75,37.74,
01/01/2000,00:00:01.56,-117.68,556.64,-696.78,1.53,-25.15,30.01,-43.95,-11.55,-114.45,28.70,45.45,
01/01/2000,00:00:01.57,-119.63,586.43,-742.68,20.32,-23.47,28.29,-43.05,-10.20,-115.80,28.60,52.63,
01/01/2000,00:00:01.58,-94.24,628.91,-735.35,28.32,-25.84,28.99,-43.20,-12.30,-117.75,28.70,58.14,
01/01/2000,00:00:01.60,-76.17,615.23,-781.74,40.00,-18.87,24.69,-43.95,-12.30,-117.45,28.60,60.00,
01/01/2000,00:00:01.61,-62.50,624.02,-791.50,42.25,-7.76,24.93,-43.80,-11.70,-115.50,28.56,64.22,
01/01/2000,00:00:01.62,-59.08,596.19,-805.18,52.38,-10.86,30.98,-43.95,-13.35,-116.70,28.51,67.23,
01/01/2000,00:00:01.63,-71.29,559.57,-875.00,56.44,-16.91,33.44,-43.95,-13.35,-116.70,28.70,70.31,
01/01/2000,00:00:01.64,0.00,570.31,-954.59,52.69,-18.96,30.69,-44.40,-13.35,-117.00,28.51,72.46,
01/01/2000,00:00:01.65,-26.37,619.14,-839.36,46.55,-15.17,33.18,-44.85,-13.95,-117.90,28.84,72.37,
01/01/2000,00:00:01.66,-59.08,622.07,-755.37,56.88,-9.13,35.38,-44.70,-15.30,-118.20,28.51,74.53,
01/01/2000,00:00:01.67,-68.85,581.54,-707.03,76.24,-11.12,38.20,-44.70,-14.85,-118.80,28.75,76.02,
01/01/2000,00:00:01.68,-85.94,587.89,-679.69,96.14,-30.55,33.58,-45.75,-13.05,-118.80,28.75,77.78,
01/01/2000,00:00:01.69,-89.84,582.03,-731.45,109.07,-47.24,29.74,-44.85,-15.45,-120.15,28.60,78.95,
01/01/2000,00:00:01.71,-179.69,499.51,-654.30,120.05,-38.93,34.20,-44.85,-15.45,-120.15,28.60,78.43,
01/01/2000,00:00:01.71,-156.74,474.12,-654.79,146.12,-35.60,42.49,-44.55,-17.40,-120.15,28.56,79.81,
01/01/2000,00:00:01.72,-121.09,462.40,-761.72,174.69,-44.47,52.89,-44.10,-17.70,-121.20,28.41,80.72,
01/01/2000,00:00:01.73,-100.59,439.94,-902.83,186.73,-41.18,45.51,-42.45,-19.80,-121.80,28.60,81.90,
01/01/2000,00:00:01.74,-37.60,443.85,-1004.88,178.26,-30.82,37.37,-43.50,-21.60,-123.00,28.70,82.64,
01/01/2000,00:00:01.76,-45.90,424.32,-1024.90,150.13,-30.47,26.67,-43.50,-21.60,-123.00,28.60,82.03,
01/01/2000,00:00:01.77,-70.31,403.81,-971.68,127.79,-32.35,17.81,-43.50,-23.85,-122.25,28.75,82.71,
01/01/2000,00:00:01.78,-130.86,399.90,-882.32,118.24,-24.25,13.34,-41.55,-25.05,-125.55,28.70,83.64,
01/01/2000,00:00:01.79,-163.09,362.30,-762.70,117.40,-14.44,12.40,-43.80,-25.35,-125.85,28.84,84.21,
01/01/2000,00:00:01.80,-172.36,312.50,-801.76,133.43,-10.91,13.85,-42.45,-26.25,-124.95,28.60,85.03,
01/01/2000,00:00:01.81,-173.83,246.09,-873.54,143.69,-4.29,18.05,-42.45,-26.25,-124.95,28.84,84.42,
01/01/2000,00:00:01.82,-204.10,168.95,-902.83,143.95,-4.93,23.14,-42.90,-29.70,-125.40,28.75,84.91,
01/01/2000,00:00:01.83,-150.39,93.75,-1030.27,132.78,-7.79,22.85,-42.45,-30.90,-126.00,28.60,85.63,
01/01/2000,00:00:01.84,-145.02,9.28,-1133.79,109.90,-9.57,14.87,-41.85,-33.60,-126.75,28.75,86.05,
01/01/2000,00:00:01.85,-190.43,32.23,-1103.52,67.47,-10.56,5.75,-44.55,-34.05,-127.35,28.51,86.71,
01/01/2000,00:00:01.87,-219.73,59.08,-932.13,22.69,1.49,-4.91,-44.55,-34.05,-127.35,28.56,86.11,
01/01/2000,00:00:01.88,-215.33,98.63,-858.40,20.73,5.37,-4.06,-42.15,-33.90,-126.45,28.37,86.49,
01/01/2000,00:00:01.89,-208.01,128.91,-820.80,23.58,4.61,-3.26,-44.10,-34.80,-127.05,28.60,87.07,
01/01/2000,00:00:01.90,-196.78,141.11,-836.43,31.91,6.08,-1.15,-42.30,-34.05,-127.65,28.60,87.40,
01/01/2000,00:00:01.91,-166.99,120.12,-854.00,41.33,-1.40,3.27,-42.45,-34.65,-126.75,28.56,87.94,
01/01/2000,00:00:01.91,-142.09,55.66,-1036.62,47.69,-3.28,2.36,-42.45,-34.65,-126.75,28.84,88.45,
01/01/2000,00:00:01.93,-166.99,-2.44,-1115.23,14.74,20.40,-2.18,-43.20,-35.85,-129.00,28.60,87.89,
01/01/2000,00:00:01.94,-160.16,23.44,-1052.73,-5.65,25.63,-6.70,-43.20,-36.60,-126.75,28.70,88.17,
01/01/2000,00:00:01.95,-165.53,39.06,-935.55,-17.74,20.88,-7.56,-42.00,-36.45,-127.35,28.60,88.44,
01/01/2000,00:00:01.96,-116.70,79.10,-980.47,-18.42,22.11,-10.95,-43.80,-36.75,-126.60,28.84,88.89,
01/01/2000,00:00:01.97,-122.56,95.21,-999.51,-18.63,34.04,-13.37,-43.80,-36.75,-126.60,28.89,89.13,
01/01/2000,00:00:01.98,-118.65,115.72,-875.98,-19.37,38.23,-14.84,-44.10,-36.00,-126.60,28.84,88.61,
01/01/2000,00:00:01.99,-110.35,141.60,-858.89,2.01,20.55,-10.63,-45.75,-35.40,-126.45,28.70,89.03,
01/01/2000,00:00:02.00,-79.10,139.65,-922.85,13.29,4.44,-8.46,-44.40,-35.40,-127.50,28.84,89.25,
01/01/2000,00:00:02.00,-59.08,144.04,-992.68,20.39,3.93,-6.40,-44.40,-35.40,-127.50,28.70,89.64,
01/01/2000,00:00:02.01,-76.17,129.88,-946.29,24.53,-0.24,-7.98,-44.85,-36.00,-127.05,28.84,89.84,
01/01/2000,00:00:02.05,-79.10,52.73,-1052.73,60.59,-19.19,13.89,-43.65,-36.60,-125.70,28.75,85.14,
01/01/2000,00:00:02.06,-109.86,58.11,-1036.62,62.73,-11.67,20.01,-44.40,-38.10,-126.75,28.89,84.81,
01/01/2000,00:00:02.07,-353.03,-227.05,-1099.61,69.11,-21.00,13.82,-44.40,-37.35,-127.20,28.75,85.22,
01/01/2000,00:00:02.08,-92.29,75.68,-1070.31,26.79,-46.81,57.94,-42.30,-38.70,-127.35,28.70,85.47,
01/01/2000,00:00:02.09,-70.31,18.55,-1069.82,34.97,-29.68,55.79,-42.90,-38.40,-127.95,28.75,85.86,
01/01/2000,00:00:02.10,-129.39,79.59,-915.04,39.72,-29.43,40.27,-42.75,-39.00,-126.60,28.75,85.53,
01/01/2000,00:00:02.11,-161.13,2.93,-963.87,48.10,-36.08,38.68,-42.75,-39.00,-126.60,28.84,85.76,
01/01/2000,00:00:02.12,-170.41,-8.30,-991.21,52.37,-34.10,26.84,-42.45,-40.05,-126.75,28.84,85.99,
01/01/2000,00:00:02.13,-143.07,-30.27,-1004.39,43.98,-24.73,12.18,-42.90,-39.60,-128.55,28.70,86.34,
01/01/2000,00:00:02.14,-181.64,-44.92,-988.28,34.14,-19.21,8.13,-42.30,-41.25,-128.40,28.70,86.55,
01/01/2000,00:00:02.16,-208.50,-48.34,-966.80,29.50,-11.43,7.79,-41.85,-41.85,-129.30,29.04,86.23,
01/01/2000,00:00:02.17,-225.10,-61.52,-922.36,24.33,-2.33,2.86,-42.45,-40.80,-128.25,28.56,86.57,
01/01/2000,00:00:02.18,-207.52,-41.50,-942.38,20.30,5.80,2.42,-42.30,-42.45,-128.40,28.89,86.76,
01/01/2000,00:00:02.18,-182.13,-30.27,-971.19,11.43,12.89,0.77,-42.15,-41.55,-127.20,28.51,87.08,
01/01/2000,00:00:02.19,-172.36,-32.23,-943.36,6.08,12.86,1.79,-41.55,-42.45,-127.35,28.89,87.27,
01/01/2000,00:00:02.21,-145.02,6.35,-951.66,1.51,14.95,-3.47,-41.55,-42.45,-127.35,28.60,86.96,
01/01/2000,00:00:02.22,-135.74,-27.34,-960.45,-0.89,9.47,-2.08,-42.75,-42.00,-128.10,28.84,87.26,
01/01/2000,00:00:02.23,-134.77,-9.28,-1002.93,0.66,-0.08,-6.37,-42.90,-41.10,-128.55,28.60,87.43,
01/01/2000,00:00:02.24,-135.74,-1.95,-1012.70,-0.27,-7.82,-7.68,-42.15,-43.05,-128.55,28.75,87.72,
01/01/2000,00:00:02.25,-155.76,-0.98,-973.14,-5.15,-7.85,-5.48,-43.20,-42.60,-126.75,28.84,87.88,
01/01/2000,00:00:02.26,-172.36,-9.28,-940.92,0.59,-1.34,-2.86,-43.20,-42.60,-126.75,29.04,87.58,
01/01/2000,00:00:02.27,-166.99,-28.32,-994.14,4.93,-10.86,0.76,-43.20,-41.55,-126.00,29.04,87.86,
01/01/2000,00:00:02.28,-155.76,-15.62,-1024.90,5.35,-16.83,3.72,-42.75,-41.70,-128.10,29.04,88.01,
01/01/2000,00:00:02.29,-166.50,-13.18,-1004.88,4.88,-22.41,6.94,-40.20,-42.90,-127.35,28.84,88.27,
01/01/2000,00:00:02.30,-140.14,14.16,-988.28,14.35,-23.70,7.28,-41.85,-40.05,-129.00,28.94,88.42,
01/01/2000,00:00:02.31,-109.86,11.72,-1007.81,22.21,-27.20,6.16,-41.85,-40.05,-129.00,29.04,88.67,
01/01/2000,00:00:02.32,-139.16,-7.32,-1033.69,25.66,-29.99,7.44,-41.40,-41.85,-127.95,28.51,88.38,
01/01/2000,00:00:02.33,-159.67,-18.07,-998.05,22.64,-32.93,4.06,-41.85,-43.35,-128.25,28.89,88.52,
01/01/2000,00:00:02.34,-189.94,-33.20,-1004.88,20.06,-26.12,-2.56,-40.95,-42.90,-128.10,28.84,88.76,
01/01/2000,00:00:02.35,-199.71,-12.70,-974.61,13.79,-21.54,-7.37,-40.95,-42.90,-128.10,28.84,88.89,
01/01/2000,00:00:02.36,-198.73,-11.72,-943.36,7.98,-18.66,-8.97,-40.50,-44.70,-128.40,28.84,89.12,
01/01/2000,00:00:02.38,-199.22,-6.35,-911.62,8.37,-49.85,-0.54,-41.55,-43.65,-128.10,28.84,88.84,
01/01/2000,00:00:02.38,-201.17,-5.86,-884.77,11.34,-70.15,5.28,-39.90,-42.30,-129.75,28.84,88.96,
01/01/2000,00:00:02.39,-175.78,19.04,-842.77,8.87,-116.53,17.03,-39.00,-43.65,-129.15,29.04,89.09,
01/01/2000,00:00:02.40,-168.95,26.37,-947.27,19.67,-154.92,28.20,-39.00,-43.65,-129.15,29.04,89.31,
01/01/2000,00:00:02.41,-186.52,15.62,-984.38,25.73,-176.17,31.68,-39.00,-43.65,-129.15,28.89,89.42,
01/01/2000,00:00:02.43,-206.54,-9.28,-992.19,41.90,-186.68,32.15,-35.70,-45.90,-128.10,28.75,88.87,
01/01/2000,00:00:02.44,-290.53,-44.43,-860.84,63.05,-195.18,37.38,-33.75,-44.85,-131.10,28.84,88.98,
01/01/2000,00:00:02.45,-326.66,23.93,-852.05,67.18,-246.02,52.31,-32.10,-46.20,-129.90,28.84,89.19,
01/01/2000,00:00:02.46,-403.32,-84.47,-878.42,26.99,-250.14,85.88,-32.10,-46.20,-129.90,28.84,89.30,
01/01/2000,00:00:02.47,-446.29,-139.65,-810.55,17.37,-250.14,93.08,-28.95,-45.75,-130.05,28.56,89.51,
01/01/2000,00:00:02.48,-492.19,-37.11,-848.14,7.82,-250.14,75.31,-26.25,-46.20,-128.10,28.70,89.25,
01/01/2000,00:00:02.49,-569.82,7.32,-772.95,16.60,-250.14,59.50,-22.05,-46.05,-131.10,28.89,89.36,
01/01/2000,00:00:02.50,-607.91,-9.77,-623.05,18.79,-250.14,53.78,-20.25,-45.75,-128.55,28.60,89.55,
01/01/2000,00:00:02.51,-777.83,-22.95,-715.33,-3.25,-250.14,49.47,-20.25,-45.75,-128.55,28.70,89.66,
01/01/2000,00:00:02.52,-837.89,-51.27,-715.33,-14.00,-250.14,49.51,-12.90,-47.25,-128.55,28.75,89.84,
01/01/2000,00:00:02.56,-934.08,-149.41,-393.55,-17.30,-137.13,57.63,-9.30,-47.25,-123.90,28.60,87.32,
01/01/2000,00:00:02.58,-909.67,-67.87,-479.00,26.50,-142.13,49.46,-6.45,-45.15,-122.70,28.84,87.20,
01/01/2000,00:00:02.59,-894.53,-31.25,-459.47,45.59,-129.70,35.97,-5.55,-43.80,-121.35,28.84,87.32,
01/01/2000,00:00:02.59,-895.51,-0.49,-411.62,59.90,-144.49,19.42,-3.60,-44.40,-123.30,28.75,87.51,
01/01/2000,00:00:02.60,-907.71,14.16,-445.80,66.10,-142.45,6.93,-3.45,-44.55,-121.35,29.04,87.62,
01/01/2000,00:00:02.62,-917.97,98.63,-461.91,74.07,-92.11,-8.06,-1.95,-44.55,-120.30,28.75,87.42,
01/01/2000,00:00:02.63,-918.95,60.55,-413.57,67.82,-34.72,-22.45,-1.05,-46.65,-121.20,28.89,87.61,
01/01/2000,00:00:02.64,-985.84,-57.13,-406.25,59.40,-27.31,-23.72,-0.45,-45.75,-120.30,28.89,87.72,
01/01/2000,00:00:02.65,-954.59,-77.64,-420.90,54.51,-44.98,-19.31,-1.05,-46.95,-120.15,28.94,87.90,
01/01/2000,00:00:02.66,-913.09,-55.66,-449.22,64.39,-62.24,-23.76,-1.05,-46.95,-120.15,29.04,88.01,
01/01/2000,00:00:02.67,-935.06,-44.92,-392.58,74.76,-79.21,-24.96,-1.35,-47.70,-118.65,28.56,87.81,
01/01/2000,00:00:02.68,-914.55,-57.13,-362.79,67.11,-82.07,-22.18,0.60,-48.60,-118.35,28.94,87.99,
01/01/2000,00:00:02.69,-930.18,-25.88,-334.96,50.87,-77.45,-20.42,-1.05,-48.15,-117.30,28.60,88.09,
01/01/2000,00:00:02.70,-955.57,-44.92,-316.89,29.61,-69.25,-15.79,2.85,-48.90,-118.65,28.70,88.26,
01/01/2000,00:00:02.71,-929.69,-15.14,-271.00,10.44,-53.56,-12.53,2.85,-48.90,-118.65,28.84,88.36,
01/01/2000,00:00:02.72,-986.33,-94.24,-285.64,-9.50,-25.83,-7.39,1.95,-50.25,-116.70,28.70,88.16,
01/01/2000,00:00:02.73,-975.10,-104.49,-290.04,-20.93,-14.02,-3.66,1.50,-50.25,-116.40,28.94,88.33,
01/01/2000,00:00:02.74,-930.66,-93.75,-305.66,-21.79,-11.99,1.14,1.35,-50.40,-117.30,29.04,88.42,
01/01/2000,00:00:02.75,-962.89,-66.89,-380.37,-13.63,-11.11,1.87,2.70,-48.75,-117.00,28.56,88.59,
01/01/2000,00:00:02.76,-962.89,-53.71,-381.84,2.77,-21.58,-1.12,0.45,-49.80,-116.70,29.04,88.68,
01/01/2000,00:00:02.78,-961.91,-40.53,-323.73,16.20,-27.06,-5.85,1.50,-48.75,-116.40,28.75,88.49,
01/01/2000,00:00:02.78,-979.00,-41.99,-271.48,19.91,-24.52,-8.63,2.70,-49.80,-116.40,28.94,88.65,
01/01/2000,00:00:02.79,-965.82,-50.78,-249.51,16.93,-18.31,-7.31,1.95,-49.80,-116.40,29.04,88.73,
01/01/2000,00:00:02.80,-949.71,-47.85,-212.40,9.56,-7.30,-9.66,2.55,-49.65,-116.55,28.84,88.89,
01/01/2000,00:00:02.81,-958.50,-42.97,-224.61,0.63,7.35,-12.25,2.55,-49.65,-116.55,29.04,88.97,
01/01/2000,00:00:02.83,-965.82,-71.78,-244.63,-10.19,32.41,-11.11,2.10,-50.40,-116.10,28.94,88.79,
01/01/2000,00:00:02.84,-947.75,-85.45,-253.42,-16.24,38.56,-5.69,1.35,-49.35,-116.10,28.89,88.94,
01/01/2000,00:00:02.85,-955.57,-80.57,-298.34,-17.09,39.34,-3.63,1.35,-49.65,-117.60,29.08,89.02,
01/01/2000,00:00:02.86,-930.66,-76.66,-315.92,-6.45,23.21,-4.48,3.15,-49.35,-116.55,28.56,89.17,
01/01/2000,00:00:02.87,-921.39,-78.12,-332.52,-2.52,18.56,-9.66,3.15,-49.35,-116.55,28.60,89.25,
01/01/2000,00:00:02.87,-902.34,-60.06,-341.31,6.57,18.08,-11.49,1.95,-48.75,-117.75,28.84,89.39,
01/01/2000,00:00:02.89,-934.08,-79.59,-313.96,13.00,-6.46,-3.43,0.60,-49.65,-116.10,28.84,89.21,
01/01/2000,00:00:02.90,-948.24,-65.92,-300.29,10.53,-8.75,-4.36,0.60,-48.90,-115.50,28.94,89.29,
01/01/2000,00:00:02.91,-947.27,-88.87,-291.99,7.76,-5.22,-0.15,1.20,-49.05,-117.00,28.70,89.43,
01/01/2000,00:00:02.92,-963.38,-80.57,-290.53,3.02,2.60,-3.26,1.20,-49.05,-117.00,28.60,89.50,
01/01/2000,00:00:02.93,-954.59,-77.64,-334.96,1.16,15.25,-1.52,1.80,-49.65,-117.90,29.04,89.64,
01/01/2000,00:00:02.94,-946.29,-86.91,-327.64,-4.99,54.73,-1.72,2.25,-51.00,-116.40,28.75,89.46,
01/01/2000,00:00:02.95,-935.06,-87.89,-314.94,-3.29,62.94,0.64,1.80,-49.35,-117.30,28.89,89.53,
01/01/2000,00:00:02.96,-936.52,-69.34,-345.70,1.00,56.41,-0.08,1.80,-49.35,-117.30,28.89,89.66,
01/01/2000,00:00:02.97,-949.22,-94.73,-357.42,-0.46,49.34,-7.34,1.80,-49.35,-117.30,28.89,89.73,
01/01/2000,00:00:02.98,-911.13,-110.84,-378.42,2.40,39.27,-12.39,-0.30,-50.85,-117.60,29.04,89.86,
01/01/2000,00:00:02.99,-916.99,-77.15,-404.79,18.66,2.73,-7.98,-0.90,-50.25,-117.00,28.60,89.69,
01/01/2000,00:00:03.00,-938.96,-72.75,-409.67,29.60,-5.79,-13.38,-0.15,-49.50,-118.20,29.04,89.76,
01/01/2000,00:00:03.01,-979.00,-85.45,-432.13,37.97,5.47,-19.58,-0.15,-49.50,-118.20,28.84,89.89,
01/01/2000,00:00:03.02,-973.63,-70.80,-425.29,49.61,32.94,-17.24,-0.90,-51.00,-116.70,28.89,89.95,
01/01/2000,00:00:03.03,-946.78,-97.17,-371.58,53.21,41.47,-13.81,0.00,-49.65,-118.65,29.08,90.08,
01/01/2000,00:00:03.07,-902.83,-81.05,-499.51,36.78,203.75,-10.85,-1.05,-52.35,-117.60,28.60,88.37,
01/01/2000,00:00:03.09,-864.26,-124.02,-423.34,30.36,214.98,-7.49,-4.20,-51.75,-118.50,29.04,88.27,
01/01/2000,00:00:03.10,-899.41,-101.07,-530.27,12.73,219.53,-10.48,-4.80,-52.20,-120.30,28.84,88.35,
01/01/2000,00:00:03.11,-829.59,-110.84,-419.92,-2.29,198.60,-14.81,-6.90,-51.60,-121.20,28.75,88.47,
01/01/2000,00:00:03.11,-854.98,-130.86,-572.27,-18.21,181.16,-21.50,-6.45,-52.65,-123.00,28.94,88.54,
01/01/2000,00:00:03.13,-820.80,-117.19,-639.16,-18.73,225.89,-24.01,-10.20,-53.85,-123.30,28.94,88.40,
01/01/2000,00:00:03.14,-760.74,-115.23,-655.76,-14.19,250.13,-24.93,-11.25,-54.15,-123.75,28.75,88.47,
01/01/2000,00:00:03.15,-747.07,-99.61,-644.53,-8.34,250.13,-19.67,-11.40,-53.70,-125.70,28.89,88.59,
01/01/2000,00:00:03.16,-696.78,-58.11,-747.56,7.52,250.13,-17.12,-15.30,-53.10,-127.05,28.89,88.66,
01/01/2000,00:00:03.17,-641.60,-67.38,-785.16,28.00,250.13,-2.76,-15.30,-53.10,-127.05,28.89,88.78,
01/01/2000,00:00:03.18,-596.19,-130.86,-786.13,48.13,250.13,-2.94,-20.40,-55.05,-126.60,29.04,88.64,
01/01/2000,00:00:03.19,-531.25,-203.12,-752.93,38.28,250.13,-14.52,-22.05,-52.95,-128.25,28.75,88.70,
01/01/2000,00:00:03.20,-475.10,-182.62,-750.98,25.98,250.13,-41.11,-24.30,-54.75,-128.25,29.08,88.82,
01/01/2000,00:00:03.21,-417.97,-175.29,-727.54,0.01,250.13,-32.05,-26.55,-55.35,-128.40,29.04,88.89,
01/01/2000,00:00:03.22,-366.70,-210.94,-777.83,-18.87,250.13,-29.72,-26.55,-55.35,-128.40,28.75,89.01,
01/01/2000,00:00:03.23,-342.77,-235.35,-766.60,-30.49,195.56,-12.80,-34.65,-55.35,-127.35,28.89,88.86,
01/01/2000,00:00:03.24,-283.69,-206.54,-773.44,-29.13,122.11,-3.07,-36.00,-53.25,-126.75,28.84,88.93,
01/01/2000,00:00:03.25,-237.30,-209.96,-873.54,-20.85,77.53,6.21,-36.30,-52.50,-128.25,28.84,89.04,
01/01/2000,00:00:03.26,-191.89,-202.15,-928.22,-8.53,44.31,14.30,-37.65,-55.05,-128.10,29.08,89.10,
01/01/2000,00:00:03.27,-173.83,-186.52,-1025.39,0.39,30.79,15.95,-37.65,-55.05,-128.10,29.08,89.22,
01/01/2000,00:00:03.29,-152.34,-151.37,-1044.92,5.50,38.91,17.53,-38.10,-55.20,-126.45,29.04,89.08,
01/01/2000,00:00:03.30,-153.81,-157.23,-1027.83,-2.58,47.29,12.05,-37.95,-54.60,-127.65,28.84,89.14,
01/01/2000,00:00:03.30,-162.60,-171.88,-1025.39,-5.62,51.12,6.47,-38.55,-53.25,-127.20,28.84,89.20,
01/01/2000,00:00:03.31,-167.97,-175.78,-990.72,-6.36,52.36,-0.22,-38.55,-53.25,-127.20,28.89,89.31,
01/01/2000,00:00:03.32,-159.18,-178.22,-971.19,-12.89,51.00,-10.24,-38.55,-53.25,-127.20,28.94,89.41,
01/01/2000,00:00:03.34,-183.59,-124.51,-906.74,-20.69,24.16,-11.40,-40.65,-54.00,-125.40,28.89,89.23,
01/01/2000,00:00:03.35,-128.42,-143.55,-971.19,-22.36,15.26,-5.89,-39.90,-54.00,-127.95,28.75,89.33,
01/01/2000,00:00:03.36,-125.98,-146.48,-1015.14,-20.96,14.05,-8.97,-39.45,-54.15,-126.60,28.75,89.39,
01/01/2000,00:00:03.37,-130.37,-138.67,-975.59,-23.63,8.95,-6.31,-39.45,-54.15,-126.60,29.04,89.50,
01/01/2000,00:00:03.38,-134.77,-160.16,-980.96,-20.90,-1.19,0.03,-39.45,-54.15,-126.60,28.84,89.55,
01/01/2000,00:00:03.39,-120.12,-150.39,-1044.43,-9.15,4.85,-0.36,-39.75,-53.85,-125.85,28.56,89.42,
01/01/2000,00:00:03.40,-124.51,-141.60,-1001.46,1.50,7.40,-3.16,-40.35,-52.95,-125.70,29.13,89.47,
01/01/2000,00:00:03.41,-171.39,-134.77,-984.86,1.21,9.34,-5.27,-41.25,-53.10,-125.85,29.04,89.58,
01/01/2000,00:00:03.42,-174.32,-136.72,-954.10,6.44,9.28,-4.97,-40.20,-54.60,-127.65,29.04,89.63,
01/01/2000,00:00:03.43,-187.01,-125.98,-936.04,7.40,12.21,-4.10,-40.20,-54.60,-127.65,29.04,89.73,
01/01/2000,00:00:03.44,-185.55,-106.93,-925.29,5.39,13.64,-2.64,-39.90,-53.70,-126.75,29.04,89.78,
01/01/2000,00:00:03.46,-192.38,-113.28,-932.13,1.34,-2.15,0.66,-41.40,-53.70,-126.00,28.84,89.51,
01/01/2000,00:00:03.47,-160.64,-141.11,-974.61,5.26,-2.01,-1.34,-39.30,-51.75,-126.75,29.04,89.57,
01/01/2000,00:00:03.48,-162.60,-131.35,-966.80,7.81,-1.63,-0.55,-39.30,-51.75,-126.75,29.04,89.67,
01/01/2000,00:00:03.49,-176.27,-126.95,-964.84,8.73,-6.34,3.63,-41.10,-53.25,-125.70,28.89,89.72,
01/01/2000,00:00:03.49,-148.93,-141.60,-999.02,12.45,-4.52,1.95,-39.90,-52.95,-126.75,28.75,89.81,
01/01/2000,00:00:03.51,-174.32,-163.57,-984.38,20.41,2.83,1.86,-40.35,-55.50,-126.75,28.94,89.69,
01/01/2000,00:00:03.52,-189.94,-157.23,-950.20,21.50,2.41,2.21,-41.25,-52.65,-125.55,28.84,89.74,
01/01/2000,00:00:03.53,-169.92,-150.88,-969.24,22.11,2.15,2.35,-41.25,-52.65,-125.55,29.04,89.83,
01/01/2000,00:00:03.54,-163.57,-157.23,-978.03,21.27,3.75,0.59,-42.45,-52.50,-127.50,29.04,89.88,
01/01/2000,00:00:03.55,-182.62,-156.25,-965.82,21.03,7.79,0.75,-39.30,-54.45,-125.40,29.13,89.98,
01/01/2000,00:00:03.59,-184.08,-176.76,-956.54,6.57,-3.82,1.63,-39.90,-54.45,-125.40,28.89,88.69,
01/01/2000,00:00:03.60,-143.55,-179.20,-980.96,5.72,-10.70,5.99,-41.40,-54.75,-125.40,28.89,88.61,
01/01/2000,00:00:03.61,-135.74,-200.20,-1019.53,10.51,-8.82,6.42,-40.50,-55.80,-127.35,29.04,88.67,
01/01/2000,00:00:03.62,-146.00,-199.71,-1005.86,13.32,-3.91,6.03,-40.50,-55.80,-127.35,28.75,88.76,
01/01/2000,00:00:03.63,-149.90,-199.71,-982.42,13.24,-1.76,2.61,-40.50,-55.80,-127.35,29.04,88.86,
01/01/2000,00:00:03.64,-152.83,-199.22,-965.33,12.75,8.89,0.81,-41.55,-54.60,-125.10,28.75,88.74,
01/01/2000,00:00:03.65,-174.80,-180.18,-949.22,10.18,7.87,3.06,-39.00,-55.35,-126.30,28.94,88.80,
01/01/2000,00:00:03.66,-167.97,-173.34,-927.25,5.37,-1.16,1.17,-39.45,-55.05,-125.10,28.75,88.85,
01/01/2000,00:00:03.67,-172.36,-183.11,-932.13,0.43,-1.24,-0.93,-39.45,-55.05,-125.10,28.60,88.94,
01/01/2000,00:00:03.68,-164.55,-188.48,-953.61,-3.54,0.10,-0.08,-39.90,-54.75,-125.70,29.04,89.03,
01/01/2000,00:00:03.70,-175.29,-181.64,-951.66,-2.70,-1.90,2.85,-40.95,-55.35,-125.85,29.04,88.92,
01/01/2000,00:00:03.71,-156.74,-193.36,-940.43,-6.82,-7.53,0.50,-41.25,-54.60,-125.55,28.84,88.97,
01/01/2000,00:00:03.72,-140.62,-201.66,-1013.67,-4.15,-6.92,3.95,-41.10,-56.25,-126.75,28.94,89.02,
01/01/2000,00:00:03.72,-137.70,-187.01,-972.66,-1.31,0.37,2.53,-40.20,-52.65,-125.85,28.84,89.11,
01/01/2000,00:00:03.73,-169.92,-178.22,-947.75,-2.08,0.46,3.65,-40.20,-52.65,-125.85,29.04,89.20,
01/01/2000,00:00:03.75,-181.64,-181.15,-943.36,-6.66,-7.36,3.40,-41.40,-54.75,-125.70,28.84,89.09,
01/01/2000,00:00:03.76,-176.76,-176.27,-940.92,-5.81,-6.26,4.66,-41.40,-55.20,-125.40,28.84,89.14,
01/01/2000,00:00:03.77,-187.99,-167.97,-907.71,-13.62,-8.79,6.63,-39.75,-55.05,-126.30,28.94,89.18,
01/01/2000,00:00:03.78,-195.80,-152.83,-934.57,-13.02,-13.80,6.43,-40.20,-54.60,-127.35,28.84,89.27,
01/01/2000,00:00:03.79,-192.38,-159.18,-943.36,-11.73,-17.98,9.17,-40.20,-54.60,-127.35,29.04,89.36,
01/01/2000,00:00:03.80,-188.48,-149.90,-954.59,-6.89,-8.83,16.53,-39.45,-53.85,-125.85,29.04,89.25,
01/01/2000,00:00:03.81,-230.96,-79.59,-855.47,25.82,-0.17,18.80,-39.45,-54.60,-126.30,29.04,89.29,
01/01/2000,00:00:03.82,-176.27,-207.52,-1052.73,-3.84,-10.40,20.97,-39.00,-54.60,-126.60,28.84,89.34,
01/01/2000,00:00:03.83,-142.09,-227.54,-1003.91,-1.80,-8.00,16.51,-39.00,-54.60,-126.60,28.89,89.42,
01/01/2000,00:00:03.84,-162.60,-190.92,-1004.39,0.88,2.25,11.69,-37.65,-56.10,-125.85,29.08,89.47,
01/01/2000,00:00:03.85,-187.01,-221.68,-980.96,-8.67,7.11,9.96,-39.90,-55.50,-126.00,29.04,89.40,
01/01/2000,00:00:03.86,-167.97,-190.43,-993.16,-4.28,1.38,11.57,-40.35,-54.75,-126.45,29.08,89.44,
01/01/2000,00:00:03.87,-187.50,-145.02,-978.03,0.92,-1.53,16.38,-39.60,-56.25,-126.75,28.89,89.49,
01/01/2000,00:00:03.88,-207.03,-67.38,-952.15,-4.54,-8.78,25.88,-39.60,-56.25,-126.75,29.04,89.57,
01/01/2000,00:00:03.89,-249.51,65.43,-971.19,-2.08,-5.44,63.10,-39.90,-55.20,-126.75,29.04,89.61,
01/01/2000,00:00:03.90,-245.12,78.12,-936.04,-26.13,-39.96,142.89,-38.70,-55.35,-125.85,29.08,89.51,
01/01/2000,00:00:03.91,-191.89,41.02,-931.15,-31.56,-51.76,178.10,-38.55,-56.70,-126.00,28.75,89.59,
01/01/2000,00:00:03.92,-195.31,19.04,-925.29,-37.31,-54.34,211.30,-39.00,-54.60,-125.85,29.04,89.63,
01/01/2000,00:00:03.93,-250.49,-58.59,-981.45,-47.42,-80.23,234.89,-39.00,-54.60,-125.85,29.04,89.71,
01/01/2000,00:00:03.94,-212.89,-87.40,-811.52,-53.78,-112.68,250.13,-37.95,-56.10,-127.05,28.84,89.75,
01/01/2000,00:00:03.96,-189.45,-132.81,-707.03,-86.00,-183.51,250.13,-34.65,-56.55,-128.10,29.13,89.65,
01/01/2000,00:00:03.97,-364.75,-137.70,-845.21,-73.41,-175.13,250.13,-31.35,-55.80,-127.65,28.89,89.69,
01/01/2000,00:00:03.98,-289.06,-131.35,-942.87,-35.91,-144.80,250.13,-31.35,-55.80,-127.65,29.08,89.77,
01/01/2000,00:00:03.99,-294.43,-150.88,-968.26,-10.56,-111.10,250.13,-28.20,-54.45,-128.55,29.04,89.85,
01/01/2000,00:00:04.00,-557.62,-247.56,-1248.54,33.19,-47.41,224.86,-25.95,-54.15,-129.45,28.60,89.89,
01/01/2000,00:00:04.01,-499.02,-298.83,-906.25,4.09,-24.63,110.93,-27.30,-55.35,-127.65,29.04,89.78,
01/01/2000,00:00:04.02,-429.20,139.65,-623.05,-50.01,-71.72,36.47,-25.50,-55.80,-128.10,29.08,89.83,
01/01/2000,00:00:04.03,-597.17,212.40,-1058.11,-57.64,-116.59,75.98,-25.50,-55.80,-128.10,28.75,89.90,
01/01/2000,00:00:04.04,-385.74,43.95,-1092.77,-35.89,-72.92,102.61,-25.50,-55.80,-128.10,28.94,89.94,
01/01/2000,00:00:04.05,-326.17,-49.32,-1089.84,-6.73,-23.60,123.27,-22.80,-54.75,-128.25,29.04,90.02,
01/01/2000,00:00:04.06,-379.88,-16.11,-1119.63,109.87,77.21,122.92,-21.90,-55.05,-127.35,28.84,89.91,
01/01/2000,00:00:04.09,-354.98,148.44,-916.02,150.02,132.13,179.55,-24.00,-58.80,-127.65,29.13,89.19,
01/01/2000,00:00:04.11,-374.51,86.43,-815.43,116.28,84.62,172.44,-24.00,-59.55,-125.55,29.08,89.13,
01/01/2000,00:00:04.12,-391.60,21.97,-857.91,102.41,34.74,155.40,-24.60,-59.40,-127.20,28.60,89.17,
01/01/2000,00:00:04.13,-374.51,2.44,-883.30,95.59,-2.06,125.16,-24.00,-59.10,-126.60,29.28,89.24,
01/01/2000,00:00:04.14,-306.15,69.34,-815.92,71.09,-66.49,94.12,-24.00,-59.10,-126.60,29.13,89.15,
01/01/2000,00:00:04.15,-277.34,-38.09,-953.12,62.22,-89.27,84.63,-22.95,-61.80,-123.00,29.04,89.19,
01/01/2000,00:00:04.16,-274.90,-66.89,-987.30,61.92,-91.67,70.78,-22.05,-62.70,-125.40,28.84,89.27,
01/01/2000,00:00:04.17,-335.45,-37.11,-929.69,51.63,-97.97,57.47,-20.55,-62.40,-126.00,28.89,89.31,
01/01/2000,00:00:04.18,-305.66,-89.36,-937.99,47.74,-111.93,46.79,-19.65,-62.25,-124.50,29.13,89.38,
01/01/2000,00:00:04.19,-349.12,-25.88,-909.67,34.16,-134.88,19.63,-20.40,-62.55,-123.00,29.04,89.29,
01/01/2000,00:00:04.20,-307.62,-61.52,-870.61,30.69,-146.52,14.42,-17.85,-63.00,-123.00,29.08,89.33,
01/01/2000,00:00:04.21,-370.61,-112.79,-920.41,27.77,-168.15,9.83,-16.05,-64.50,-123.30,29.23,89.36,
01/01/2000,00:00:04.22,-636.23,21.48,-808.11,23.76,-169.50,-13.76,-14.85,-63.75,-123.30,29.08,89.44,
01/01/2000,00:00:04.23,-667.48,58.59,-798.34,6.90,-163.32,-31.17,-14.85,-63.75,-123.30,28.94,89.48,
01/01/2000,00:00:04.25,-559.57,-59.57,-1019.53,38.02,-107.20,12.73,-13.80,-63.30,-122.25,28.84,89.38,
01/01/2000,00:00:04.26,-557.62,-68.85,-985.84,10.74,-78.30,4.73,-12.90,-63.45,-121.05,29.04,89.45,
01/01/2000,00:00:04.26,-526.37,-170.90,-940.43,11.95,-72.52,14.40,-12.90,-63.15,-121.35,29.08,89.49,
01/01/2000,00:00:04.27,-640.62,-208.98,-913.09,-12.34,-66.06,14.02,-12.00,-63.00,-120.45,28.89,89.56,
01/01/2000,00:00:04.28,-587.40,-30.27,-916.99,-18.00,-62.24,41.74,-12.00,-63.00,-120.45,29.08,89.60,
01/01/2000,00:00:04.30,-643.07,-88.38,-1108.40,26.78,-42.09,42.73,-11.10,-64.65,-120.00,29.08,89.51,
01/01/2000,00:00:04.31,-710.94,-108.89,-954.59,55.65,4.20,20.82,-10.65,-63.45,-120.00,29.04,89.55,
01/01/2000,00:00:04.32,-703.61,-5.86,-1103.52,105.09,51.34,14.84,-10.05,-63.45,-120.60,28.60,89.62,
01/01/2000,00:00:04.33,-608.40,-258.79,-707.52,118.66,78.05,-14.46,-8.85,-64.35,-120.30,29.08,89.68,
01/01/2000,00:00:04.34,-596.19,-112.30,-496.09,80.97,81.61,-26.85,-8.85,-64.35,-120.30,29.04,89.72,
01/01/2000,00:00:04.35,-510.25,-8.79,-763.67,57.27,76.72,-3.90,-8.85,-64.35,-120.30,28.89,89.79,
01/01/2000,00:00:04.36,-562.99,-194.34,-719.73,40.47,87.38,29.11,-13.05,-67.50,-119.10,28.84,89.70,
01/01/2000,00:00:04.37,-517.58,-97.66,-781.25,23.18,77.50,47.63,-11.70,-65.55,-119.40,29.37,89.73,
01/01/2000,00:00:04.38,-512.70,-68.36,-866.21,12.75,79.56,62.61,-12.15,-66.15,-119.25,29.08,89.77,
01/01/2000,00:00:04.39,-529.30,-194.82,-947.75,-2.38,62.14,74.72,-12.15,-66.15,-119.25,29.04,89.84,
01/01/2000,00:00:04.40,-502.44,-143.07,-966.31,-1.88,68.44,87.95,-12.15,-66.15,-119.25,28.84,89.90,
01/01/2000,00:00:04.41,-459.47,-141.11,-882.32,17.28,75.02,83.94,-12.60,-66.15,-119.55,29.13,89.81,
01/01/2000,00:00:04.42,-420.90,-187.01,-818.36,34.22,88.16,68.34,-12.30,-63.75,-120.15,29.08,89.85,
01/01/2000,00:00:04.43,-415.53,-151.86,-751.46,45.20,89.40,51.58,-13.50,-63.30,-119.70,28.94,89.88,
01/01/2000,00:00:04.44,-442.38,-167.97,-806.15,43.61,98.05,44.21,-13.50,-63.30,-119.70,29.08,89.95,
01/01/2000,00:00:04.45,-468.75,-65.43,-803.71,34.66,100.66,41.36,-12.90,-65.85,-121.35,29.13,89.98,
01/01/2000,00:00:04.47,-494.14,-33.20,-769.04,5.10,48.65,35.86,-14.25,-66.30,-119.10,29.13,89.80,
01/01/2000,00:00:04.48,-419.92,-94.24,-833.50,-17.52,0.82,-28.74,-13.50,-65.25,-120.15,28.84,89.84,
01/01/2000,00:00:04.49,-420.41,-108.89,-907.23,-11.64,-0.31,53.98,-13.50,-65.25,-120.15,28.94,89.90,
01/01/2000,00:00:04.50,-370.12,-187.01,-1000.98,-10.08,-8.79,43.64,-13.50,-65.25,-120.15,29.08,89.94,
01/01/2000,00:00:04.51,-391.60,-238.77,-1002.93,-7.24,9.11,45.86,-14.55,-64.50,-119.70,29.04,90.00,
01/01/2000,00:00:04.52,-466.31,-274.90,-974.61,23.63,22.05,30.88,-13.95,-65.10,-119.55,28.89,89.91,
01/01/2000,00:00:04.53,-457.52,-204.59,-943.85,61.53,41.89,32.80,-12.30,-64.50,-120.90,28.75,89.95,
01/01/2000,00:00:04.54,-479.98,-155.27,-807.62,71.65,27.95,28.61,-12.30,-64.50,-120.90,29.08,90.01,
01/01/2000,00:00:04.55,-432.62,-27.34,-717.77,72.34,41.95,12.73,-14.70,-64.35,-120.30,29.04,90.04,
01/01/2000,00:00:04.56,-346.19,124.51,-686.52,64.25,40.44,18.94,-14.55,-64.50,-119.70,29.04,90.10,
01/01/2000,00:00:04.60,-368.65,-309.57,-1070.80,-59.03,48.40,35.70,-15.30,-64.80,-119.40,29.08,89.23,
01/01/2000,00:00:04.61,-42.48,-131.35,-1053.71,-10.84,70.40,28.79,-14.40,-65.40,-120.30,29.08,89.18,
01/01/2000,00:00:04.62,-348.14,215.33,-998.05,3.69,36.24,5.46,-14.55,-64.80,-120.15,29.04,89.22,
01/01/2000,00:00:04.63,-177.73,-146.97,-1217.77,24.31,49.98,-6.28,-14.55,-64.50,-119.70,29.04,89.28,
01/01/2000,00:00:04.64,-429.20,203.61,-951.66,37.57,39.37,-5.98,-14.55,-64.50,-119.70,29.08,89.31,
01/01/2000,00:00:04.66,-306.64,-180.18,-782.71,18.41,9.47,-1.43,-16.05,-65.25,-120.90,28.89,89.23,
01/01/2000,00:00:04.66,-291.02,-157.23,-1005.37,18.66,19.41,-1.63,-15.15,-63.45,-120.60,28.56,89.30,
01/01/2000,00:00:04.67,-245.12,-111.82,-855.96,22.02,40.66,7.21,-15.90,-66.15,-121.05,29.04,89.33,
01/01/2000,00:00:04.68,-319.82,-278.81,-783.69,-0.37,42.05,16.77,-16.20,-66.15,-121.05,29.04,89.39,
01/01/2000,00:00:04.69,-355.47,-336.43,-803.22,-29.44,43.93,18.89,-16.20,-66.15,-121.05,29.08,89.43,
01/01/2000,00:00:04.71,-364.75,-274.90,-934.08,-45.24,46.11,22.82,-17.25,-65.10,-120.00,29.13,89.35,
01/01/2000,00:00:04.72,-302.73,-200.68,-955.57,-58.03,42.35,27.76,-16.95,-65.10,-120.60,29.08,89.41,
01/01/2000,00:00:04.73,-245.12,-61.04,-1029.30,-64.82,29.30,19.37,-17.10,-64.50,-122.70,29.04,89.44,
01/01/2000,00:00:04.74,-234.86,16.11,-1107.91,-51.21,31.85,16.05,-18.15,-64.05,-123.00,28.89,89.50,
01/01/2000,00:00:04.75,-201.17,62.50,-1078.61,-50.67,34.64,14.40,-18.15,-64.05,-123.00,28.84,89.53,
01/01/2000,00:00:04.76,-183.59,74.22,-1062.50,-34.53,37.59,7.65,-16.50,-61.95,-123.60,28.75,89.46,
01/01/2000,00:00:04.77,-156.74,111.33,-1048.34,-27.94,37.47,9.15,-18.75,-62.70,-121.05,29.08,89.52,
01/01/2000,00:00:04.78,-201.17,10.74,-1002.44,-17.05,53.74,13.21,-18.15,-61.50,-123.00,29.04,89.55,
01/01/2000,00:00:04.79,-199.22,-37.60,-941.89,-8.76,61.97,15.66,-17.85,-62.55,-122.70,29.04,89.61,
01/01/2000,00:00:04.80,-211.43,-21.97,-894.53,-8.37,61.56,22.07,-17.85,-62.55,-122.70,29.08,89.64,
01/01/2000,00:00:04.81,-221.68,-28.32,-983.89,12.71,53.81,26.05,-17.85,-62.25,-123.30,28.84,89.56,
01/01/2000,00:00:04.82,-195.31,26.37,-978.52,24.27,42.64,31.48,-18.45,-62.40,-123.60,29.08,89.59,
01/01/2000,00:00:04.83,-201.17,4.88,-990.23,27.85,33.33,26.41,-19.65,-63.75,-123.00,29.08,89.65,
01/01/2000,00:00:04.84,-180.18,-9.28,-972.17,37.07,26.93,25.83,-19.65,-63.75,-123.00,28.84,89.71,
01/01/2000,00:00:04.85,-188.48,6.35,-967.29,43.93,23.54,21.04,-19.65,-63.75,-123.00,29.13,89.74,
01/01/2000,00:00:04.86,-201.17,-30.76,-888.18,30.50,28.66,14.53,-20.10,-64.50,-123.30,28.60,89.66,
01/01/2000,00:00:04.87,-192.87,-86.91,-909.18,29.73,23.59,-0.89,-20.25,-64.35,-122.40,29.37,89.69,
01/01/2000,00:00:04.88,-184.08,-92.29,-915.53,31.87,12.67,-5.02,-19.65,-64.50,-123.30,29.04,89.75,
01/01/2000,00:00:04.89,-187.01,-109.86,-971.68,28.01,-4.24,-7.00,-19.65,-64.50,-123.30,28.89,89.81,
01/01/2000,00:00:04.90,-180.18,-102.05,-1014.65,22.95,-22.11,-3.13,-21.45,-64.50,-123.00,29.04,89.84,
01/01/2000,00:00:04.92,-142.58,-79.10,-1134.77,13.63,-30.14,2.69,-20.70,-64.05,-122.25,29.08,89.76,
01/01/2000,00:00:04.93,-140.62,-76.66,-1111.33,20.09,-20.97,11.66,-21.15,-63.75,-121.95,29.04,89.79,
01/01/2000,00:00:04.94,-163.57,-115.23,-1044.92,19.19,-13.50,15.59,-19.80,-65.85,-124.20,29.04,89.85,
01/01/2000,00:00:04.94,-184.57,-65.92,-955.57,18.75,-7.14,15.47,-19.80,-65.85,-124.20,29.04,89.88,
01/01/2000,00:00:04.95,-208.01,-39.55,-914.55,15.72,-0.24,8.34,-19.35,-64.05,-122.25,29.04,89.93,
01/01/2000,00:00:04.97,-200.68,-35.16,-841.31,6.41,3.68,1.02,-21.15,-64.80,-123.30,29.13,89.86,
01/01/2000,00:00:04.98,-200.68,-75.20,-840.82,-1.62,6.63,-6.75,-19.50,-64.65,-123.15,29.08,89.89,
01/01/2000,00:00:04.99,-207.03,-86.91,-926.76,-10.48,0.03,-6.75,-19.50,-64.65,-123.15,28.89,89.94,
01/01/2000,00:00:05.00,-178.71,-94.73,-962.89,-9.75,-4.07,-11.95,-19.50,-64.65,-123.15,28.89,89.97,
01/01/2000,00:00:05.01,-147.95,-109.38,-1046.88,-3.92,-12.32,-10.08,-19.50,-64.65,-123.15,28.94,90.03,
01/01/2000,00:00:05.02,-142.58,-124.51,-1108.40,6.46,-11.24,-2.81,-19.35,-65.55,-121.20,29.08,90.08,
01/01/2000,00:00:05.03,-183.11,-157.23,-1040.53,17.56,-6.40,7.10,-19.80,-64.65,-121.05,29.23,90.01,
01/01/2000,00:00:05.04,-190.92,-141.11,-1005.86,16.43,-5.50,8.95,-19.50,-65.85,-122.40,29.04,90.03,
01/01/2000,00:00:05.05,-191.41,-102.54,-991.21,12.55,-6.41,10.76,-19.50,-65.85,-122.40,29.08,90.06,
01/01/2000,00:00:05.06,-208.50,-73.24,-930.66,7.28,-3.95,8.30,-19.50,-65.40,-122.10,29.13,90.12,
01/01/2000,00:00:05.07,-195.31,-47.36,-921.39,2.31,-5.00,1.21,-20.70,-65.55,-122.70,28.84,90.14,
