rtcDate,rtcTime,aX,aY,aZ,gX,gY,gZ,mX,mY,mZ,imu_degC,output_Hz,
01/01/2000,00:00:01.34,60.06,-136.23,-997.07,-0.37,-2.66,5.82,-16.80,-41.25,-137.40,22.90,250.00,
01/01/2000,00:00:01.39,27.83,-163.57,-993.16,-0.32,2.54,15.04,-17.55,-41.70,-136.35,22.61,37.04,
01/01/2000,00:00:01.40,49.32,-131.35,-1011.72,-1.56,4.20,20.89,-18.15,-42.00,-136.05,22.81,44.78,
01/01/2000,00:00:01.41,58.11,-129.39,-1001.95,2.94,2.63,30.23,-18.75,-41.85,-136.95,23.09,51.95,
01/01/2000,00:00:01.42,52.25,-142.58,-980.96,7.54,0.14,38.28,-18.75,-41.85,-136.95,23.09,58.14,
01/01/2000,00:00:01.44,14.16,-172.36,-1003.42,14.45,-0.88,45.26,-16.50,-41.85,-137.55,22.90,60.00,
01/01/2000,00:00:01.44,18.55,-137.70,-994.63,17.42,5.98,48.69,-18.45,-43.35,-135.75,22.90,63.64,
01/01/2000,00:00:01.46,23.44,-140.62,-990.72,23.21,13.72,51.27,-16.20,-43.35,-136.95,22.95,67.23,
01/01/2000,00:00:01.46,141.60,-62.99,-1001.46,28.38,12.82,69.07,-16.95,-41.55,-136.20,22.81,69.77,
01/01/2000,00:00:01.47,154.30,-33.20,-959.47,33.57,-1.50,103.82,-17.70,-40.35,-137.55,23.05,72.46,
01/01/2000,00:00:01.49,64.45,-102.54,-939.45,57.15,-15.27,145.89,-17.10,-41.25,-134.55,22.81,72.37,
01/01/2000,00:00:01.50,5.37,-136.23,-910.64,62.00,-18.24,165.44,-16.95,-40.05,-136.20,22.95,74.53,
01/01/2000,00:00:01.51,-53.22,-176.76,-918.95,54.28,-23.18,161.51,-14.85,-42.00,-136.65,23.09,76.02,
01/01/2000,00:00:01.52,-53.71,-190.43,-938.48,53.48,-12.48,157.58,-15.15,-41.55,-136.20,23.05,77.78,
01/01/2000,00:00:01.53,-14.65,-189.94,-939.94,50.93,-5.20,158.66,-16.20,-41.10,-135.45,23.09,78.95,
01/01/2000,00:00:01.54,-1.95,-258.30,-965.33,45.85,-10.48,159.66,-16.20,-41.10,-135.45,23.14,78.43,
01/01/2000,00:00:01.55,30.27,-272.46,-1001.95,48.98,-6.26,156.72,-14.70,-40.80,-135.75,22.76,79.81,
01/01/2000,00:00:01.56,5.37,-270.02,-989.75,44.72,-6.21,145.59,-14.40,-39.15,-135.15,22.95,80.72,
01/01/2000,00:00:01.57,-47.85,-279.79,-968.26,39.79,-2.73,127.48,-14.85,-40.20,-136.05,23.14,81.90,
01/01/2000,00:00:01.58,-57.62,-257.81,-991.21,36.89,2.80,114.70,-13.20,-40.80,-134.70,22.95,82.64,
01/01/2000,00:00:01.60,-52.25,-245.61,-977.54,24.40,7.25,93.38,-13.05,-40.50,-134.85,22.71,82.35,
01/01/2000,00:00:01.61,-38.57,-232.91,-937.99,11.94,-1.49,92.78,-13.05,-40.50,-134.85,23.09,83.02,
01/01/2000,00:00:01.62,-88.38,-280.27,-992.19,11.74,-7.89,100.37,-12.90,-38.40,-135.15,22.95,83.64,
01/01/2000,00:00:01.63,-93.75,-304.69,-1023.44,15.63,-4.73,104.40,-14.25,-38.70,-136.05,22.90,84.51,
01/01/2000,00:00:01.64,-143.55,-302.73,-985.84,19.02,-1.92,92.97,-12.15,-38.40,-135.75,23.09,85.32,
01/01/2000,00:00:01.65,-110.84,-224.12,-935.06,11.40,7.04,71.63,-12.90,-37.35,-135.75,23.14,84.69,
01/01/2000,00:00:01.66,-108.89,-264.16,-956.05,17.26,-3.24,75.53,-12.90,-37.35,-135.75,23.09,85.17,
01/01/2000,00:00:01.67,-95.21,-281.25,-972.66,15.31,-5.90,68.24,-12.90,-37.35,-135.75,23.09,85.89,
01/01/2000,00:00:01.68,-69.82,-311.04,-985.35,14.16,-1.27,58.97,-13.95,-37.65,-135.45,22.95,86.31,
01/01/2000,00:00:01.69,-84.47,-336.43,-996.58,10.04,1.30,45.40,-12.00,-38.25,-135.60,23.09,86.96,
01/01/2000,00:00:01.70,-58.11,-317.87,-994.14,1.33,2.50,35.34,-12.15,-36.15,-134.70,22.81,87.32,
01/01/2000,00:00:01.71,-94.24,-298.34,-1013.67,0.96,5.38,26.60,-12.75,-37.50,-134.85,23.24,86.96,
01/01/2000,00:00:01.72,-120.61,-273.93,-986.33,5.29,11.47,20.00,-12.75,-37.50,-134.85,22.81,87.30,
01/01/2000,00:00:01.73,-118.16,-279.30,-978.03,7.85,18.98,11.59,-12.15,-37.35,-135.15,22.81,87.63,
01/01/2000,00:00:01.74,-92.29,-307.13,-989.26,13.03,25.79,9.83,-12.00,-36.00,-136.05,22.90,88.16,
01/01/2000,00:00:01.75,-78.61,-334.47,-1016.11,16.56,30.66,10.95,-13.20,-37.65,-135.45,23.05,88.67,
01/01/2000,00:00:01.76,-22.95,-304.20,-980.96,13.63,32.65,15.70,-12.75,-37.50,-133.80,23.05,88.10,
01/01/2000,00:00:01.78,-20.51,-303.71,-975.10,15.46,29.41,20.81,-12.75,-37.50,-133.80,22.81,88.37,
01/01/2000,00:00:01.78,-34.18,-323.73,-967.77,14.66,28.06,24.05,-13.95,-37.35,-133.95,23.09,88.84,
01/01/2000,00:00:01.80,-19.53,-361.33,-982.91,16.97,31.72,26.35,-13.80,-37.20,-134.85,23.24,89.09,
01/01/2000,00:00:01.80,23.44,-371.09,-970.21,14.89,30.71,32.31,-13.95,-36.90,-136.20,22.95,89.52,
01/01/2000,00:00:01.82,9.28,-372.56,-971.68,10.75,20.02,40.59,-14.40,-38.10,-135.15,23.24,88.98,
01/01/2000,00:00:01.83,-6.84,-356.45,-984.86,10.81,23.02,42.92,-14.40,-39.60,-135.15,23.05,89.21,
01/01/2000,00:00:01.84,10.74,-344.73,-952.64,8.28,19.98,45.69,-14.40,-39.60,-135.15,23.24,89.61,
01/01/2000,00:00:01.85,-17.58,-361.33,-978.03,8.51,17.94,44.12,-13.80,-37.95,-136.65,22.76,90.00,
01/01/2000,00:00:01.86,1.95,-369.14,-970.70,10.83,20.77,43.11,-14.70,-38.40,-136.50,23.14,90.20,
01/01/2000,00:00:01.90,54.20,-355.47,-913.09,27.18,34.82,36.11,-15.30,-38.25,-133.80,23.14,85.45,
01/01/2000,00:00:01.91,59.08,-395.51,-929.69,18.87,21.86,27.04,-15.30,-38.25,-135.60,23.14,85.26,
01/01/2000,00:00:01.92,75.68,-391.11,-916.02,8.26,17.18,20.15,-16.05,-38.70,-137.85,23.09,85.51,
01/01/2000,00:00:01.93,30.76,-379.39,-944.34,1.38,8.24,15.37,-16.20,-36.60,-136.50,22.90,85.91,
01/01/2000,00:00:01.94,1.46,-360.35,-945.31,0.50,10.62,9.67,-16.20,-36.60,-136.50,23.09,86.15,
01/01/2000,00:00:01.96,139.16,-388.18,-930.18,37.36,103.82,11.39,-15.90,-38.85,-135.75,23.09,85.95,
01/01/2000,00:00:01.97,214.36,-277.34,-744.63,21.02,72.58,4.15,-15.90,-37.65,-137.25,22.90,86.18,
01/01/2000,00:00:01.97,165.53,-397.46,-860.84,6.44,33.87,2.85,-15.30,-39.00,-137.40,22.90,86.40,
01/01/2000,00:00:01.99,100.10,-386.72,-774.41,7.69,7.50,4.92,-17.10,-39.45,-137.40,23.14,86.75,
01/01/2000,00:00:01.99,106.93,-396.97,-940.43,1.28,2.17,2.72,-16.20,-36.60,-138.00,23.24,87.09,
01/01/2000,00:00:02.00,62.50,-388.18,-932.62,4.95,11.27,1.60,-16.20,-36.60,-138.00,23.14,86.76,
01/01/2000,00:00:02.01,6.84,-331.05,-936.04,6.19,6.25,-4.23,-18.45,-38.40,-136.95,23.05,86.96,
01/01/2000,00:00:02.02,14.65,-321.29,-899.41,2.99,-4.40,-3.37,-18.75,-38.10,-137.25,23.09,87.28,
01/01/2000,00:00:02.03,87.89,-286.62,-809.08,1.64,-12.02,11.24,-17.70,-38.40,-138.30,23.24,87.46,
01/01/2000,00:00:02.04,62.50,-347.66,-787.60,-0.40,-26.41,8.10,-17.55,-38.70,-138.60,23.09,87.77,
01/01/2000,00:00:02.05,35.16,-395.51,-1039.55,-14.52,-28.70,-10.02,-17.25,-38.40,-136.95,23.33,87.94,
01/01/2000,00:00:02.06,95.70,-326.66,-919.43,-16.14,-18.51,-21.50,-17.25,-38.40,-136.95,23.09,87.74,
01/01/2000,00:00:02.07,9.28,-397.95,-993.65,-17.76,-14.21,-26.94,-17.10,-38.25,-135.30,22.95,87.91,
01/01/2000,00:00:02.08,-15.14,-392.58,-972.66,-25.57,-9.11,-25.73,-17.10,-37.20,-137.10,23.29,88.20,
01/01/2000,00:00:02.09,6.35,-443.36,-1012.21,-42.37,-5.03,-11.33,-16.35,-36.75,-137.40,23.24,88.35,
01/01/2000,00:00:02.10,-60.06,-417.97,-984.86,-27.77,7.67,-9.39,-17.10,-38.70,-137.85,23.09,88.62,
01/01/2000,00:00:02.11,-56.64,-537.60,-57.13,-21.53,22.93,-21.47,-17.10,-38.70,-137.85,22.81,88.31,
01/01/2000,00:00:02.12,142.58,-302.73,-1067.38,2.17,19.87,-24.60,-18.00,-37.35,-137.55,23.14,88.46,
01/01/2000,00:00:02.13,-75.68,-348.14,-988.77,19.63,51.92,-22.19,-18.15,-36.75,-137.85,23.09,88.72,
01/01/2000,00:00:02.14,3.91,-164.55,-921.39,18.37,57.73,-13.34,-18.00,-38.40,-136.50,22.95,88.86,
01/01/2000,00:00:02.15,132.81,-189.45,-834.47,10.82,46.57,-0.68,-18.60,-37.50,-138.60,23.05,89.11,
01/01/2000,00:00:02.17,15.14,-235.84,-867.68,14.47,33.02,4.08,-18.60,-37.50,-138.60,23.14,88.81,
01/01/2000,00:00:02.17,14.65,-195.80,-900.88,12.11,27.44,0.44,-18.75,-38.10,-138.75,22.81,88.94,
01/01/2000,00:00:02.18,169.43,-338.38,-972.17,8.71,22.08,7.99,-17.85,-39.45,-138.90,23.09,89.18,
01/01/2000,00:00:02.19,-127.93,-303.22,-935.06,13.98,19.95,31.12,-20.25,-38.85,-139.05,23.14,89.31,
01/01/2000,00:00:02.20,-37.11,-510.25,-1137.21,6.00,44.15,34.74,-19.35,-37.50,-138.90,23.33,89.53,
01/01/2000,00:00:02.22,-181.15,-2000.00,-2000.00,-11.76,43.42,47.34,-18.60,-39.45,-138.60,22.90,89.24,
01/01/2000,00:00:02.23,86.91,-383.79,-1203.61,-8.81,-25.95,33.79,-18.60,-39.45,-138.60,23.09,89.47,
01/01/2000,00:00:02.24,196.29,-370.12,-1071.78,-12.56,-37.33,40.73,-19.80,-39.60,-140.10,23.33,89.59,
01/01/2000,00:00:02.25,-197.75,-398.44,-1398.44,-13.40,-3.24,59.38,-18.90,-38.25,-137.85,23.14,89.80,
01/01/2000,00:00:02.25,-1018.07,344.73,-2000.00,-39.19,96.09,58.98,-18.60,-38.25,-138.90,22.81,89.91,
01/01/2000,00:00:02.27,455.08,-270.02,-216.80,9.52,-2.02,-33.89,-20.70,-37.20,-137.85,23.33,89.73,
01/01/2000,00:00:02.28,521.97,63.96,-862.79,-7.61,42.88,34.76,-20.70,-37.20,-137.85,22.95,89.84,
01/01/2000,00:00:02.29,324.71,-240.23,-949.22,-6.13,-72.21,72.21,-18.90,-36.45,-137.85,22.95,89.95,
01/01/2000,00:00:02.30,204.59,2.44,-1231.45,-12.02,-42.22,53.24,-18.90,-36.45,-139.20,23.29,90.15,
01/01/2000,00:00:02.31,40.53,-354.00,-1003.91,-14.78,-44.73,30.50,-19.35,-37.20,-138.15,23.24,90.25,
01/01/2000,00:00:02.32,-11.23,-381.35,-913.09,-2.56,-0.03,75.14,-19.80,-37.35,-138.00,22.90,90.07,
01/01/2000,00:00:02.33,71.78,-360.84,-915.53,12.51,10.39,71.15,-19.80,-37.35,-138.00,23.09,90.17,
01/01/2000,00:00:02.34,142.09,-1166.02,-1190.43,-14.26,-20.16,52.87,-19.80,-37.35,-138.00,23.09,90.27,
01/01/2000,00:00:02.35,100.10,-491.21,-965.33,35.99,13.86,45.24,-18.00,-37.65,-137.55,22.76,90.46,
01/01/2000,00:00:02.36,52.25,-516.11,-895.02,38.60,-2.63,32.15,-18.90,-37.20,-137.85,23.14,90.64,
01/01/2000,00:00:02.40,62.01,-372.07,-875.98,22.88,13.98,5.15,-20.25,-37.35,-137.55,23.24,88.07,
01/01/2000,00:00:02.41,74.22,-312.50,-863.77,24.27,-0.60,-7.71,-20.25,-37.35,-136.50,23.24,87.93,
01/01/2000,00:00:02.42,68.85,-292.48,-889.16,15.63,-5.35,-10.89,-19.50,-37.35,-136.95,23.09,88.13,
01/01/2000,00:00:02.43,27.83,-296.88,-880.37,7.81,-0.88,-14.98,-19.50,-39.60,-136.95,23.24,88.24,
01/01/2000,00:00:02.44,-13.67,-271.48,-877.93,6.90,-0.02,-3.31,-18.00,-39.60,-138.00,23.09,88.42,
01/01/2000,00:00:02.45,33.20,-390.62,-870.12,5.27,-0.97,17.11,-18.00,-39.60,-138.00,23.24,88.21,
01/01/2000,00:00:02.46,107.42,-384.77,-907.23,-3.24,-0.18,21.02,-19.50,-38.85,-135.75,23.24,88.31,
01/01/2000,00:00:02.47,-0.49,-372.07,-865.23,-19.44,11.02,16.66,-19.65,-38.25,-138.60,23.14,88.50,
01/01/2000,00:00:02.48,119.63,-558.59,-951.66,-37.02,36.45,-17.69,-19.65,-37.95,-137.10,23.24,88.60,
01/01/2000,00:00:02.49,74.22,-456.05,-913.09,-44.17,23.65,-26.40,-18.60,-38.25,-137.85,23.09,88.77,
01/01/2000,00:00:02.51,42.97,-392.58,-957.03,-27.44,17.00,-38.15,-19.35,-37.95,-137.10,23.33,88.56,
01/01/2000,00:00:02.52,139.65,-390.14,-944.82,-33.02,10.63,-47.88,-18.90,-36.45,-137.40,23.14,88.74,
01/01/2000,00:00:02.53,115.72,-311.04,-937.50,-17.08,2.25,-49.15,-21.00,-37.35,-138.30,22.76,88.83,
01/01/2000,00:00:02.54,86.43,-329.59,-932.62,-3.11,-0.85,-56.08,-21.30,-37.65,-138.00,23.09,89.00,
01/01/2000,00:00:02.54,-150.39,-35.64,-811.52,18.55,-0.69,-25.11,-19.80,-37.35,-137.55,23.29,89.09,
01/01/2000,00:00:02.55,196.78,-373.05,-1172.36,32.84,-5.31,12.69,-19.80,-37.35,-137.55,23.14,89.26,
01/01/2000,00:00:02.57,158.20,-462.40,-907.23,48.15,-18.70,46.87,-19.80,-37.35,-137.55,22.95,89.05,
01/01/2000,00:00:02.58,230.96,-485.84,-1027.83,74.06,-21.15,65.15,-19.80,-37.65,-138.00,23.43,89.14,
01/01/2000,00:00:02.59,66.41,-417.48,-840.82,67.07,-34.47,43.36,-20.10,-37.95,-138.90,23.33,89.30,
01/01/2000,00:00:02.60,17.09,-450.68,-845.21,59.06,-37.24,30.89,-19.50,-37.65,-139.05,23.14,89.39,
01/01/2000,00:00:02.61,-18.07,-506.84,-856.45,57.51,-33.81,2.42,-20.25,-40.05,-137.25,23.09,89.54,
01/01/2000,00:00:02.62,109.38,-447.27,-556.15,14.72,-32.61,-14.43,-20.25,-40.05,-137.25,23.09,89.34,
01/01/2000,00:00:02.63,-221.68,-782.23,-1203.12,-77.36,-22.15,-4.37,-19.65,-39.45,-137.40,23.09,89.42,
01/01/2000,00:00:02.64,-298.83,-33.69,-1025.39,-53.20,-41.74,-36.82,-18.60,-40.50,-138.15,23.43,89.58,
01/01/2000,00:00:02.65,31.74,-355.47,-975.10,-92.11,-34.89,-53.92,-18.00,-40.05,-138.30,23.29,89.72,
01/01/2000,00:00:02.66,58.11,-277.34,-1284.67,-82.00,-35.27,-43.14,-17.70,-39.60,-139.50,23.24,89.80,
01/01/2000,00:00:02.67,207.52,-395.51,-998.05,12.99,-33.07,14.08,-17.55,-39.00,-138.60,23.09,89.61,
01/01/2000,00:00:02.68,173.34,-469.73,-1092.29,23.73,-30.50,-12.42,-16.50,-38.85,-136.95,22.95,89.75,
01/01/2000,00:00:02.69,186.04,-510.25,-983.40,29.74,-23.47,-7.13,-16.80,-38.70,-138.15,23.14,89.83,
01/01/2000,00:00:02.70,42.48,-342.29,-993.16,8.68,-12.92,-9.59,-16.35,-37.50,-135.60,23.29,89.97,
01/01/2000,00:00:02.71,9.77,-458.50,-980.96,-0.37,-1.65,-14.09,-18.00,-38.40,-135.60,23.33,90.04,
01/01/2000,00:00:02.72,59.08,-428.22,-933.59,-2.40,-3.03,-5.01,-16.80,-38.25,-136.35,23.14,89.92,
01/01/2000,00:00:02.73,-47.36,-447.27,-922.85,0.70,0.03,-28.30,-16.80,-38.25,-136.35,23.33,89.99,
01/01/2000,00:00:02.74,-115.72,-593.75,-969.24,5.12,2.24,-67.89,-16.80,-39.45,-136.65,22.90,90.13,
01/01/2000,00:00:02.75,-48.34,-429.69,-935.55,6.79,1.62,-78.51,-16.35,-38.25,-138.60,23.29,90.20,
01/01/2000,00:00:02.76,-43.95,-346.68,-870.61,2.02,5.78,-62.13,-17.70,-37.65,-135.75,23.43,90.33,
01/01/2000,00:00:02.78,-34.67,-321.78,-827.64,-22.04,5.85,-73.84,-17.25,-38.85,-135.45,23.14,90.15,
01/01/2000,00:00:02.79,133.79,-602.05,-921.88,-19.20,11.11,-78.93,-17.25,-38.85,-135.45,23.09,90.22,
01/01/2000,00:00:02.79,2.44,-406.74,-907.71,-24.93,16.50,-46.39,-17.25,-38.85,-135.45,23.43,90.34,
01/01/2000,00:00:02.80,171.39,58.11,855.47,-38.79,-21.17,-101.63,-18.60,-39.75,-136.65,23.29,90.41,
01/01/2000,00:00:02.81,80.08,-460.94,-895.51,-22.17,21.72,-20.32,-17.85,-39.00,-137.40,23.14,90.54,
01/01/2000,00:00:02.83,190.43,-371.09,-972.17,-18.68,17.92,-26.90,-19.05,-39.15,-137.55,23.33,90.36,
01/01/2000,00:00:02.84,218.75,-389.16,-964.36,-16.49,13.79,-23.21,-18.60,-39.45,-136.65,23.43,90.42,
01/01/2000,00:00:02.85,177.73,-357.42,-922.36,-12.85,10.02,-19.79,-18.60,-39.45,-136.65,23.14,90.55,
01/01/2000,00:00:02.86,146.97,-300.78,-916.99,-13.24,3.08,-8.74,-19.35,-39.75,-139.65,23.09,90.67,
01/01/2000,00:00:02.87,156.74,-323.24,-918.95,-21.43,2.73,-14.49,-17.25,-40.35,-137.55,23.09,90.73,
01/01/2000,00:00:02.91,60.06,-388.67,-953.61,-43.11,-5.15,-3.57,-19.50,-38.85,-137.25,22.81,89.05,
01/01/2000,00:00:02.92,119.63,-414.55,-942.38,-51.63,-3.08,29.92,-18.45,-38.85,-138.00,23.09,88.95,
01/01/2000,00:00:02.93,-131.35,-596.68,-1528.32,-59.36,10.53,17.50,-18.75,-37.65,-138.30,23.29,89.02,
01/01/2000,00:00:02.94,-63.48,-493.16,-1072.27,-54.61,40.66,-32.02,-20.55,-37.65,-138.30,23.29,89.14,
01/01/2000,00:00:02.95,55.66,-228.52,-936.04,-60.18,34.66,-39.78,-19.65,-37.20,-138.15,23.29,89.21,
01/01/2000,00:00:02.96,106.45,-259.28,-900.88,-73.30,11.74,-37.15,-19.65,-37.20,-138.15,23.09,89.11,
01/01/2000,00:00:02.97,175.78,-305.66,-931.15,-83.30,-6.15,-38.65,-19.65,-35.55,-138.90,23.24,89.18,
01/01/2000,00:00:02.98,164.55,-406.25,-987.30,-77.81,-0.03,-16.34,-18.90,-36.45,-138.90,23.29,89.24,
01/01/2000,00:00:02.99,194.34,-409.67,-943.85,-55.07,19.16,14.29,-20.10,-34.50,-138.90,23.09,89.36,
01/01/2000,00:00:03.00,258.30,-218.26,-847.66,-53.98,3.28,12.10,-19.65,-33.75,-137.40,23.43,89.43,
01/01/2000,00:00:03.01,208.50,-105.47,-864.75,-42.78,-1.09,-8.70,-19.65,-33.75,-137.40,23.33,89.33,
01/01/2000,00:00:03.02,188.48,-3.91,-832.52,-42.21,-3.89,-27.47,-19.65,-33.75,-137.40,22.95,89.39,
01/01/2000,00:00:03.03,158.69,-107.91,-886.72,-36.53,-7.65,-40.68,-19.80,-33.15,-138.75,23.33,89.51,
01/01/2000,00:00:03.04,187.99,-192.38,-938.48,-39.63,-7.73,-52.56,-20.10,-33.30,-138.15,23.29,89.57,
01/01/2000,00:00:03.05,151.37,-287.11,-1001.95,-43.47,-11.63,-63.69,-19.05,-32.40,-138.00,23.33,89.68,
01/01/2000,00:00:03.07,144.04,-221.19,-961.91,-41.89,-20.98,-62.56,-19.80,-33.60,-139.05,23.24,89.53,
01/01/2000,00:00:03.08,85.94,-224.61,-971.19,-40.85,-26.82,-49.55,-18.90,-33.75,-137.85,23.14,89.60,
01/01/2000,00:00:03.08,71.29,-152.34,-948.73,-39.48,-29.57,-36.15,-19.65,-32.25,-138.60,23.29,89.71,
01/01/2000,00:00:03.09,74.22,-67.38,-909.67,-32.16,-35.93,-10.86,-18.60,-32.25,-138.90,22.90,89.77,
01/01/2000,00:00:03.10,110.84,-104.49,-943.36,-21.61,-39.79,20.22,-18.45,-32.70,-138.75,23.24,89.87,
01/01/2000,00:00:03.12,75.20,-70.80,-952.15,-11.72,-42.83,38.08,-18.15,-32.25,-137.10,23.24,89.73,
01/01/2000,00:00:03.13,23.93,-57.62,-939.94,-4.47,-40.38,24.67,-18.15,-32.25,-137.10,23.05,89.79,
01/01/2000,00:00:03.14,35.16,-188.48,-946.78,-7.08,-29.62,-12.36,-18.45,-31.95,-137.55,23.29,89.89,
01/01/2000,00:00:03.15,110.84,-177.73,-942.38,-22.26,-26.22,-45.44,-17.85,-30.30,-137.40,23.33,89.95,
01/01/2000,00:00:03.16,129.39,-153.81,-929.20,-35.59,-33.44,-59.17,-18.45,-31.20,-137.55,23.29,90.06,
01/01/2000,00:00:03.17,161.13,-209.47,-955.08,-34.08,-44.49,-29.82,-18.15,-32.25,-137.10,23.48,89.91,
01/01/2000,00:00:03.18,108.40,-197.27,-951.66,-36.11,-50.72,-22.07,-16.20,-30.45,-136.95,23.24,89.97,
01/01/2000,00:00:03.19,109.86,-66.89,-908.69,-30.40,-51.46,-8.12,-16.20,-30.45,-136.95,23.24,90.07,
01/01/2000,00:00:03.20,105.47,-28.81,-891.11,-17.65,-56.36,9.27,-16.50,-31.20,-137.55,23.09,90.17,
01/01/2000,00:00:03.21,54.69,-21.48,-902.34,-10.47,-61.95,15.79,-16.20,-30.45,-136.50,23.33,90.23,
01/01/2000,00:00:03.22,-2.44,38.09,-888.67,-1.58,-49.46,-14.05,-14.85,-31.05,-136.35,23.33,90.09,
01/01/2000,00:00:03.23,-111.82,-13.67,-905.27,2.60,-35.89,-37.03,-14.85,-31.05,-136.35,23.14,90.14,
01/01/2000,00:00:03.24,-127.93,-57.13,-958.01,7.15,-25.09,-52.40,-14.85,-31.05,-136.35,22.90,90.24,
01/01/2000,00:00:03.25,-106.93,-136.23,-1002.44,6.40,-14.06,-63.03,-14.85,-31.05,-136.35,23.29,90.29,
01/01/2000,00:00:03.26,-88.38,-140.62,-1021.48,7.20,-6.29,-65.58,-13.65,-30.90,-136.50,23.33,90.39,
01/01/2000,00:00:03.27,-41.50,-139.65,-1016.11,5.24,-3.60,-58.82,-14.25,-29.85,-135.60,22.90,90.25,
01/01/2000,00:00:03.28,21.48,-116.21,-1020.51,10.37,-4.37,-49.02,-13.65,-30.90,-135.45,23.29,90.30,
01/01/2000,00:00:03.29,12.70,-68.36,-975.59,17.32,-4.76,-39.59,-13.65,-30.90,-135.45,23.43,90.40,
01/01/2000,00:00:03.30,-10.74,-60.55,-969.73,24.72,-6.53,-35.53,-12.60,-31.65,-137.25,23.24,90.49,
01/01/2000,00:00:03.31,-2.44,-119.14,-1007.81,26.41,-2.27,-42.15,-13.80,-31.05,-136.65,23.05,90.54,
01/01/2000,00:00:03.33,-111.33,-71.29,-865.72,29.06,-0.27,-52.77,-14.25,-33.30,-134.85,23.29,90.40,
01/01/2000,00:00:03.34,-178.71,-175.78,-1015.14,10.52,2.63,-82.10,-14.40,-32.70,-135.75,23.24,90.50,
01/01/2000,00:00:03.34,-133.79,-155.27,-1022.46,2.82,9.95,-89.46,-15.15,-33.60,-136.20,22.95,90.55,
01/01/2000,00:00:03.35,-153.81,-150.88,-1025.39,-1.35,14.82,-79.49,-15.15,-33.60,-136.20,23.57,90.64,
01/01/2000,00:00:03.36,-167.97,-146.48,-1030.76,-0.36,20.14,-77.12,-14.70,-34.65,-136.50,23.33,90.68,
01/01/2000,00:00:03.38,-103.52,-71.29,-1014.65,13.13,31.28,-74.16,-13.65,-33.90,-136.20,23.05,90.60,
01/01/2000,00:00:03.41,63.96,-187.99,-1041.99,40.23,16.91,11.04,-16.20,-35.85,-135.15,23.14,89.68,
01/01/2000,00:00:03.42,-24.41,-296.39,-1101.56,27.56,13.05,2.75,-17.25,-37.35,-135.15,23.33,89.60,
01/01/2000,00:00:03.43,-51.27,-326.17,-1106.45,18.56,13.35,-3.82,-14.70,-36.60,-136.20,23.43,89.69,
01/01/2000,00:00:03.44,-76.17,-296.39,-1081.54,13.05,14.62,-1.37,-15.60,-35.55,-137.40,23.43,89.74,
01/01/2000,00:00:03.45,-80.57,-276.37,-1090.82,8.04,18.44,-0.56,-14.55,-36.45,-137.40,23.33,89.83,
01/01/2000,00:00:03.46,-26.86,-233.40,-1070.80,4.63,17.46,0.52,-14.55,-36.45,-137.40,23.05,89.71,
01/01/2000,00:00:03.47,-5.37,-249.51,-1094.73,1.69,19.56,4.85,-14.55,-36.45,-137.40,23.14,89.76,
01/01/2000,00:00:03.48,38.57,-258.79,-1080.57,3.47,19.58,9.46,-16.35,-37.20,-136.35,23.33,89.85,
01/01/2000,00:00:03.49,87.89,-239.26,-1066.89,6.08,15.14,21.85,-16.80,-37.20,-137.40,23.43,89.89,
01/01/2000,00:00:03.50,113.77,-194.82,-1030.76,6.88,12.86,16.66,-16.80,-37.50,-137.10,23.09,89.98,
01/01/2000,00:00:03.52,107.91,-154.79,-973.63,7.06,7.24,21.94,-16.80,-37.20,-137.10,23.43,89.86,
01/01/2000,00:00:03.53,73.24,-172.85,-943.85,7.86,5.50,23.04,-16.80,-37.20,-137.10,23.33,89.95,
01/01/2000,00:00:03.54,49.80,-174.80,-937.01,4.46,10.71,23.54,-16.35,-35.55,-137.10,23.05,90.00,
01/01/2000,00:00:03.54,78.61,-229.49,-950.68,3.07,12.85,20.11,-16.95,-36.15,-136.95,23.14,90.08,
01/01/2000,00:00:03.55,71.78,-229.49,-935.06,-1.95,12.25,12.83,-16.35,-36.75,-138.15,23.43,90.13,
01/01/2000,00:00:03.57,108.89,-115.23,-876.46,1.61,12.41,20.60,-18.60,-36.75,-136.65,23.09,90.01,
01/01/2000,00:00:03.58,140.14,-76.66,-842.29,7.36,17.46,6.47,-18.60,-36.75,-136.65,23.14,90.09,
01/01/2000,00:00:03.59,194.34,-66.41,-808.11,19.27,17.23,-1.85,-16.05,-37.50,-137.10,23.14,90.14,
01/01/2000,00:00:03.60,221.19,-46.88,-799.80,29.60,18.05,-13.45,-16.95,-35.85,-137.55,23.33,90.22,
01/01/2000,00:00:03.61,237.30,-69.82,-776.86,40.34,19.37,-23.34,-16.05,-36.75,-137.40,23.33,90.27,
01/01/2000,00:00:03.62,270.51,-188.48,-796.39,47.63,17.05,-47.23,-16.95,-36.90,-136.20,23.05,90.19,
01/01/2000,00:00:03.63,213.38,-229.98,-804.20,47.70,12.82,-57.05,-16.95,-38.10,-138.00,23.43,90.23,
01/01/2000,00:00:03.64,161.62,-212.40,-783.20,49.68,12.69,-42.92,-16.95,-38.10,-138.00,23.29,90.27,
01/01/2000,00:00:03.65,109.38,-218.75,-790.53,53.51,13.58,-33.44,-17.25,-39.60,-138.30,23.33,90.36,
01/01/2000,00:00:03.66,46.39,-120.12,-782.71,56.80,19.30,-33.17,-17.25,-40.05,-137.55,23.33,90.44,
01/01/2000,00:00:03.67,-103.03,60.06,-726.07,81.30,54.71,-55.24,-18.90,-39.75,-138.60,23.48,90.32,
01/01/2000,00:00:03.68,-147.95,116.21,-665.04,108.83,84.56,-76.13,-18.45,-40.35,-136.95,23.33,90.36,
01/01/2000,00:00:03.69,-72.27,68.36,-640.14,135.86,113.63,-95.53,-18.45,-40.35,-136.95,23.43,90.44,
01/01/2000,00:00:03.70,96.68,20.51,-609.38,168.37,135.92,-104.47,-20.25,-42.30,-138.00,23.33,90.48,
01/01/2000,00:00:03.71,299.80,-47.85,-526.37,185.47,146.69,-129.06,-20.25,-44.55,-136.95,23.43,90.56,
01/01/2000,00:00:03.72,740.72,-751.95,-758.79,177.08,133.17,-159.25,-22.20,-46.95,-136.35,23.33,90.45,
01/01/2000,00:00:03.73,1027.34,-1076.66,-954.59,135.34,84.52,-152.49,-23.70,-49.35,-137.85,23.29,90.49,
01/01/2000,00:00:03.74,968.26,-979.49,-983.40,94.60,26.24,-123.50,-23.70,-49.35,-137.85,23.09,90.57,
01/01/2000,00:00:03.75,812.99,-820.80,-996.58,73.66,-26.79,-72.25,-25.20,-49.65,-138.60,23.29,90.61,
01/01/2000,00:00:03.76,550.78,-828.61,-1056.15,58.84,-52.55,-47.96,-25.95,-51.60,-137.10,23.33,90.68,
01/01/2000,00:00:03.78,217.77,-766.60,-1078.12,54.80,-62.53,-30.95,-25.95,-52.35,-136.65,23.29,90.57,
01/01/2000,00:00:03.79,89.84,-796.88,-1110.84,46.57,-52.79,-22.50,-26.10,-51.00,-136.95,23.33,90.61,
01/01/2000,00:00:03.79,81.54,-943.85,-1197.75,23.72,-44.95,-44.18,-26.25,-51.90,-136.35,23.24,90.69,
01/01/2000,00:00:03.80,73.24,-844.24,-1214.36,1.74,-37.21,-44.58,-26.25,-51.90,-136.35,23.67,90.72,
01/01/2000,00:00:03.81,45.90,-731.93,-1179.69,-9.16,-34.28,-35.57,-24.45,-51.90,-136.65,23.29,90.80,
01/01/2000,00:00:03.83,70.31,-649.90,-1142.09,-13.38,-18.61,-31.46,-25.20,-53.40,-136.05,23.09,90.69,
01/01/2000,00:00:03.84,143.07,-559.08,-1063.96,-12.34,-6.06,-44.24,-25.50,-53.40,-136.05,23.09,90.76,
01/01/2000,00:00:03.85,238.28,-427.25,-1000.98,-5.44,2.97,-58.10,-24.60,-54.45,-135.45,23.24,90.80,
01/01/2000,00:00:03.86,271.00,-298.83,-985.35,12.56,19.85,-96.53,-25.20,-52.35,-136.35,23.33,90.87,
01/01/2000,00:00:03.87,209.47,-190.43,-927.73,34.20,42.17,-158.34,-25.20,-52.35,-136.35,23.29,90.91,
01/01/2000,00:00:03.88,221.19,-326.17,-977.05,62.87,64.41,-196.72,-27.60,-54.00,-135.45,23.14,90.80,
01/01/2000,00:00:03.91,259.28,-560.06,-1028.32,44.29,123.56,-250.14,-30.15,-54.45,-134.70,23.14,90.09,
01/01/2000,00:00:03.92,442.38,-562.01,-965.82,48.24,150.57,-250.14,-32.10,-58.05,-134.55,22.95,90.03,
01/01/2000,00:00:03.93,751.95,-547.85,-921.39,56.24,154.63,-250.14,-36.00,-56.25,-136.20,23.14,90.07,
01/01/2000,00:00:03.94,983.40,-583.98,-910.16,68.21,129.18,-250.14,-37.95,-56.10,-136.05,23.48,90.14,
01/01/2000,00:00:03.96,409.18,-196.29,-585.45,78.48,152.40,-250.14,-41.10,-56.25,-134.70,23.57,90.04,
01/01/2000,00:00:03.97,497.56,-437.99,-791.99,56.47,173.82,-250.14,-43.65,-56.70,-133.35,23.33,90.08,
01/01/2000,00:00:03.98,675.78,-531.74,-837.40,50.18,177.24,-250.14,-43.65,-56.70,-133.35,23.33,90.15,
01/01/2000,00:00:03.99,498.05,-370.61,-715.33,25.88,183.58,-250.14,-49.50,-55.20,-133.65,23.09,90.19,
01/01/2000,00:00:04.00,797.36,-271.48,-562.99,10.85,185.07,-250.14,-50.40,-54.60,-132.45,23.57,90.26,
01/01/2000,00:00:04.01,1021.97,17.58,-556.15,-11.30,138.89,-250.14,-57.90,-51.30,-131.10,23.43,90.16,
01/01/2000,00:00:04.02,1044.43,267.58,-460.45,3.56,97.05,-250.14,-59.10,-49.35,-130.20,23.33,90.19,
01/01/2000,00:00:04.03,962.89,491.21,-360.35,17.86,67.28,-250.14,-59.10,-49.35,-130.20,23.33,90.26,
01/01/2000,00:00:04.04,1003.91,482.91,-385.74,43.75,32.14,-250.14,-62.70,-45.75,-129.30,23.29,90.33,
01/01/2000,00:00:04.05,898.93,325.68,-395.02,69.49,11.57,-250.14,-62.10,-44.40,-128.85,23.33,90.37,
01/01/2000,00:00:04.06,787.11,225.59,-513.67,106.84,5.66,-250.14,-63.75,-42.60,-129.30,23.33,90.27,
01/01/2000,00:00:04.07,643.07,85.45,-616.21,98.87,7.66,-250.14,-63.60,-40.20,-129.45,23.48,90.34,
01/01/2000,00:00:04.08,521.00,54.20,-699.71,65.79,8.66,-250.14,-63.60,-40.20,-129.45,23.09,90.38,
01/01/2000,00:00:04.09,259.77,83.50,-786.62,23.95,24.26,-250.14,-63.60,-40.20,-129.45,23.48,90.44,
01/01/2000,00:00:04.10,354.00,-23.44,-782.23,-0.67,40.62,-250.14,-67.05,-37.65,-128.55,23.33,90.48,
01/01/2000,00:00:04.11,593.75,105.47,-699.22,-29.90,62.69,-250.14,-65.40,-36.75,-127.05,23.43,90.42,
01/01/2000,00:00:04.12,660.16,313.48,-587.89,-37.73,59.73,-250.14,-65.85,-35.40,-127.20,23.48,90.45,
01/01/2000,00:00:04.13,621.09,504.39,-521.00,-37.19,56.17,-250.14,-66.15,-33.75,-127.65,23.43,90.48,
01/01/2000,00:00:04.14,564.94,664.55,-467.29,-33.24,44.65,-248.26,-66.15,-33.75,-127.65,23.33,90.55,
01/01/2000,00:00:04.15,497.07,771.00,-474.12,-29.63,34.60,-214.01,-67.95,-30.30,-125.55,23.57,90.58,
01/01/2000,00:00:04.17,477.54,731.45,-471.68,-5.80,28.02,-154.27,-67.80,-25.50,-123.15,23.48,90.52,
01/01/2000,00:00:04.17,514.65,680.18,-483.89,7.45,20.91,-125.91,-66.90,-24.30,-124.80,23.43,90.56,
01/01/2000,00:00:04.18,367.19,619.63,-523.93,14.11,34.34,-120.04,-67.80,-25.20,-124.65,23.33,90.62,
01/01/2000,00:00:04.19,521.48,487.79,-566.89,8.18,45.08,-126.31,-67.80,-25.20,-124.65,23.43,90.65,
01/01/2000,00:00:04.20,712.40,514.16,-561.52,1.50,40.70,-111.56,-67.80,-25.20,-124.65,23.43,90.72,
01/01/2000,00:00:04.22,611.82,376.95,-581.54,-17.63,26.92,-126.26,-68.25,-24.30,-124.80,23.14,90.62,
01/01/2000,00:00:04.23,682.13,394.53,-576.66,-16.05,34.86,-130.20,-67.80,-21.45,-125.40,23.33,90.66,
01/01/2000,00:00:04.24,515.62,471.19,-574.22,-26.47,24.50,-127.53,-66.45,-20.85,-123.00,23.33,90.72,
01/01/2000,00:00:04.25,414.06,536.62,-584.47,-32.17,23.55,-113.02,-68.25,-19.35,-123.30,23.14,90.75,
01/01/2000,00:00:04.26,393.07,668.46,-512.21,-22.60,20.67,-73.60,-68.25,-19.35,-123.30,22.95,90.82,
01/01/2000,00:00:04.27,455.57,744.14,-457.52,-12.17,21.96,-55.14,-67.80,-18.75,-121.80,23.48,90.72,
01/01/2000,00:00:04.28,509.77,691.89,-491.70,-5.75,17.96,-31.78,-67.50,-18.60,-122.25,23.33,90.75,
01/01/2000,00:00:04.29,482.91,614.26,-511.23,-1.69,10.87,-10.17,-67.80,-16.80,-122.10,23.09,90.82,
01/01/2000,00:00:04.30,482.42,602.54,-466.31,3.44,6.29,-2.22,-68.25,-17.70,-122.25,23.48,90.88,
01/01/2000,00:00:04.31,590.82,494.14,-481.45,5.95,15.89,-23.88,-68.25,-17.70,-122.25,23.43,90.91,
01/01/2000,00:00:04.32,556.15,417.97,-540.04,-1.66,17.89,-58.73,-68.25,-17.70,-122.25,23.33,90.97,
01/01/2000,00:00:04.33,489.75,416.99,-607.42,-23.19,17.31,-70.70,-67.05,-18.00,-123.15,23.43,90.88,
01/01/2000,00:00:04.34,457.03,501.46,-575.20,-29.20,17.45,-63.86,-68.10,-16.50,-121.35,23.57,90.91,
01/01/2000,00:00:04.35,457.52,676.76,-508.79,-26.52,15.15,-47.56,-68.25,-15.90,-121.95,23.29,90.97,
01/01/2000,00:00:04.36,413.09,738.77,-460.94,-16.97,12.11,-35.97,-66.90,-16.20,-122.25,23.14,91.00,
01/01/2000,00:00:04.37,436.04,804.20,-414.06,-6.55,13.49,-25.16,-66.90,-16.20,-122.25,23.43,91.06,
01/01/2000,00:00:04.38,450.20,769.04,-448.73,2.89,5.45,0.81,-67.80,-14.10,-120.60,23.57,90.97,
01/01/2000,00:00:04.41,569.34,654.79,-479.98,14.21,4.89,-2.97,-68.10,-16.05,-120.30,23.29,90.38,
01/01/2000,00:00:04.43,543.95,594.24,-530.76,4.69,5.31,-21.47,-68.10,-16.05,-120.30,23.57,90.32,
01/01/2000,00:00:04.44,584.96,662.11,-512.70,-1.82,3.33,-17.38,-67.80,-14.55,-121.35,23.33,90.35,
01/01/2000,00:00:04.45,511.72,725.59,-459.96,-1.06,0.54,-13.69,-67.35,-15.75,-120.60,23.09,90.41,
01/01/2000,00:00:04.46,473.63,806.64,-453.12,5.40,-0.77,-0.83,-68.10,-15.75,-120.30,23.33,90.32,
01/01/2000,00:00:04.47,445.80,870.12,-421.39,13.34,-2.80,7.82,-67.95,-13.95,-122.25,23.14,90.38,
01/01/2000,00:00:04.48,460.94,861.33,-400.39,21.95,-4.03,17.09,-67.95,-13.95,-122.25,23.24,90.42,
01/01/2000,00:00:04.49,551.76,813.96,-419.92,29.02,-8.59,24.66,-67.95,-13.95,-122.25,23.43,90.47,
01/01/2000,00:00:04.50,525.88,750.00,-407.71,30.66,-9.00,12.24,-68.10,-14.55,-121.80,23.48,90.50,
01/01/2000,00:00:04.51,602.05,472.17,-572.75,19.59,1.23,-22.11,-67.35,-15.75,-121.35,23.43,90.45,
01/01/2000,00:00:04.52,610.35,460.94,-618.65,-0.37,6.15,-42.15,-66.30,-15.30,-122.10,23.33,90.48,
01/01/2000,00:00:04.53,592.77,555.66,-612.30,-13.48,3.70,-44.57,-66.30,-15.30,-122.10,23.33,90.51,
01/01/2000,00:00:04.54,534.18,653.32,-563.48,-21.66,4.65,-46.47,-66.30,-15.30,-122.10,23.09,90.57,
01/01/2000,00:00:04.55,540.53,774.90,-506.35,-21.91,0.39,-41.27,-67.80,-13.35,-120.60,23.24,90.60,
01/01/2000,00:00:04.56,484.38,864.75,-461.43,-11.24,-4.98,-29.01,-67.20,-14.40,-120.15,23.24,90.54,
01/01/2000,00:00:04.57,514.65,882.81,-456.54,1.57,-10.65,-14.43,-67.80,-14.10,-121.80,23.48,90.57,
01/01/2000,00:00:04.58,512.70,868.16,-446.78,13.02,-12.45,0.86,-67.05,-13.35,-121.80,23.33,90.60,
01/01/2000,00:00:04.59,464.36,845.21,-461.43,24.43,-17.40,13.16,-67.05,-13.35,-121.80,23.29,90.66,
01/01/2000,00:00:04.60,427.73,808.11,-456.05,28.07,-19.79,21.21,-66.45,-13.65,-121.50,23.43,90.71,
01/01/2000,00:00:04.62,493.65,597.66,-529.79,25.47,-11.98,10.76,-66.90,-15.15,-120.90,23.24,90.63,
01/01/2000,00:00:04.62,496.58,466.80,-585.45,16.94,-11.02,-8.57,-67.50,-14.70,-121.50,23.43,90.66,
01/01/2000,00:00:04.63,448.73,449.22,-625.00,3.11,-2.56,-18.18,-64.95,-13.65,-122.70,23.33,90.72,
01/01/2000,00:00:04.64,479.98,470.21,-604.00,-9.11,-3.85,-25.21,-65.70,-15.45,-121.20,23.24,90.74,
01/01/2000,00:00:04.65,457.03,589.36,-536.62,-15.21,-2.92,-25.54,-65.70,-15.45,-121.20,23.43,90.80,
01/01/2000,00:00:04.67,386.23,706.05,-502.93,-11.97,-1.51,-14.93,-66.60,-14.10,-121.35,23.43,90.72,
01/01/2000,00:00:04.68,400.39,717.77,-479.00,-8.83,-3.68,-2.82,-65.85,-14.10,-122.85,23.14,90.75,
01/01/2000,00:00:04.69,359.86,756.35,-472.17,-4.67,-4.67,6.91,-67.05,-14.10,-122.85,23.48,90.80,
01/01/2000,00:00:04.70,339.36,745.61,-460.45,0.79,-3.30,13.88,-67.20,-13.65,-121.50,23.48,90.83,
01/01/2000,00:00:04.70,370.61,723.14,-461.43,4.64,-3.63,14.85,-67.20,-13.65,-121.50,23.43,90.88,
01/01/2000,00:00:04.71,415.04,695.31,-464.84,5.83,-2.01,12.08,-67.20,-13.65,-121.50,23.48,90.94,
01/01/2000,00:00:04.73,457.52,667.97,-493.16,6.69,0.46,10.41,-67.50,-14.70,-120.90,23.43,90.86,
01/01/2000,00:00:04.74,431.15,605.96,-523.44,-0.15,1.92,-2.15,-66.60,-15.30,-122.40,23.48,90.88,
01/01/2000,00:00:04.75,430.18,611.33,-539.06,-6.79,5.94,-12.33,-66.30,-13.80,-122.85,23.48,90.94,
01/01/2000,00:00:04.76,476.56,627.44,-523.93,-12.19,8.02,-15.73,-66.30,-13.80,-122.85,23.24,90.96,
01/01/2000,00:00:04.77,482.42,667.97,-504.39,-17.56,5.71,-15.21,-66.30,-13.80,-122.85,23.33,91.02,
01/01/2000,00:00:04.78,422.36,750.49,-478.52,-15.73,4.34,-12.97,-66.15,-15.15,-121.50,23.33,90.94,
01/01/2000,00:00:04.79,444.34,792.97,-477.05,-9.63,-0.08,3.43,-66.45,-13.65,-120.90,23.14,90.99,
01/01/2000,00:00:04.80,414.55,820.31,-455.57,-4.17,-2.33,10.32,-66.60,-14.10,-120.60,23.48,91.01,
01/01/2000,00:00:04.81,440.92,842.29,-457.03,4.18,-1.84,21.61,-67.35,-13.35,-121.80,23.57,91.07,
01/01/2000,00:00:04.82,461.43,783.69,-471.68,9.95,-0.23,20.39,-67.35,-13.35,-121.80,23.43,91.09,
01/01/2000,00:00:04.83,470.70,700.68,-510.74,13.66,1.79,22.09,-66.45,-13.20,-121.20,23.24,91.04,
01/01/2000,00:00:04.84,462.89,685.06,-546.88,12.56,2.15,21.84,-67.20,-16.65,-121.50,23.43,91.07,
01/01/2000,00:00:04.85,493.16,641.11,-547.85,9.01,2.85,13.89,-67.95,-15.15,-122.25,23.43,91.09,
01/01/2000,00:00:04.86,491.21,610.84,-560.55,2.52,2.99,10.15,-67.20,-14.40,-121.50,23.43,91.14,
01/01/2000,00:00:04.87,507.32,640.62,-557.13,-3.50,1.40,7.09,-67.05,-14.10,-122.40,23.09,91.17,
01/01/2000,00:00:04.88,512.21,661.13,-524.90,-3.63,0.21,4.92,-66.90,-16.20,-120.90,23.43,91.11,
01/01/2000,00:00:04.89,471.19,713.38,-518.55,-5.95,0.62,5.23,-65.85,-14.85,-122.40,23.57,91.14,
01/01/2000,00:00:04.92,456.54,757.81,-481.93,5.40,-6.42,19.28,-67.80,-15.30,-121.80,23.33,90.63,
01/01/2000,00:00:04.94,488.77,693.36,-501.95,9.82,-5.06,20.28,-67.80,-15.30,-121.80,23.33,90.58,
01/01/2000,00:00:04.95,508.79,643.07,-544.43,7.77,-4.44,17.53,-67.50,-15.90,-121.50,23.48,90.61,
01/01/2000,00:00:04.96,509.77,606.93,-573.24,3.16,-3.75,5.28,-66.15,-15.15,-121.50,23.24,90.66,
01/01/2000,00:00:04.97,541.02,607.91,-559.08,-3.51,-2.59,1.11,-67.35,-17.25,-121.80,23.67,90.58,
01/01/2000,00:00:04.98,542.48,647.95,-541.50,-9.06,-5.40,-2.95,-67.35,-17.25,-121.80,23.43,90.63,
01/01/2000,00:00:04.99,515.62,668.95,-521.97,-6.37,-1.89,-2.50,-67.35,-17.25,-121.80,23.43,90.66,
01/01/2000,00:00:05.00,508.30,718.26,-538.09,-6.06,-4.11,6.37,-67.35,-17.25,-121.80,22.81,90.71,
01/01/2000,00:00:05.01,477.05,738.28,-519.53,-2.68,-5.63,15.27,-65.85,-15.30,-121.35,23.43,90.74,
01/01/2000,00:00:05.02,500.00,772.95,-488.77,4.29,-10.36,33.93,-67.05,-14.10,-121.35,23.33,90.66,
01/01/2000,00:00:05.03,457.52,828.12,-488.77,11.05,-14.58,40.16,-67.20,-15.90,-121.95,23.43,90.69,
01/01/2000,00:00:05.04,475.59,802.25,-496.58,14.44,-16.61,43.92,-67.20,-15.90,-121.95,23.24,90.74,
01/01/2000,00:00:05.05,538.57,753.91,-520.02,18.50,-17.66,52.95,-67.05,-16.05,-122.10,23.43,90.76,
01/01/2000,00:00:05.06,539.06,747.56,-541.02,20.87,-20.95,59.89,-66.60,-15.75,-122.85,23.57,90.81,
01/01/2000,00:00:05.08,581.54,704.10,-569.82,24.62,-29.05,70.05,-65.70,-16.65,-121.95,23.43,90.74,
01/01/2000,00:00:05.08,635.74,750.49,-601.07,23.97,-34.02,89.98,-68.10,-16.80,-122.40,23.43,90.79,
01/01/2000,00:00:05.09,592.77,753.42,-580.57,27.54,-41.65,110.20,-67.05,-19.05,-123.90,23.62,90.81,
01/01/2000,00:00:05.10,636.72,818.36,-579.59,34.07,-50.97,138.95,-67.05,-19.05,-123.90,23.33,90.86,
01/01/2000,00:00:05.11,601.07,839.84,-587.40,42.74,-63.39,172.05,-66.90,-19.65,-124.05,23.57,90.88,
01/01/2000,00:00:05.13,587.40,820.31,-594.24,62.85,-77.62,224.00,-67.05,-20.55,-123.90,23.33,90.81,
01/01/2000,00:00:05.14,690.92,822.27,-630.86,74.11,-95.05,250.13,-66.45,-23.40,-125.10,23.43,90.86,
01/01/2000,00:00:05.15,622.56,887.70,-618.16,85.16,-119.08,250.13,-66.45,-24.30,-125.10,23.24,90.89,
01/01/2000,00:00:05.16,512.21,813.96,-610.35,96.61,-135.16,250.13,-66.90,-26.10,-126.30,23.29,90.93,
01/01/2000,00:00:05.16,574.71,628.42,-597.17,104.11,-150.48,250.13,-66.90,-26.10,-126.30,23.57,90.96,
01/01/2000,00:00:05.18,656.25,481.45,-560.06,106.73,-175.53,250.13,-63.15,-34.80,-128.40,23.29,90.91,
01/01/2000,00:00:05.19,552.25,240.23,-606.45,100.13,-187.70,250.13,-63.75,-36.15,-130.05,23.57,90.93,
01/01/2000,00:00:05.20,483.40,93.26,-662.11,98.01,-187.78,250.13,-61.05,-39.45,-131.70,23.57,90.96,
01/01/2000,00:00:05.21,485.84,-76.17,-741.21,90.49,-182.19,250.13,-61.05,-39.45,-131.70,23.33,91.00,
01/01/2000,00:00:05.22,419.92,-178.22,-807.62,77.91,-178.21,250.13,-61.05,-39.45,-131.70,23.14,91.03,
01/01/2000,00:00:05.23,442.87,-188.48,-790.53,57.37,-166.45,250.13,-55.65,-46.50,-132.15,23.43,90.98,
01/01/2000,00:00:05.24,486.82,-182.13,-803.22,44.83,-163.02,250.13,-54.00,-49.35,-133.50,23.24,91.00,
01/01/2000,00:00:05.25,345.21,-152.83,-848.14,28.57,-163.56,250.13,-51.00,-50.55,-133.95,23.57,91.03,
01/01/2000,00:00:05.26,140.14,-174.32,-890.62,14.06,-151.44,250.13,-49.35,-51.15,-134.85,23.43,91.07,
01/01/2000,00:00:05.27,177.73,-224.61,-851.56,5.32,-139.72,250.13,-49.35,-51.15,-134.85,23.43,91.12,
01/01/2000,00:00:05.28,379.88,-305.66,-823.24,-14.15,-116.80,250.13,-43.80,-54.60,-134.85,23.43,91.05,
01/01/2000,00:00:05.29,400.88,-291.99,-836.43,-25.19,-105.11,240.98,-43.65,-53.70,-135.45,23.48,91.07,
01/01/2000,00:00:05.30,364.26,-265.14,-851.56,-27.86,-93.32,213.15,-41.40,-54.75,-137.25,23.33,91.12,
01/01/2000,00:00:05.31,320.80,-295.90,-882.32,-28.45,-81.78,191.26,-41.55,-55.35,-137.10,23.24,91.14,
01/01/2000,00:00:05.32,336.91,-281.74,-906.25,-33.41,-64.52,177.35,-39.45,-53.40,-136.35,23.43,91.18,
01/01/2000,00:00:05.33,348.14,-128.42,-920.90,-38.91,-70.58,188.31,-37.65,-55.35,-136.65,23.33,91.11,
01/01/2000,00:00:05.34,180.18,-114.26,-903.81,-45.83,-72.88,204.63,-35.10,-54.60,-136.65,23.57,91.14,
01/01/2000,00:00:05.35,167.48,-118.16,-861.33,-44.10,-66.92,219.82,-35.40,-55.05,-137.10,23.43,91.18,
01/01/2000,00:00:05.36,260.25,-188.96,-833.01,-39.13,-60.38,205.79,-32.85,-53.85,-136.35,23.57,91.20,
01/01/2000,00:00:05.37,318.85,-225.10,-806.15,-35.82,-50.56,158.38,-31.05,-53.85,-137.10,23.48,91.25,
01/01/2000,00:00:05.39,274.41,-199.22,-849.61,-29.80,-24.29,78.66,-31.05,-53.85,-137.10,23.33,91.18,
01/01/2000,00:00:05.40,245.12,-184.57,-852.54,-29.48,-9.62,41.62,-29.55,-51.60,-137.40,23.67,91.20,
01/01/2000,00:00:05.45,122.07,-180.66,-946.78,-43.37,-5.00,123.95,-29.55,-52.65,-135.30,23.33,90.35,
01/01/2000,00:00:05.46,470.21,-246.09,-866.21,-28.27,-17.60,179.24,-28.20,-51.75,-136.95,23.48,90.31,
01/01/2000,00:00:05.47,493.16,-142.58,-825.68,-16.44,-16.73,146.09,-28.80,-51.60,-137.85,23.43,90.34,
01/01/2000,00:00:05.48,145.51,-5.86,-809.57,-1.57,-0.66,34.31,-27.75,-50.40,-136.35,23.62,90.27,
01/01/2000,00:00:05.49,140.62,-19.04,-884.77,12.84,19.56,10.95,-27.75,-50.40,-136.35,23.43,90.29,
01/01/2000,00:00:05.50,225.59,-229.98,-987.30,14.24,26.17,10.98,-26.85,-50.25,-136.20,23.09,90.34,
01/01/2000,00:00:05.51,359.86,-270.02,-979.00,-15.31,17.86,-9.69,-28.50,-50.85,-138.60,23.29,90.38,
01/01/2000,00:00:05.52,490.23,-250.00,-913.57,-19.33,-3.16,6.72,-28.50,-50.40,-137.40,23.43,90.41,
01/01/2000,00:00:05.54,448.24,-98.63,-901.37,-16.45,-36.34,75.33,-27.75,-49.65,-137.85,23.33,90.34,
01/01/2000,00:00:05.54,423.83,-70.31,-899.90,-13.97,-62.12,105.39,-26.85,-50.55,-137.55,23.43,90.39,
01/01/2000,00:00:05.55,516.11,-132.32,-885.74,-1.63,-75.46,144.33,-26.85,-50.55,-137.55,23.48,90.41,
01/01/2000,00:00:05.56,398.44,-176.27,-899.90,5.19,-86.11,123.66,-25.50,-49.65,-138.15,23.48,90.46,
01/01/2000,00:00:05.57,303.22,-51.76,-891.60,21.45,-89.65,104.63,-24.30,-49.05,-136.50,23.48,90.48,
01/01/2000,00:00:05.59,156.25,-74.22,-887.70,38.50,-81.80,89.92,-23.85,-49.50,-135.45,23.43,90.44,
01/01/2000,00:00:05.60,80.08,-240.23,-908.69,25.41,-71.52,62.81,-24.45,-48.60,-136.05,23.43,90.46,
01/01/2000,00:00:05.61,172.36,-327.15,-1021.48,12.93,-77.71,61.40,-21.15,-48.90,-136.35,23.24,90.48,
01/01/2000,00:00:05.62,7.32,-316.41,-1022.95,3.33,-79.73,71.94,-21.15,-48.90,-136.35,23.57,90.53,
01/01/2000,00:00:05.62,-125.49,-334.47,-1054.69,-4.89,-70.73,82.73,-21.00,-49.05,-136.50,23.57,90.57,
01/01/2000,00:00:05.64,8.79,-358.89,-1033.20,-3.96,-60.34,82.67,-19.50,-49.05,-134.70,23.48,90.51,
01/01/2000,00:00:05.65,40.04,-288.57,-990.23,-7.37,-52.32,69.76,-17.70,-48.00,-135.15,23.57,90.53,
01/01/2000,00:00:05.66,12.21,-211.91,-983.40,1.36,-47.46,56.27,-17.70,-48.00,-135.15,23.57,90.57,
01/01/2000,00:00:05.67,66.41,-161.13,-970.21,12.98,-43.39,39.67,-17.70,-48.00,-135.15,23.48,90.59,
01/01/2000,00:00:05.68,59.57,-150.39,-915.04,27.45,-47.08,45.63,-17.70,-48.00,-135.15,23.09,90.64,
01/01/2000,00:00:05.69,-9.28,-167.97,-919.92,28.13,-48.50,44.27,-17.55,-47.70,-134.25,23.57,90.57,
01/01/2000,00:00:05.70,-10.25,-251.46,-943.36,15.27,-46.55,29.76,-15.90,-49.05,-134.40,23.57,90.60,
01/01/2000,00:00:05.71,156.74,-280.27,-981.45,5.74,-54.85,31.25,-15.90,-48.30,-134.70,23.24,90.64,
01/01/2000,00:00:05.72,161.13,-241.21,-978.52,1.13,-74.56,53.02,-15.90,-48.30,-134.70,23.57,90.66,
01/01/2000,00:00:05.73,9.77,-196.29,-962.40,1.63,-84.34,72.89,-15.30,-48.15,-134.25,23.57,90.70,
01/01/2000,00:00:05.74,-196.78,-278.32,-1001.46,4.18,-78.10,72.42,-14.40,-49.05,-133.65,23.43,90.64,
01/01/2000,00:00:05.75,-230.47,-302.73,-1030.27,9.89,-67.78,67.53,-13.80,-47.40,-133.50,23.43,90.66,
01/01/2000,00:00:05.76,-266.60,-289.55,-1033.20,14.18,-53.96,64.73,-12.75,-47.70,-134.25,23.57,90.70,
01/01/2000,00:00:05.77,-273.93,-318.36,-1012.70,17.36,-39.64,60.54,-12.00,-48.15,-133.05,23.43,90.74,
01/01/2000,00:00:05.78,-255.86,-300.29,-987.79,20.19,-25.69,49.89,-12.00,-48.15,-133.05,23.57,90.77,
01/01/2000,00:00:05.79,-30.27,-346.68,-985.84,6.73,-25.93,45.97,-11.10,-48.30,-131.85,23.43,90.70,
01/01/2000,00:00:05.80,-21.48,-317.87,-982.91,4.11,-36.11,67.85,-10.05,-48.30,-131.55,23.43,90.75,
01/01/2000,00:00:05.81,-112.30,-211.91,-967.77,4.38,-45.06,79.90,-9.75,-46.95,-132.75,23.43,90.77,
01/01/2000,00:00:05.82,-165.53,-242.68,-977.54,1.75,-48.36,81.70,-9.30,-46.80,-131.85,23.43,90.81,
01/01/2000,00:00:05.83,-195.80,-269.04,-975.10,5.99,-44.88,81.08,-10.35,-45.75,-131.10,23.43,90.83,
01/01/2000,00:00:05.84,-198.73,-266.60,-974.61,10.37,-36.66,73.21,-10.35,-45.75,-131.10,23.48,90.87,
01/01/2000,00:00:05.86,-228.03,-244.14,-975.10,13.21,-26.01,44.09,-8.70,-45.45,-129.45,23.43,90.81,
01/01/2000,00:00:05.87,-148.93,-259.28,-956.54,12.87,-22.64,41.50,-7.80,-45.75,-131.55,23.33,90.83,
01/01/2000,00:00:05.87,-190.92,-300.78,-953.12,7.02,-23.24,37.94,-7.35,-44.85,-130.80,23.43,90.87,
01/01/2000,00:00:05.88,-102.54,-239.26,-945.31,1.24,-29.56,51.18,-7.35,-44.85,-130.80,23.24,90.89,
01/01/2000,00:00:05.89,-164.55,-199.22,-910.16,-0.11,-32.18,66.15,-7.35,-44.85,-130.80,23.57,90.93,
01/01/2000,00:00:05.93,-193.85,-276.37,-929.20,15.79,-22.56,63.13,-6.75,-45.30,-129.75,23.29,90.35,
01/01/2000,00:00:05.95,-212.89,-227.05,-905.27,15.15,-28.79,61.47,-6.75,-45.30,-129.75,23.33,90.32,
01/01/2000,00:00:05.96,-240.23,-215.82,-902.34,16.79,-24.76,62.43,-4.80,-43.35,-130.05,23.33,90.34,
01/01/2000,00:00:05.97,-335.45,-281.74,-911.13,20.43,-26.98,68.35,-6.15,-43.20,-128.85,23.33,90.38,
01/01/2000,00:00:05.98,-415.53,-348.63,-951.66,16.61,-16.75,53.02,-6.15,-42.90,-129.15,23.43,90.40,
01/01/2000,00:00:05.99,-375.49,-298.34,-951.66,12.34,-7.60,54.31,-5.25,-43.80,-129.00,23.14,90.34,
01/01/2000,00:00:06.00,-357.42,-266.11,-932.13,10.71,0.58,46.05,-6.00,-42.60,-128.55,23.48,90.38,
01/01/2000,00:00:06.01,-296.39,-250.98,-936.52,12.03,1.29,52.08,-6.00,-42.60,-128.55,23.57,90.40,
01/01/2000,00:00:06.02,-324.71,-234.86,-919.43,9.52,2.30,54.02,-5.25,-41.55,-128.25,23.43,90.44,
01/01/2000,00:00:06.03,-348.14,-226.56,-919.43,7.95,4.18,47.68,-3.90,-42.00,-126.60,23.24,90.46,
01/01/2000,00:00:06.04,-289.55,-243.65,-923.83,15.73,3.71,53.24,-4.80,-41.85,-128.55,23.57,90.42,
01/01/2000,00:00:06.05,-293.46,-257.32,-926.27,21.90,7.00,55.96,-4.80,-41.85,-128.55,23.57,90.44,
01/01/2000,00:00:06.06,-333.50,-312.01,-945.80,28.46,12.89,44.18,-4.80,-41.85,-128.55,23.33,90.48,
01/01/2000,00:00:06.07,-371.09,-348.14,-974.12,29.61,22.92,22.84,-4.80,-41.85,-128.55,23.57,90.50,
01/01/2000,00:00:06.08,-343.26,-339.36,-975.59,27.87,31.43,8.34,-4.20,-40.05,-128.55,23.48,90.54,
01/01/2000,00:00:06.09,-309.08,-334.96,-983.89,22.08,39.04,1.79,-4.65,-42.00,-127.65,23.57,90.49,
01/01/2000,00:00:06.10,-273.44,-384.28,-975.59,15.11,40.99,-10.96,-4.50,-39.60,-127.20,23.33,90.51,
01/01/2000,00:00:06.11,-191.89,-366.70,-988.77,8.33,42.85,-3.80,-4.50,-39.60,-127.20,23.57,90.55,
01/01/2000,00:00:06.12,-206.05,-323.24,-979.00,6.49,40.20,3.66,-4.50,-41.10,-129.75,23.57,90.57,
01/01/2000,00:00:06.13,-214.84,-314.45,-982.42,8.27,39.86,0.43,-5.85,-40.50,-130.65,23.33,90.60,
01/01/2000,00:00:06.15,-257.81,-291.02,-974.61,13.16,51.69,-24.69,-6.45,-42.00,-130.20,23.29,90.55,
01/01/2000,00:00:06.16,-231.45,-301.76,-997.07,19.69,55.12,-36.34,-5.85,-42.00,-129.45,23.33,90.59,
01/01/2000,00:00:06.16,-235.35,-303.22,-1003.91,20.31,63.50,-48.02,-7.35,-41.55,-129.30,23.62,90.61,
01/01/2000,00:00:06.17,-238.28,-349.12,-1000.00,22.26,71.53,-51.97,-7.35,-41.55,-129.30,23.57,90.65,
01/01/2000,00:00:06.18,-285.16,-406.74,-1037.11,20.55,85.84,-77.66,-7.05,-43.35,-131.10,23.43,90.66,
01/01/2000,00:00:06.20,-116.21,-479.98,-1061.52,15.16,100.37,-92.25,-8.55,-43.05,-132.15,23.57,90.61,
01/01/2000,00:00:06.21,26.86,-479.49,-1057.62,6.70,99.30,-79.32,-9.00,-43.65,-130.65,23.14,90.65,
01/01/2000,00:00:06.22,142.58,-472.17,-1008.79,3.98,89.92,-59.63,-9.00,-43.65,-130.95,23.48,90.67,
01/01/2000,00:00:06.23,112.30,-454.10,-1013.18,8.23,93.45,-83.02,-10.50,-44.70,-134.25,23.43,90.70,
01/01/2000,00:00:06.24,-5.86,-410.64,-1021.48,10.75,104.69,-118.06,-10.50,-44.70,-134.25,23.43,90.72,
01/01/2000,00:00:06.25,-25.39,-398.44,-1025.39,18.74,133.17,-137.85,-13.05,-45.90,-132.45,23.57,90.69,
01/01/2000,00:00:06.26,160.16,-526.37,-1056.64,29.57,154.11,-142.49,-14.55,-46.20,-134.25,23.48,90.71,
01/01/2000,00:00:06.27,326.66,-710.45,-1058.11,29.64,191.66,-197.27,-16.35,-46.65,-135.30,23.57,90.72,
01/01/2000,00:00:06.28,705.08,-859.38,-1071.29,12.89,222.21,-250.14,-16.35,-46.65,-135.30,23.43,90.76,
01/01/2000,00:00:06.29,1318.36,-958.98,-1064.45,-6.81,231.30,-250.14,-16.35,-46.65,-135.30,23.33,90.78,
01/01/2000,00:00:06.30,1813.48,-713.87,-887.70,-34.92,189.44,-250.14,-21.90,-48.15,-135.60,23.43,90.74,
01/01/2000,00:00:06.31,1980.96,-622.56,-853.03,-42.23,148.27,-249.11,-23.70,-49.35,-137.85,23.57,90.76,
01/01/2000,00:00:06.32,1973.14,-494.63,-829.59,-39.92,109.66,-250.14,-26.85,-50.25,-137.55,23.57,90.78,
01/01/2000,00:00:06.33,1768.55,-479.49,-887.21,-39.98,78.43,-250.14,-27.75,-50.85,-137.85,23.57,90.82,
01/01/2000,00:00:06.34,1530.27,-500.98,-917.48,-31.91,48.52,-250.14,-27.75,-50.85,-137.85,23.09,90.85,
01/01/2000,00:00:06.35,1397.95,-535.16,-1001.46,-38.02,8.02,-220.95,-29.40,-49.80,-138.30,23.57,90.80,
01/01/2000,00:00:06.36,1186.52,-568.36,-1023.93,-55.32,-20.76,-198.92,-32.70,-51.00,-137.25,23.24,90.82,
01/01/2000,00:00:06.37,986.82,-534.67,-1083.50,-64.88,-43.24,-179.43,-30.60,-50.10,-137.40,23.57,90.84,
01/01/2000,00:00:06.38,778.81,-424.80,-1084.96,-67.01,-63.19,-155.09,-31.80,-48.90,-138.60,23.57,90.87,
01/01/2000,00:00:06.39,407.23,-425.78,-1133.30,-65.80,-70.23,-147.15,-32.40,-49.35,-138.15,23.57,90.91,
01/01/2000,00:00:06.41,24.90,-631.84,-1248.54,-66.11,-52.66,-176.96,-32.40,-47.70,-137.85,23.57,90.86,
01/01/2000,00:00:06.44,-354.98,-719.73,-1313.96,-76.22,17.63,-222.55,-33.75,-47.25,-139.80,23.76,90.50,
01/01/2000,00:00:06.45,-420.90,-542.97,-1151.37,-91.43,21.41,-197.49,-33.60,-46.65,-139.20,23.57,90.45,
01/01/2000,00:00:06.46,-473.63,-404.79,-1032.23,-105.69,25.84,-187.66,-33.60,-46.65,-139.20,23.62,90.48,
01/01/2000,00:00:06.47,-505.86,-209.96,-864.75,-115.81,21.76,-174.01,-34.80,-44.55,-140.85,23.43,90.50,
01/01/2000,00:00:06.48,-423.83,-3.91,-676.27,-114.50,12.87,-143.47,-36.45,-43.65,-139.20,23.57,90.45,
01/01/2000,00:00:06.49,-433.59,152.34,-438.48,-109.85,1.99,-135.35,-36.60,-41.85,-138.75,23.43,90.48,
01/01/2000,00:00:06.50,-514.65,242.68,-463.87,-101.66,-6.48,-120.84,-36.60,-41.85,-138.75,23.33,90.50,
01/01/2000,00:00:06.51,-588.38,397.46,-358.89,-87.24,-3.56,-103.28,-36.60,-41.85,-138.75,23.57,90.54,
01/01/2000,00:00:06.52,-594.73,482.91,-272.95,-73.22,-9.99,-85.53,-36.60,-41.85,-138.75,23.48,90.56,
01/01/2000,00:00:06.54,-609.38,599.61,-133.79,-60.33,-20.08,-55.58,-37.65,-38.70,-140.40,23.43,90.52,
01/01/2000,00:00:06.54,-583.98,634.77,-86.91,-50.82,-29.76,-30.50,-37.95,-39.00,-141.45,23.48,90.54,
01/01/2000,00:00:06.55,-630.37,701.66,-24.90,-33.63,-36.76,7.63,-36.60,-37.65,-142.65,23.57,90.56,
01/01/2000,00:00:06.56,-692.87,767.58,43.95,-15.85,-40.87,32.85,-36.60,-37.65,-142.65,23.67,90.60,
01/01/2000,00:00:06.57,-702.15,733.40,69.34,1.56,-44.24,49.96,-36.30,-37.35,-140.10,23.33,90.63,
01/01/2000,00:00:06.59,-655.76,720.70,148.93,36.87,-38.24,60.64,-36.90,-39.00,-141.45,23.57,90.58,
01/01/2000,00:00:06.60,-680.66,721.68,190.43,67.96,-29.02,50.11,-35.25,-38.40,-139.50,23.57,90.60,
01/01/2000,00:00:06.61,-739.75,699.71,222.17,97.75,-16.63,45.02,-35.10,-39.75,-141.45,23.33,90.63,
01/01/2000,00:00:06.62,-754.88,603.52,241.21,124.08,-1.79,47.46,-35.25,-38.85,-141.30,23.76,90.65,
01/01/2000,00:00:06.62,-726.07,495.12,282.23,145.51,12.81,54.05,-35.25,-38.85,-141.30,23.62,90.68,
01/01/2000,00:00:06.64,-742.19,407.23,301.76,168.25,22.85,79.56,-34.35,-41.25,-140.70,23.57,90.63,
01/01/2000,00:00:06.65,-757.32,388.67,345.21,184.34,32.85,91.41,-35.40,-43.95,-139.95,23.57,90.65,
01/01/2000,00:00:06.66,-756.35,387.70,399.90,205.93,47.95,100.06,-35.10,-43.65,-138.90,23.43,90.69,
01/01/2000,00:00:06.67,-686.52,371.09,474.12,227.38,57.80,109.84,-34.80,-44.85,-140.10,23.76,90.70,
01/01/2000,00:00:06.68,-614.26,261.23,525.88,245.59,57.82,130.35,-34.65,-46.20,-138.90,23.24,90.74,
01/01/2000,00:00:06.69,-623.05,122.56,634.77,250.13,64.23,139.66,-35.70,-50.85,-137.85,23.33,90.69,
01/01/2000,00:00:06.70,-617.19,-22.95,645.51,250.13,70.21,143.77,-34.50,-53.70,-137.55,23.48,90.71,
01/01/2000,00:00:06.71,-592.77,-207.52,632.81,250.13,78.56,155.48,-34.80,-55.20,-135.45,23.29,90.74,
01/01/2000,00:00:06.72,-549.32,-411.13,619.14,250.13,82.35,178.17,-35.25,-55.95,-136.50,23.48,90.77,
01/01/2000,00:00:06.73,-357.91,-674.80,570.31,250.13,70.81,211.68,-35.25,-55.95,-136.50,23.43,90.79,
01/01/2000,00:00:06.74,-84.47,-1011.23,474.61,250.13,28.41,250.13,-35.25,-55.95,-136.50,23.29,90.74,
01/01/2000,00:00:06.75,-250.00,-1229.49,344.73,250.13,6.72,250.13,-32.70,-63.15,-131.10,23.67,90.77,
01/01/2000,00:00:06.76,-615.23,-1702.64,19.04,250.13,21.23,240.02,-32.25,-65.40,-129.30,23.57,90.79,
01/01/2000,00:00:06.77,-958.98,-2000.00,-265.14,250.13,60.39,180.79,-29.85,-67.50,-127.65,23.33,90.83,
01/01/2000,00:00:06.78,-1000.00,-2000.00,-521.00,250.13,120.63,156.38,-27.75,-67.95,-125.55,23.29,90.84,
01/01/2000,00:00:06.80,-690.43,-2000.00,-756.35,250.13,181.84,160.59,-27.75,-67.95,-125.55,23.43,90.79,
01/01/2000,00:00:06.80,-62.99,-2000.00,-847.66,250.13,192.63,173.05,-27.60,-71.10,-121.05,23.48,90.81,
01/01/2000,00:00:06.81,671.88,-2000.00,-1066.41,227.91,169.49,208.82,-27.75,-72.90,-120.45,23.33,90.84,
01/01/2000,00:00:06.82,1030.27,-2000.00,-1365.72,200.64,146.66,215.11,-27.60,-72.30,-118.80,23.57,90.86,
01/01/2000,00:00:06.83,1159.67,-2000.00,-1739.75,174.50,133.31,196.23,-25.95,-72.00,-117.90,23.57,90.89,
01/01/2000,00:00:06.85,1570.80,-2000.00,-2000.00,113.97,128.47,155.12,-25.65,-73.80,-114.90,23.57,90.84,
01/01/2000,00:00:06.86,1991.70,-2000.00,-2000.00,46.87,114.04,152.10,-24.75,-74.70,-115.05,23.57,90.86,
01/01/2000,00:00:06.87,1999.94,-2000.00,-2000.00,-25.92,92.96,154.08,-22.35,-71.55,-114.15,23.43,90.89,
01/01/2000,00:00:06.88,1999.94,-2000.00,-2000.00,-96.51,67.40,151.80,-21.45,-72.45,-77.40,23.24,90.91,
01/01/2000,00:00:06.89,1999.94,-2000.00,-2000.00,-154.89,41.48,136.65,-21.45,-72.45,-115.80,23.43,90.94,
01/01/2000,00:00:06.90,1999.94,-2000.00,-2000.00,-212.57,15.11,93.85,-21.15,-70.95,-116.85,23.33,90.89,
01/01/2000,00:00:06.91,1999.94,-2000.00,-1913.57,-235.40,-1.82,71.97,-21.15,-70.95,-116.85,23.57,90.91,
01/01/2000,00:00:06.94,1649.90,-1722.17,-1157.71,-250.14,4.37,-42.21,-21.30,-65.40,-122.40,23.33,90.58,
01/01/2000,00:00:06.95,1513.18,-1490.72,-887.21,-250.14,10.31,-72.95,-19.50,-64.65,-123.90,23.67,90.55,
01/01/2000,00:00:06.96,1399.90,-1333.01,-711.43,-250.14,12.78,-83.90,-19.50,-64.65,-123.90,23.43,90.57,
01/01/2000,00:00:06.98,1291.50,-1092.29,-484.38,-250.14,7.60,-97.53,-21.15,-61.50,-129.45,23.57,90.52,
01/01/2000,00:00:06.99,1147.46,-974.12,-390.62,-250.14,0.89,-112.56,-21.75,-60.15,-130.35,23.33,90.55,
01/01/2000,00:00:07.00,1019.53,-868.65,-321.78,-250.14,-3.29,-126.04,-22.35,-57.90,-131.10,23.76,90.57,
01/01/2000,00:00:07.01,940.43,-764.65,-249.51,-250.14,-10.22,-147.84,-21.75,-56.25,-133.65,23.33,90.60,
01/01/2000,00:00:07.02,862.79,-634.28,-166.99,-246.44,-18.57,-162.98,-21.75,-56.25,-133.65,23.43,90.62,
01/01/2000,00:00:07.03,644.04,-639.16,-140.14,-224.03,-38.87,-169.39,-23.70,-54.60,-133.80,23.67,90.59,
01/01/2000,00:00:07.04,420.90,-707.03,-161.13,-210.52,-50.61,-176.35,-24.75,-53.40,-135.30,23.62,90.61,
01/01/2000,00:00:07.05,96.19,-748.05,-198.73,-213.47,-53.38,-190.73,-24.30,-52.50,-136.50,23.33,90.62,
01/01/2000,00:00:07.06,-132.81,-756.35,-209.96,-211.91,-47.56,-189.85,-24.90,-50.55,-135.75,23.43,90.65,
01/01/2000,00:00:07.07,-245.12,-742.19,-214.36,-206.10,-44.85,-188.47,-24.90,-49.50,-136.95,23.62,90.67,
01/01/2000,00:00:07.08,-369.63,-634.77,-125.49,-193.57,-34.84,-187.05,-24.90,-49.50,-136.95,23.57,90.64,
01/01/2000,00:00:07.09,-363.77,-544.43,-42.97,-180.74,-32.46,-185.26,-26.10,-49.50,-137.55,23.57,90.66,
01/01/2000,00:00:07.10,-309.57,-482.42,22.95,-164.26,-32.88,-186.26,-26.85,-47.25,-138.30,23.67,90.67,
01/01/2000,00:00:07.11,-287.11,-410.64,79.10,-148.18,-42.33,-185.49,-25.50,-46.20,-139.20,23.14,90.70,
01/01/2000,00:00:07.12,-446.29,-280.27,145.51,-125.98,-54.56,-179.81,-25.50,-44.70,-138.90,23.76,90.66,
01/01/2000,00:00:07.13,-552.25,-323.24,141.60,-111.57,-63.49,-169.70,-25.50,-44.70,-138.90,23.33,90.67,
01/01/2000,00:00:07.14,-647.95,-307.62,147.46,-102.65,-61.49,-149.90,-26.10,-43.35,-139.50,23.57,90.70,
01/01/2000,00:00:07.15,-717.29,-225.10,170.90,-98.17,-58.41,-144.22,-26.25,-41.70,-140.40,23.57,90.72,
01/01/2000,00:00:07.16,-811.52,-102.05,160.64,-86.95,-50.82,-130.44,-25.20,-43.20,-138.90,23.48,90.75,
01/01/2000,00:00:07.18,-875.98,55.18,165.04,-59.41,-31.13,-115.56,-25.65,-41.55,-139.05,23.57,90.71,
01/01/2000,00:00:07.19,-875.49,115.72,174.80,-43.59,-7.08,-111.44,-25.65,-41.55,-139.05,23.48,90.72,
01/01/2000,00:00:07.19,-922.85,185.06,207.03,-28.10,12.68,-106.87,-26.10,-40.80,-139.05,23.33,90.75,
01/01/2000,00:00:07.20,-794.92,234.38,187.50,-11.52,31.88,-97.87,-25.50,-40.20,-141.00,23.33,90.78,
01/01/2000,00:00:07.21,-709.47,247.07,308.59,9.13,44.47,-92.96,-25.50,-40.95,-141.45,23.62,90.80,
01/01/2000,00:00:07.23,-615.72,356.45,298.83,36.70,53.69,-87.85,-25.95,-39.45,-140.70,23.48,90.75,
01/01/2000,00:00:07.24,-547.85,356.93,333.01,56.75,61.31,-72.18,-27.75,-40.95,-138.60,23.33,90.79,
01/01/2000,00:00:07.25,-475.10,349.12,353.03,76.85,66.24,-58.97,-27.75,-40.95,-138.60,23.81,90.80,
01/01/2000,00:00:07.26,-344.73,299.32,374.51,92.88,63.63,-34.69,-28.65,-40.80,-139.80,23.43,90.83,
01/01/2000,00:00:07.27,-313.48,252.44,424.80,106.91,48.85,-10.13,-28.65,-43.05,-140.55,23.33,90.85,
01/01/2000,00:00:07.28,-351.07,221.68,392.58,123.05,31.98,11.18,-30.45,-43.05,-139.80,23.48,90.82,
01/01/2000,00:00:07.29,-472.66,166.99,421.39,139.74,33.79,24.98,-30.15,-43.80,-140.55,23.57,90.83,
01/01/2000,00:00:07.30,-423.34,66.41,438.96,159.26,36.87,35.09,-30.15,-43.80,-140.55,23.57,90.85,
01/01/2000,00:00:07.31,-386.72,6.84,445.31,176.12,43.27,35.25,-30.60,-46.95,-140.55,23.57,90.88,
01/01/2000,00:00:07.32,-417.97,-34.67,483.40,192.33,42.95,41.89,-30.60,-46.95,-139.95,23.57,90.91,
01/01/2000,00:00:07.33,-419.43,-136.72,500.00,208.18,47.27,47.79,-29.55,-49.35,-139.20,23.76,90.92,
01/01/2000,00:00:07.34,-392.09,-347.66,522.95,229.52,49.28,63.48,-30.75,-52.50,-137.55,23.33,90.88,
01/01/2000,00:00:07.35,-336.43,-461.91,524.41,242.76,48.59,75.56,-30.75,-52.50,-137.55,23.43,90.91,
01/01/2000,00:00:07.36,-254.88,-629.88,517.58,250.13,44.34,84.05,-30.75,-52.50,-137.55,23.76,90.92,
01/01/2000,00:00:07.37,-233.89,-761.23,545.41,250.13,40.56,88.47,-30.60,-56.10,-136.05,23.62,90.95,
01/01/2000,00:00:07.38,-303.22,-886.72,504.39,250.13,40.76,89.78,-30.45,-57.45,-134.40,23.43,90.97,
01/01/2000,00:00:07.39,-321.78,-1190.92,418.46,250.13,46.53,89.72,-32.40,-60.30,-132.75,23.57,90.94,
01/01/2000,00:00:07.40,-242.68,-1397.95,345.21,250.13,51.97,91.09,-29.85,-61.80,-131.70,23.48,90.95,
01/01/2000,00:00:07.41,-181.15,-1653.81,304.69,250.13,55.13,95.11,-29.85,-61.80,-131.70,23.57,90.97,
01/01/2000,00:00:07.44,-7.81,-2000.00,55.66,250.13,41.85,114.07,-28.50,-68.25,-124.80,23.43,90.67,
01/01/2000,00:00:07.46,130.37,-2000.00,57.62,250.13,37.14,93.18,-27.90,-70.35,-121.35,23.48,90.64,
01/01/2000,00:00:07.47,264.65,-2000.00,53.71,250.13,22.32,101.34,-27.90,-70.35,-121.35,23.62,90.60,
01/01/2000,00:00:07.48,275.88,-2000.00,67.38,250.13,4.63,105.92,-27.15,-72.60,-117.45,23.43,90.63,
01/01/2000,00:00:07.49,339.84,-2000.00,62.99,250.13,-10.89,106.22,-26.25,-74.70,-116.10,23.43,90.64,
01/01/2000,00:00:07.50,368.16,-2000.00,70.31,250.13,-31.37,101.95,-24.60,-73.80,-113.40,23.43,90.67,
01/01/2000,00:00:07.51,341.80,-2000.00,52.73,250.13,-53.05,93.50,-23.55,-74.85,-111.30,23.57,90.69,
01/01/2000,00:00:07.52,361.33,-2000.00,-40.04,250.13,-87.69,91.77,-24.00,-75.15,-109.35,23.57,90.66,
01/01/2000,00:00:07.53,282.71,-2000.00,-87.40,250.13,-103.21,92.52,-24.00,-75.15,-109.35,23.48,90.67,
01/01/2000,00:00:07.54,181.64,-2000.00,-128.42,250.13,-119.59,92.34,-21.45,-75.45,-104.25,23.57,90.69,
01/01/2000,00:00:07.55,140.14,-2000.00,-148.93,250.13,-126.09,90.44,-22.05,-75.60,-104.10,23.57,90.72,
01/01/2000,00:00:07.56,133.30,-2000.00,-137.21,250.13,-135.26,88.21,-19.80,-73.80,-100.50,23.62,90.73,
01/01/2000,00:00:07.57,172.85,-2000.00,-151.37,250.13,-157.81,99.10,-20.10,-75.90,-97.80,23.57,90.70,
01/01/2000,00:00:07.58,51.76,-2000.00,-151.37,250.13,-172.51,102.37,-20.10,-75.90,-97.80,23.48,90.72,
01/01/2000,00:00:07.59,-104.49,-2000.00,-179.69,250.13,-178.83,94.50,-16.50,-71.55,-91.05,23.43,90.73,
01/01/2000,00:00:07.60,-193.36,-2000.00,-209.96,249.70,-174.96,88.37,-18.00,-71.85,-88.20,23.43,90.76,
01/01/2000,00:00:07.61,-267.09,-2000.00,-240.72,247.08,-171.04,75.02,-18.00,-71.85,-88.20,23.57,90.79,
01/01/2000,00:00:07.63,-349.61,-1991.21,-283.69,243.50,-155.53,65.54,-18.15,-70.95,-83.25,23.43,90.75,
01/01/2000,00:00:07.64,-362.30,-1987.79,-338.38,236.45,-142.58,58.30,-18.15,-70.95,-83.25,23.43,90.76,
01/01/2000,00:00:07.65,-378.91,-1987.79,-403.81,235.03,-130.15,52.89,-17.85,-68.70,-80.10,23.43,90.79,
01/01/2000,00:00:07.65,-324.71,-1938.48,-459.47,225.52,-118.41,56.34,-18.15,-66.30,-78.60,23.43,90.81,
01/01/2000,00:00:07.66,-283.69,-1954.10,-508.30,221.98,-112.56,56.19,-17.70,-65.85,-76.65,23.43,90.84,
01/01/2000,00:00:07.68,-257.81,-1942.87,-600.59,213.21,-98.14,40.79,-18.00,-65.40,-74.40,23.57,90.79,
01/01/2000,00:00:07.69,-219.73,-1896.00,-675.78,204.08,-90.47,25.48,-19.35,-63.00,-73.20,23.62,90.81,
01/01/2000,00:00:07.70,-237.79,-1873.05,-728.03,193.59,-81.71,26.68,-19.35,-63.00,-73.20,23.76,90.84,
01/01/2000,00:00:07.71,-264.16,-1821.78,-787.11,180.23,-74.62,22.96,-17.70,-60.90,-71.25,23.57,90.85,
01/01/2000,00:00:07.72,-197.75,-1825.20,-818.36,170.47,-62.50,14.62,-18.90,-59.85,-69.90,23.57,90.88,
01/01/2000,00:00:07.73,-151.86,-1759.28,-883.79,149.95,-50.29,7.80,-19.50,-58.65,-66.90,23.48,90.84,
01/01/2000,00:00:07.74,-113.28,-1735.35,-908.20,136.73,-45.40,7.28,-19.65,-56.85,-66.30,23.57,90.85,
01/01/2000,00:00:07.75,-34.18,-1697.27,-963.87,121.56,-41.00,5.79,-19.65,-56.85,-66.30,23.29,90.88,
01/01/2000,00:00:07.76,5.37,-1696.29,-997.07,107.70,-36.69,4.98,-19.65,-56.85,-66.30,23.57,90.89,
01/01/2000,00:00:07.77,65.43,-1725.59,-1075.20,92.66,-34.70,0.01,-20.40,-54.15,-64.95,23.43,90.92,
01/01/2000,00:00:07.78,70.80,-1817.87,-1151.37,64.66,-36.97,-3.18,-19.80,-54.45,-64.65,23.57,90.88,
01/01/2000,00:00:07.79,85.94,-1802.25,-1174.80,45.22,-38.98,-7.80,-20.10,-53.85,-62.70,23.76,90.89,
01/01/2000,00:00:07.80,30.76,-1752.93,-1190.43,25.71,-40.56,-6.59,-20.10,-53.85,-62.70,23.57,90.92,
01/01/2000,00:00:07.81,-46.39,-1713.87,-1172.85,6.34,-35.44,-1.02,-20.10,-53.85,-62.70,23.57,90.95,
01/01/2000,00:00:07.82,-73.73,-1691.41,-1173.83,-15.14,-28.46,4.45,-20.70,-52.35,-62.70,23.43,90.97,
01/01/2000,00:00:07.83,-136.72,-1611.82,-1106.93,-42.38,-17.20,9.79,-21.90,-54.60,-63.15,23.48,90.92,
01/01/2000,00:00:07.84,-166.99,-1550.78,-1063.48,-59.26,-6.28,8.47,-21.15,-53.85,-61.95,23.33,90.95,
01/01/2000,00:00:07.85,-237.30,-1520.02,-1012.21,-73.47,5.05,5.46,-21.75,-55.50,-62.55,23.29,90.97,
01/01/2000,00:00:07.86,-248.54,-1512.21,-979.98,-82.68,17.28,-0.53,-21.75,-55.50,-62.55,23.62,90.99,
01/01/2000,00:00:07.87,-264.65,-1491.21,-931.15,-97.02,26.63,-7.92,-21.00,-55.50,-62.55,23.48,91.01,
01/01/2000,00:00:07.89,-306.64,-1584.47,-876.46,-116.60,39.84,-13.77,-21.45,-55.05,-64.95,23.57,90.98,
01/01/2000,00:00:07.90,-342.77,-1614.75,-825.20,-132.97,51.56,-25.58,-22.05,-56.25,-64.65,23.57,90.99,
01/01/2000,00:00:07.91,-346.68,-1613.77,-769.04,-141.66,59.65,-24.60,-19.80,-56.25,-65.10,23.62,91.01,
01/01/2000,00:00:07.91,-347.66,-1625.49,-720.21,-155.82,65.76,-23.21,-20.40,-58.80,-66.30,23.57,91.03,
01/01/2000,00:00:07.95,-413.09,-1845.70,-582.03,-193.16,84.95,-20.27,-19.50,-60.90,-67.65,23.57,90.76,
01/01/2000,00:00:07.97,-430.66,-2000.00,-503.91,-212.34,103.04,-30.65,-18.90,-62.25,-71.10,23.67,90.61,
01/01/2000,00:00:07.98,-441.41,-2000.00,-453.61,-220.07,103.10,-32.13,-18.90,-62.25,-71.10,23.43,90.62,
01/01/2000,00:00:07.99,-459.47,-2000.00,-422.85,-227.92,101.83,-33.79,-17.85,-64.80,-75.30,23.57,90.63,
01/01/2000,00:00:08.00,-468.26,-2000.00,-386.23,-240.98,95.09,-25.93,-17.70,-68.10,-77.40,23.62,90.66,
01/01/2000,00:00:08.01,-591.31,-2000.00,-394.04,-250.14,88.58,-14.95,-19.05,-68.85,-80.25,23.57,90.68,
01/01/2000,00:00:08.02,-858.89,-2000.00,-339.36,-250.14,94.78,-4.48,-17.85,-69.00,-80.85,23.48,90.65,
01/01/2000,00:00:08.03,-958.01,-2000.00,-226.56,-250.14,107.02,-9.62,-17.85,-69.00,-80.85,23.43,90.66,
01/01/2000,00:00:08.04,-939.45,-2000.00,-145.02,-250.14,121.00,-12.11,-17.70,-70.35,-86.40,23.57,90.68,
01/01/2000,00:00:08.05,-854.00,-2000.00,-5.86,-250.14,126.76,-8.20,-18.45,-70.35,-88.95,23.24,90.71,
01/01/2000,00:00:08.06,-705.57,-2000.00,207.52,-250.14,116.78,1.29,-16.50,-72.30,-89.55,23.48,90.67,
01/01/2000,00:00:08.07,-638.18,-2000.00,312.50,-250.14,110.10,14.51,-18.15,-72.45,-91.95,23.29,90.69,
01/01/2000,00:00:08.08,-637.70,-2000.00,284.67,-250.14,100.27,15.80,-18.00,-73.35,-95.70,23.43,90.71,
01/01/2000,00:00:08.09,-657.71,-2000.00,396.00,-250.14,87.79,23.15,-18.00,-73.35,-95.70,23.67,90.73,
01/01/2000,00:00:08.10,-686.52,-2000.00,411.62,-250.14,85.94,32.04,-17.25,-72.60,-102.60,23.57,90.75,
01/01/2000,00:00:08.12,-696.78,-1963.38,401.37,-250.14,88.58,41.53,-17.85,-72.00,-107.55,23.62,90.71,
01/01/2000,00:00:08.12,-649.41,-1860.84,434.57,-250.14,94.10,39.99,-17.55,-71.25,-109.65,23.33,90.73,
01/01/2000,00:00:08.13,-508.30,-1680.18,503.91,-250.14,95.44,37.21,-17.10,-70.95,-112.20,23.57,90.75,
01/01/2000,00:00:08.14,-328.12,-1485.84,552.73,-250.14,90.50,42.53,-17.10,-70.95,-112.20,23.29,90.78,
01/01/2000,00:00:08.15,-221.68,-1241.21,607.42,-250.14,79.27,45.97,-17.10,-70.95,-112.20,23.62,90.79,
01/01/2000,00:00:08.17,-175.78,-916.02,615.72,-250.14,61.23,48.26,-16.05,-69.00,-118.65,23.57,90.76,
01/01/2000,00:00:08.18,-125.49,-839.84,571.29,-250.14,49.90,49.47,-16.20,-66.90,-120.00,23.57,90.78,
01/01/2000,00:00:08.19,-153.32,-805.18,492.68,-250.14,38.53,42.17,-16.80,-66.30,-122.25,23.57,90.79,
01/01/2000,00:00:08.20,-193.36,-704.59,421.88,-240.28,31.98,44.43,-16.80,-66.30,-122.25,23.62,90.82,
01/01/2000,00:00:08.20,-180.66,-668.46,351.07,-221.18,25.23,56.42,-16.80,-66.30,-122.25,23.62,90.83,
01/01/2000,00:00:08.22,-153.81,-666.50,239.75,-203.38,19.86,64.46,-16.50,-62.40,-126.45,23.57,90.80,
01/01/2000,00:00:08.23,-102.05,-634.28,164.55,-186.80,13.84,60.47,-16.80,-61.50,-128.10,23.48,90.82,
01/01/2000,00:00:08.24,-46.39,-614.75,110.35,-172.08,12.71,48.07,-16.35,-60.75,-128.10,23.48,90.83,
01/01/2000,00:00:08.25,133.30,-586.91,40.04,-158.40,4.67,49.76,-16.50,-58.65,-130.35,23.62,90.86,
01/01/2000,00:00:08.26,181.64,-512.21,8.79,-143.08,-16.07,58.02,-16.50,-58.65,-130.35,23.62,90.88,
01/01/2000,00:00:08.27,114.26,-471.19,-33.69,-130.71,-32.10,73.66,-16.35,-56.85,-130.95,23.67,90.90,
01/01/2000,00:00:08.28,-88.87,-393.55,-104.49,-116.93,-34.85,62.27,-14.70,-54.75,-131.85,23.67,90.86,
01/01/2000,00:00:08.29,-72.27,-415.04,-180.18,-102.08,-32.97,59.40,-14.25,-55.80,-130.20,23.48,90.88,
01/01/2000,00:00:08.30,-65.92,-439.94,-250.00,-94.06,-30.61,60.14,-13.50,-52.35,-129.90,23.43,90.90,
01/01/2000,00:00:08.31,-97.17,-471.68,-319.34,-86.87,-30.63,58.95,-13.65,-53.70,-131.85,23.57,90.92,
01/01/2000,00:00:08.32,-116.21,-458.01,-371.09,-78.77,-22.82,54.60,-13.65,-53.70,-131.85,23.33,90.94,
01/01/2000,00:00:08.33,53.22,-521.48,-458.98,-67.98,-18.02,60.76,-13.95,-50.55,-130.80,23.48,90.91,
01/01/2000,00:00:08.34,60.06,-481.93,-467.77,-68.93,-23.80,72.44,-12.30,-50.10,-131.25,23.62,90.92,
01/01/2000,00:00:08.35,-41.99,-471.19,-512.21,-67.08,-25.23,77.97,-13.05,-49.65,-133.05,23.48,90.94,
01/01/2000,00:00:08.36,-152.83,-463.38,-575.20,-66.41,-14.60,73.46,-13.05,-49.65,-133.05,23.43,90.96,
01/01/2000,00:00:08.37,-246.58,-489.75,-633.30,-63.24,-0.59,71.79,-13.05,-49.65,-133.05,23.62,90.97,
01/01/2000,00:00:08.38,-289.06,-492.19,-679.69,-65.24,34.56,40.53,-12.30,-48.60,-131.25,23.43,90.95,
01/01/2000,00:00:08.39,-248.05,-476.56,-716.31,-71.15,56.05,27.16,-12.30,-46.95,-133.05,23.48,90.96,
01/01/2000,00:00:08.40,-175.78,-537.11,-737.30,-65.02,76.63,21.79,-11.10,-46.50,-133.95,23.33,90.97,
01/01/2000,00:00:08.41,-170.90,-472.17,-710.45,-61.82,96.56,13.77,-12.15,-46.05,-135.15,23.57,91.00,
01/01/2000,00:00:08.42,-137.70,-421.39,-690.43,-59.28,113.72,-1.02,-12.15,-46.05,-135.15,23.43,91.02,
01/01/2000,00:00:08.46,311.04,-116.21,-548.34,-52.01,91.40,14.82,-15.45,-43.35,-135.45,23.48,90.64,
01/01/2000,00:00:08.48,249.02,-97.66,-513.67,-39.29,79.59,33.52,-15.60,-44.40,-136.35,23.14,90.62,
01/01/2000,00:00:08.49,278.32,-116.70,-304.69,-23.34,76.25,36.09,-15.60,-44.40,-136.35,23.43,90.64,
01/01/2000,00:00:08.50,287.11,-178.22,-757.81,-6.78,83.34,27.77,-17.70,-42.60,-136.95,23.43,90.65,
01/01/2000,00:00:08.50,415.04,-99.61,-648.93,-6.87,72.25,17.43,-18.15,-42.00,-137.10,23.57,90.68,
01/01/2000,00:00:08.52,416.99,-122.56,-616.70,-0.56,47.40,-5.52,-18.60,-43.65,-137.10,23.57,90.64,
01/01/2000,00:00:08.53,472.66,-74.22,-609.38,2.91,33.78,-0.96,-18.15,-42.45,-138.15,23.43,90.66,
01/01/2000,00:00:08.54,365.72,-150.88,-624.02,6.89,16.40,0.76,-18.15,-42.45,-138.15,23.57,90.68,
01/01/2000,00:00:08.55,333.01,-110.35,-652.34,11.07,8.50,-2.91,-19.35,-42.45,-138.90,23.33,90.69,
01/01/2000,00:00:08.56,320.31,-96.19,-691.89,12.31,-1.45,-2.73,-20.40,-42.00,-137.85,23.29,90.72,
01/01/2000,00:00:08.57,270.51,-124.51,-709.47,18.74,-12.44,3.58,-19.65,-43.65,-137.85,23.62,90.68,
01/01/2000,00:00:08.58,255.86,-115.72,-737.30,17.36,-15.25,-13.99,-18.90,-43.95,-138.15,23.62,90.70,
01/01/2000,00:00:08.59,261.23,-104.00,-752.44,14.77,-23.96,-20.72,-18.90,-43.95,-138.15,23.33,90.72,
01/01/2000,00:00:08.60,251.46,-101.07,-804.20,19.60,-28.66,-20.50,-18.90,-43.95,-138.15,23.48,90.73,
01/01/2000,00:00:08.61,182.62,-151.86,-820.31,18.34,-33.91,-16.92,-19.35,-43.65,-138.15,23.57,90.76,
01/01/2000,00:00:08.62,161.62,-201.66,-869.63,19.01,-31.14,-9.24,-18.00,-44.55,-135.75,23.14,90.72,
01/01/2000,00:00:08.63,41.02,-183.59,-890.62,13.73,-31.82,-9.92,-19.50,-44.10,-136.50,23.57,90.73,
01/01/2000,00:00:08.64,26.86,-175.29,-906.25,11.07,-24.55,-6.14,-18.45,-44.55,-136.95,23.33,90.76,
01/01/2000,00:00:08.65,142.09,-112.79,-876.95,6.58,-25.70,6.76,-18.45,-44.55,-136.95,23.76,90.77,
01/01/2000,00:00:08.66,82.03,-60.55,-863.77,1.82,-27.27,21.72,-18.15,-43.65,-137.85,23.57,90.80,
01/01/2000,00:00:08.67,39.55,-46.39,-852.54,6.73,-22.98,34.48,-18.90,-44.70,-137.40,23.48,90.76,
01/01/2000,00:00:08.68,73.73,-51.27,-851.56,11.24,-15.40,27.11,-18.00,-44.85,-137.25,23.57,90.78,
01/01/2000,00:00:08.69,153.81,-49.32,-853.03,15.05,-12.85,13.47,-16.35,-45.90,-137.85,23.57,90.80,
01/01/2000,00:00:08.70,264.16,-54.69,-851.56,19.00,-16.34,11.15,-16.35,-45.90,-137.85,23.43,90.82,
01/01/2000,00:00:08.71,427.73,-78.61,-846.19,17.22,-30.94,22.15,-16.35,-45.90,-137.85,23.57,90.83,
01/01/2000,00:00:08.73,162.11,-44.92,-796.39,12.37,-50.44,38.13,-17.70,-45.30,-138.00,23.43,90.81,
01/01/2000,00:00:08.74,-1.95,-134.77,-905.76,11.79,-45.30,31.49,-16.95,-44.10,-136.20,23.57,90.82,
01/01/2000,00:00:08.75,-94.24,-126.95,-938.48,9.42,-28.66,15.92,-17.25,-43.35,-135.45,23.57,90.84,
01/01/2000,00:00:08.75,-57.62,-58.11,-938.48,8.94,-12.44,0.15,-17.25,-43.35,-135.45,23.76,90.86,
01/01/2000,00:00:08.76,11.72,-11.23,-871.09,13.94,-0.32,-23.72,-17.25,-43.35,-135.45,23.33,90.87,
01/01/2000,00:00:08.78,75.68,29.79,-821.78,25.04,19.21,-48.32,-14.55,-44.40,-134.55,23.48,90.85,
01/01/2000,00:00:08.79,249.51,18.07,-834.47,30.18,17.68,-64.77,-16.80,-44.40,-137.10,23.48,90.86,
01/01/2000,00:00:08.80,228.03,-66.41,-860.84,27.22,9.66,-62.44,-14.85,-43.20,-136.35,23.57,90.88,
01/01/2000,00:00:08.81,228.03,-113.28,-917.48,21.75,-2.30,-41.27,-16.95,-46.50,-136.20,23.33,90.90,
01/01/2000,00:00:08.82,194.34,-114.75,-991.70,18.46,-15.43,-8.73,-16.95,-46.50,-136.20,23.62,90.92,
01/01/2000,00:00:08.83,-21.48,-190.92,-1086.91,5.41,-15.95,12.65,-17.10,-45.90,-135.30,23.76,90.88,
01/01/2000,00:00:08.84,-107.42,-174.80,-1087.89,0.73,-3.94,15.15,-17.70,-46.50,-135.75,23.43,90.90,
01/01/2000,00:00:08.85,-77.15,-217.29,-1122.07,-5.01,11.47,12.69,-16.50,-46.80,-135.15,23.57,90.92,
01/01/2000,00:00:08.86,204.10,-309.57,-997.07,-11.53,19.18,2.28,-17.10,-46.65,-136.65,23.43,90.93,
01/01/2000,00:00:08.87,358.89,-126.95,-1020.51,-29.76,-11.61,-14.43,-15.60,-46.20,-135.60,23.48,90.96,
01/01/2000,00:00:08.88,305.18,28.81,-971.19,-11.03,4.53,-18.56,-15.60,-46.20,-135.60,23.43,90.97,
01/01/2000,00:00:08.89,171.39,-50.29,-1041.99,0.24,19.41,-52.82,-16.35,-45.45,-135.30,23.57,90.95,
01/01/2000,00:00:08.90,-28.32,-47.36,-1159.18,13.11,50.13,-48.76,-16.50,-46.50,-138.00,23.62,90.96,
01/01/2000,00:00:08.91,98.14,-246.09,-766.60,6.35,8.04,-50.31,-16.80,-44.70,-137.10,23.14,90.97,
01/01/2000,00:00:08.92,282.71,-245.61,-727.54,-2.05,22.64,-52.70,-16.80,-46.20,-136.05,23.57,90.99,
01/01/2000,00:00:08.93,-238.77,-214.36,-1184.08,2.69,72.56,-22.34,-16.80,-46.20,-136.05,23.62,91.02,
01/01/2000,00:00:08.99,250.49,-136.72,-1027.83,-22.38,58.08,-19.01,-21.30,-46.80,-137.55,23.24,90.41,
01/01/2000,00:00:09.01,263.18,-14.65,-1024.41,-29.08,43.93,-33.56,-22.65,-46.95,-137.85,23.43,90.37,
01/01/2000,00:00:09.01,271.48,3.91,-999.02,-25.67,40.62,-33.72,-22.95,-46.65,-139.20,23.48,90.40,
01/01/2000,00:00:09.02,313.96,16.11,-1001.46,-23.93,34.31,-38.70,-23.55,-46.05,-138.30,23.62,90.41,
01/01/2000,00:00:09.03,331.54,1.46,-1010.74,-20.54,29.53,-36.89,-24.30,-46.05,-139.50,23.57,90.44,
01/01/2000,00:00:09.05,265.62,-39.55,-1032.23,-16.53,27.08,-31.45,-24.45,-46.65,-138.15,23.43,90.40,
01/01/2000,00:00:09.06,191.89,-87.89,-1081.54,-20.67,29.95,-31.21,-25.50,-46.65,-138.15,23.81,90.41,
01/01/2000,00:00:09.07,83.98,-114.26,-1116.70,-16.96,34.07,-29.18,-25.50,-46.65,-138.15,23.62,90.44,
01/01/2000,00:00:09.08,56.15,-105.47,-1061.04,-14.40,47.73,-37.89,-23.70,-46.20,-137.85,23.33,90.45,
01/01/2000,00:00:09.09,60.55,-156.25,-1065.43,-1.22,82.02,-35.20,-24.00,-45.15,-138.90,23.57,90.47,
01/01/2000,00:00:09.10,130.37,-87.40,-965.33,-3.00,73.60,-47.48,-24.45,-45.90,-139.20,23.57,90.44,
01/01/2000,00:00:09.11,149.90,-92.77,-1010.74,6.12,87.97,-34.28,-26.40,-46.50,-140.10,23.33,90.46,
01/01/2000,00:00:09.12,359.86,-125.49,-1074.71,3.89,66.22,-37.18,-28.20,-45.30,-140.55,23.48,90.48,
01/01/2000,00:00:09.13,312.50,-163.09,-992.19,10.19,59.54,-3.76,-27.60,-44.55,-139.05,23.57,90.50,
01/01/2000,00:00:09.14,490.23,46.88,-922.36,8.44,31.83,-4.42,-28.20,-46.80,-140.10,23.48,90.51,
01/01/2000,00:00:09.15,105.96,-437.99,-1197.27,12.35,31.93,30.96,-29.55,-45.90,-138.90,23.29,90.49,
01/01/2000,00:00:09.16,73.24,-277.83,-1106.45,7.12,19.69,44.39,-29.55,-45.90,-138.90,23.57,90.50,
01/01/2000,00:00:09.17,-48.34,-412.60,-1035.64,-5.89,-0.17,21.11,-28.50,-46.20,-139.65,23.33,90.51,
01/01/2000,00:00:09.18,-4.88,-557.13,-1139.16,-11.31,15.83,20.76,-27.90,-46.50,-140.10,23.57,90.54,
01/01/2000,00:00:09.19,46.88,-510.25,-1135.25,-22.09,28.93,14.28,-28.95,-48.30,-139.80,23.62,90.55,
01/01/2000,00:00:09.20,137.21,-439.45,-1055.66,-31.16,36.69,23.38,-28.05,-45.45,-139.95,23.62,90.53,
01/01/2000,00:00:09.21,216.31,-351.07,-1002.93,-32.85,41.56,31.39,-28.05,-45.45,-139.95,23.33,90.54,
01/01/2000,00:00:09.22,556.15,-218.26,-878.42,-36.76,35.10,24.95,-28.80,-45.45,-139.95,23.67,90.55,
01/01/2000,00:00:09.23,306.15,-252.93,-936.52,-27.60,31.93,39.86,-27.90,-44.85,-140.85,23.57,90.57,
01/01/2000,00:00:09.24,479.00,41.02,-762.70,-34.51,24.73,12.27,-29.55,-44.70,-138.90,23.62,90.60,
01/01/2000,00:00:09.26,475.59,-135.25,-881.84,-20.88,21.56,29.05,-30.30,-44.70,-141.00,23.57,90.56,
01/01/2000,00:00:09.26,354.98,-154.30,-865.23,-20.79,23.58,41.33,-30.30,-44.70,-141.00,23.81,90.58,
01/01/2000,00:00:09.27,235.35,-229.00,-909.67,-24.51,11.97,24.55,-29.25,-43.95,-140.70,23.57,90.60,
01/01/2000,00:00:09.28,285.16,-183.11,-909.18,-25.55,21.60,17.79,-29.70,-43.05,-140.10,23.43,90.61,
01/01/2000,00:00:09.29,258.30,-247.56,-910.16,-26.73,25.04,15.31,-29.40,-43.80,-140.85,23.57,90.63,
01/01/2000,00:00:09.31,290.04,-242.68,-929.20,-21.40,41.64,-3.21,-32.25,-42.30,-140.55,23.67,90.60,
01/01/2000,00:00:09.32,354.98,-251.95,-916.50,-15.61,46.12,-7.31,-30.45,-43.80,-141.30,23.24,90.61,
01/01/2000,00:00:09.33,414.55,-333.50,-940.92,-11.46,49.02,-1.95,-30.45,-43.80,-141.30,23.43,90.64,
01/01/2000,00:00:09.34,479.49,-300.78,-906.74,-13.86,45.45,5.81,-31.05,-43.20,-142.50,23.67,90.65,
01/01/2000,00:00:09.35,498.05,-221.19,-873.54,-15.23,37.28,18.05,-31.95,-43.80,-141.30,23.67,90.67,
01/01/2000,00:00:09.36,424.32,-139.16,-816.41,-10.63,30.40,40.28,-31.20,-43.35,-140.55,23.48,90.64,
01/01/2000,00:00:09.37,455.57,-90.82,-870.12,-9.95,27.57,41.10,-33.00,-43.05,-140.10,23.57,90.65,
01/01/2000,00:00:09.38,323.24,-149.41,-824.22,-13.81,22.22,58.08,-33.00,-43.05,-140.10,23.57,90.67,
01/01/2000,00:00:09.39,422.85,-291.02,-823.24,-18.49,0.63,34.14,-33.00,-43.05,-140.10,23.57,90.69,
01/01/2000,00:00:09.40,456.54,-83.01,-751.95,-11.71,3.98,41.39,-32.25,-42.30,-140.85,23.62,90.71,
01/01/2000,00:00:09.41,431.15,-109.38,-750.00,-7.48,-1.13,47.27,-33.75,-44.55,-139.50,23.57,90.67,
01/01/2000,00:00:09.42,433.11,-90.33,-729.98,-4.64,-0.53,46.96,-33.00,-42.30,-141.30,23.29,90.69,
01/01/2000,00:00:09.43,478.03,-61.52,-720.21,-5.22,-2.53,50.98,-33.00,-42.30,-141.30,23.43,90.71,
01/01/2000,00:00:09.44,571.29,-32.71,-672.36,0.06,-14.69,64.10,-33.00,-42.30,-141.30,23.48,90.73,
01/01/2000,00:00:09.45,638.18,26.37,-673.34,3.57,-37.04,95.06,-32.10,-42.00,-141.45,23.62,90.74,
01/01/2000,00:00:09.49,190.43,-242.19,-671.39,14.65,-62.14,159.25,-29.70,-42.30,-140.55,23.57,90.42,
01/01/2000,00:00:09.50,198.73,-236.33,-836.43,-6.08,-77.95,112.31,-27.75,-43.20,-139.95,23.29,90.40,
01/01/2000,00:00:09.51,454.59,-111.33,-863.77,-7.40,-68.99,89.14,-27.30,-41.70,-141.00,23.67,90.41,
01/01/2000,00:00:09.52,519.53,-43.46,-797.85,0.79,-71.53,86.25,-26.85,-42.30,-141.30,23.62,90.43,
01/01/2000,00:00:09.53,537.60,-74.22,-834.47,6.05,-84.91,95.12,-26.10,-41.55,-141.90,23.29,90.45,
01/01/2000,00:00:09.54,557.13,-86.91,-846.19,13.63,-91.33,126.22,-24.75,-41.25,-139.95,23.62,90.46,
01/01/2000,00:00:09.55,469.24,-156.25,-891.11,10.18,-105.16,162.61,-24.75,-41.25,-139.95,23.81,90.43,
01/01/2000,00:00:09.56,411.62,-236.82,-948.24,14.13,-113.41,171.55,-23.85,-40.80,-140.85,23.48,90.45,
01/01/2000,00:00:09.57,335.94,-296.39,-948.24,13.14,-115.31,168.10,-23.10,-43.05,-140.10,23.33,90.47,
01/01/2000,00:00:09.58,178.71,-193.85,-1000.49,13.73,-108.89,151.79,-22.35,-42.30,-139.50,23.57,90.49,
01/01/2000,00:00:09.59,151.86,-161.62,-947.27,17.91,-96.27,125.01,-19.50,-41.55,-139.50,23.57,90.50,
01/01/2000,00:00:09.61,194.34,-217.77,-1007.32,17.39,-93.50,106.35,-19.50,-41.55,-139.50,23.67,90.47,
01/01/2000,00:00:09.62,223.63,-182.62,-1021.48,17.73,-98.67,107.80,-19.50,-41.55,-139.50,23.57,90.49,
01/01/2000,00:00:09.63,197.27,-166.02,-1029.30,19.11,-103.89,115.37,-18.00,-40.35,-138.30,23.62,90.50,
01/01/2000,00:00:09.63,206.54,-209.96,-1023.44,19.65,-113.30,115.57,-17.70,-41.10,-136.95,23.29,90.52,
01/01/2000,00:00:09.64,168.46,-245.61,-1025.88,20.63,-130.29,117.16,-16.50,-41.10,-138.00,23.67,90.54,
01/01/2000,00:00:09.66,-46.39,-344.73,-1064.45,30.22,-136.80,121.93,-15.45,-40.35,-136.50,23.67,90.51,
01/01/2000,00:00:09.67,-91.80,-435.06,-1131.35,36.46,-122.08,92.21,-12.30,-38.70,-135.30,23.57,90.53,
01/01/2000,00:00:09.68,-152.83,-483.40,-1143.07,37.14,-108.07,65.11,-12.15,-39.15,-134.70,23.57,90.54,
01/01/2000,00:00:09.69,-194.82,-475.10,-1148.93,35.89,-92.13,45.76,-10.35,-38.85,-134.70,23.57,90.56,
01/01/2000,00:00:09.70,-92.77,-445.31,-1108.89,29.18,-81.47,31.68,-10.05,-40.35,-133.35,23.67,90.53,
01/01/2000,00:00:09.71,-30.76,-471.19,-1091.80,20.79,-86.45,21.70,-8.85,-38.10,-132.90,23.81,90.54,
01/01/2000,00:00:09.72,45.90,-419.43,-1058.11,13.37,-88.97,4.68,-8.85,-38.10,-132.90,23.57,90.56,
01/01/2000,00:00:09.73,-40.04,-417.48,-1029.79,15.76,-94.82,0.73,-8.40,-39.45,-132.75,23.48,90.58,
01/01/2000,00:00:09.74,-42.48,-407.23,-1021.00,16.06,-98.62,7.05,-8.55,-40.05,-132.15,23.67,90.59,
01/01/2000,00:00:09.75,-83.98,-379.88,-999.02,13.34,-103.63,11.13,-8.10,-40.05,-132.90,23.57,90.62,
01/01/2000,00:00:09.76,-156.25,-398.44,-992.68,11.68,-101.33,8.46,-6.15,-39.45,-132.00,23.29,90.58,
01/01/2000,00:00:09.77,-208.98,-407.71,-968.26,14.53,-97.03,-15.27,-6.15,-39.45,-132.00,23.57,90.60,
01/01/2000,00:00:09.78,-153.81,-453.12,-973.63,16.90,-92.66,-31.17,-6.15,-39.45,-132.00,23.57,90.62,
01/01/2000,00:00:09.79,-187.50,-459.96,-951.17,22.52,-87.11,-38.04,-4.80,-39.60,-131.10,23.57,90.63,
01/01/2000,00:00:09.80,-315.92,-528.81,-981.45,22.70,-79.80,-35.78,-4.80,-40.35,-130.35,23.29,90.65,
01/01/2000,00:00:09.81,-437.50,-662.11,-1047.36,22.92,-63.53,-44.77,-3.60,-39.75,-128.10,23.67,90.62,
01/01/2000,00:00:09.82,-399.90,-726.56,-992.19,22.06,-55.99,-57.58,-3.60,-39.75,-128.10,23.29,90.63,
01/01/2000,00:00:09.83,-408.69,-714.84,-1000.49,13.95,-48.34,-57.31,-3.60,-39.75,-128.10,23.57,90.65,
01/01/2000,00:00:09.84,-395.02,-629.39,-906.74,9.60,-44.15,-60.61,-3.60,-42.00,-129.45,23.57,90.66,
01/01/2000,00:00:09.85,-457.52,-603.52,-891.11,5.03,-41.89,-52.33,-3.15,-42.45,-128.10,23.86,90.68,
01/01/2000,00:00:09.87,-479.00,-582.03,-825.20,2.24,-31.64,-66.05,-3.75,-41.55,-127.95,23.48,90.65,
01/01/2000,00:00:09.88,-474.61,-531.74,-777.83,-6.89,-23.74,-67.08,-3.15,-42.00,-127.35,23.62,90.67,
01/01/2000,00:00:09.89,-429.20,-482.91,-751.46,-10.61,-13.56,-70.78,-3.15,-42.00,-127.35,23.57,90.69,
01/01/2000,00:00:09.89,-301.27,-423.83,-701.17,-11.17,-6.64,-79.11,-2.85,-43.65,-128.40,23.57,90.71,
01/01/2000,00:00:09.90,-221.68,-360.84,-648.44,-10.60,-2.87,-79.95,-2.25,-43.35,-127.20,23.43,90.72,
01/01/2000,00:00:09.92,-234.38,-341.80,-678.71,-4.02,-9.13,-79.43,-2.85,-43.95,-126.30,23.62,90.69,
01/01/2000,00:00:09.93,-230.47,-396.97,-704.10,-5.62,-7.37,-78.27,-2.25,-44.10,-126.45,23.62,90.71,
01/01/2000,00:00:09.94,-220.21,-431.15,-711.91,-6.22,-9.38,-82.69,-3.00,-44.10,-126.75,23.67,90.72,
01/01/2000,00:00:09.95,-221.19,-487.30,-740.72,-5.92,-1.35,-88.88,-3.00,-44.10,-126.75,23.48,90.74,
01/01/2000,00:00:09.96,-209.96,-510.74,-783.20,-7.64,4.53,-102.05,-4.65,-45.90,-128.10,23.96,90.75,
