rtcDate,rtcTime,aX,aY,aZ,gX,gY,gZ,mX,mY,mZ,imu_degC,output_Hz,
01/01/2000,00:00:01.46,154.30,450.20,-1019.04,4.47,69.94,-31.37,-3.15,-12.90,-118.65,24.72,333.33,
01/01/2000,00:00:01.51,-7.32,265.62,-843.26,17.12,45.38,-26.12,-3.75,-13.35,-123.15,24.91,37.74,
01/01/2000,00:00:01.53,-12.70,266.60,-834.47,16.08,19.20,-36.83,-3.75,-13.35,-123.15,25.06,44.78,
01/01/2000,00:00:01.54,85.94,614.75,-1037.60,13.15,7.87,-34.83,-4.80,-13.05,-121.05,24.39,52.63,
01/01/2000,00:00:01.55,414.55,574.22,-957.52,-6.76,25.09,-18.56,-5.55,-12.60,-121.35,24.72,58.14,
01/01/2000,00:00:01.56,314.45,573.73,-938.48,25.27,23.44,-2.85,-5.25,-12.30,-121.05,24.72,60.00,
01/01/2000,00:00:01.57,132.81,383.30,-843.26,3.52,4.34,10.33,-4.50,-15.30,-124.95,24.87,64.22,
01/01/2000,00:00:01.58,83.50,329.59,-871.58,-13.04,5.40,22.55,-4.50,-15.30,-124.95,24.72,67.23,
01/01/2000,00:00:01.59,85.94,266.11,-819.82,-28.97,5.12,24.93,-4.50,-15.30,-124.95,24.72,70.31,
01/01/2000,00:00:01.60,-94.24,230.96,-857.91,-30.50,4.64,9.98,-6.00,-15.75,-124.20,24.82,72.46,
01/01/2000,00:00:01.62,133.79,385.74,-922.85,-63.94,-8.86,26.74,-5.25,-13.35,-122.85,24.53,72.37,
01/01/2000,00:00:01.63,141.60,359.38,-896.48,-47.10,-30.05,35.28,-4.65,-10.95,-121.50,24.91,74.53,
01/01/2000,00:00:01.64,20.51,479.00,-1078.61,-51.25,-70.03,24.89,-4.65,-10.95,-121.50,24.72,76.02,
01/01/2000,00:00:01.65,50.78,455.57,-1088.87,-32.80,-92.57,17.70,-5.55,-10.05,-122.40,24.63,77.78,
01/01/2000,00:00:01.66,42.97,462.89,-1037.60,-24.49,-93.28,3.98,-5.40,-12.45,-123.00,24.82,78.95,
01/01/2000,00:00:01.67,61.52,389.65,-916.02,-18.74,-77.02,4.24,-4.20,-10.35,-119.25,24.87,78.43,
01/01/2000,00:00:01.68,116.70,374.51,-848.63,-35.66,-58.66,19.36,-3.75,-10.35,-120.30,24.87,79.81,
01/01/2000,00:00:01.69,126.95,415.53,-848.63,-42.93,-45.04,32.47,-3.90,-9.45,-119.40,24.91,80.72,
01/01/2000,00:00:01.70,102.54,424.32,-854.49,-55.25,-41.00,38.62,-3.90,-9.45,-119.40,24.72,81.90,
01/01/2000,00:00:01.71,63.48,448.24,-883.30,-54.82,-45.50,40.13,-3.45,-9.60,-118.50,24.87,82.64,
01/01/2000,00:00:01.72,7.81,420.90,-872.56,-46.79,-59.69,34.73,-3.00,-10.05,-120.60,24.91,83.67,
01/01/2000,00:00:01.73,-10.74,404.79,-910.16,-35.01,-68.30,21.18,-2.85,-9.00,-118.35,24.91,83.02,
01/01/2000,00:00:01.74,-7.32,423.34,-903.81,-29.60,-56.31,9.37,-2.85,-9.00,-118.35,24.91,83.64,
01/01/2000,00:00:01.75,18.55,415.53,-856.93,-30.73,-47.89,7.98,-2.85,-9.00,-118.35,24.72,84.51,
01/01/2000,00:00:01.76,68.85,396.00,-838.38,-30.71,-29.68,10.80,-1.95,-10.05,-117.75,24.82,85.03,
01/01/2000,00:00:01.77,82.03,389.65,-837.40,-35.45,-20.19,13.53,-4.20,-6.90,-116.40,24.87,85.81,
01/01/2000,00:00:01.78,52.25,420.90,-862.30,-23.22,13.73,21.70,-4.35,-6.75,-115.05,24.82,85.17,
01/01/2000,00:00:01.80,41.50,446.78,-834.96,-17.38,27.80,27.44,-2.10,-9.45,-116.85,24.63,85.63,
01/01/2000,00:00:01.80,26.86,459.96,-815.92,-14.15,30.24,25.68,-2.10,-9.45,-116.85,24.63,86.31,
01/01/2000,00:00:01.82,14.65,454.59,-814.45,-10.71,25.34,21.03,-2.85,-7.95,-117.60,25.06,86.71,
01/01/2000,00:00:01.82,-23.93,469.24,-830.57,-9.79,15.53,11.03,-5.25,-6.60,-117.45,24.87,87.32,
01/01/2000,00:00:01.84,-30.27,471.68,-857.42,0.13,-0.84,1.82,-3.75,-9.30,-117.45,24.82,86.72,
01/01/2000,00:00:01.85,-0.98,443.85,-844.73,1.20,-9.97,-2.77,-6.30,-7.65,-115.95,25.06,87.07,
01/01/2000,00:00:01.86,21.00,444.34,-856.93,5.10,-8.90,-4.18,-6.30,-7.65,-115.95,24.72,87.63,
01/01/2000,00:00:01.87,62.01,453.61,-869.63,8.32,-0.21,-0.54,-6.00,-7.35,-115.95,25.01,87.94,
01/01/2000,00:00:01.88,85.94,452.64,-850.10,15.08,13.22,3.43,-2.85,-7.95,-117.30,25.15,88.45,
01/01/2000,00:00:01.89,93.26,454.59,-853.03,17.49,24.45,11.58,-3.90,-7.20,-115.80,24.82,88.73,
01/01/2000,00:00:01.90,81.54,463.38,-833.50,19.58,30.24,19.47,-3.15,-8.25,-117.90,25.01,88.17,
01/01/2000,00:00:01.91,49.80,486.33,-851.07,18.47,22.41,16.59,-4.80,-6.60,-115.20,24.82,88.64,
01/01/2000,00:00:01.92,43.46,459.47,-847.17,17.47,9.59,10.82,-4.80,-6.60,-115.20,24.87,88.89,
01/01/2000,00:00:01.93,38.09,447.27,-831.05,10.55,-2.08,5.24,-4.35,-7.20,-117.90,25.06,89.32,
01/01/2000,00:00:01.94,43.46,458.01,-861.33,12.99,-13.07,0.95,-3.60,-8.25,-117.60,24.87,89.55,
01/01/2000,00:00:01.96,71.78,435.55,-865.72,11.42,-17.50,-4.18,-5.10,-8.25,-117.30,24.91,89.03,
01/01/2000,00:00:01.97,84.96,434.08,-855.96,10.76,-18.44,-5.23,-5.10,-8.25,-117.30,25.01,89.43,
01/01/2000,00:00:01.97,78.12,424.80,-882.81,8.53,-11.32,1.89,-4.65,-7.95,-117.30,24.72,89.64,
01/01/2000,00:00:01.99,79.59,405.76,-885.25,7.32,-2.60,3.60,-5.10,-7.95,-117.90,25.01,90.02,
01/01/2000,00:00:02.01,53.22,417.97,-892.09,-3.59,15.63,-1.38,-3.60,-9.75,-116.55,24.72,86.56,
01/01/2000,00:00:02.03,44.43,426.27,-887.21,-18.02,6.74,-9.47,-3.75,-9.30,-117.00,25.06,84.96,
01/01/2000,00:00:02.04,28.32,438.96,-898.93,-24.19,-0.34,-13.34,-6.30,-6.90,-117.45,25.01,85.22,
01/01/2000,00:00:02.05,33.69,423.83,-901.86,-31.42,-2.30,-7.04,-4.20,-6.90,-117.00,24.87,85.62,
01/01/2000,00:00:02.06,46.39,459.47,-888.67,-37.63,-3.33,-4.15,-5.25,-9.30,-118.20,24.87,85.86,
01/01/2000,00:00:02.07,48.83,480.96,-888.67,-53.00,-7.56,6.65,-5.25,-9.30,-118.20,24.87,86.24,
01/01/2000,00:00:02.09,95.70,437.50,-923.34,-26.50,25.69,13.99,-4.80,-7.35,-114.90,25.15,85.48,
01/01/2000,00:00:02.10,64.45,466.80,-865.23,-12.97,28.68,5.66,-5.85,-7.50,-116.85,24.87,85.71,
01/01/2000,00:00:02.11,44.92,494.63,-894.04,-8.44,25.20,2.17,-3.90,-6.75,-115.80,24.91,85.94,
01/01/2000,00:00:02.12,3.91,504.39,-897.46,7.40,22.31,-8.92,-3.90,-8.25,-117.30,25.01,86.29,
01/01/2000,00:00:02.13,-17.09,498.05,-886.23,11.05,9.31,-20.90,-3.90,-8.25,-117.30,25.06,86.63,
01/01/2000,00:00:02.14,-0.98,502.93,-883.79,9.46,-0.60,-27.45,-4.80,-7.65,-117.00,25.06,86.83,
01/01/2000,00:00:02.15,38.57,525.88,-874.51,8.60,-2.39,-32.74,-6.30,-8.40,-115.65,24.87,86.51,
01/01/2000,00:00:02.16,76.66,536.13,-895.51,6.77,3.24,-25.88,-4.80,-8.10,-117.00,24.91,86.83,
01/01/2000,00:00:02.17,125.98,542.97,-889.65,9.64,10.95,-12.40,-3.60,-7.20,-116.55,24.87,87.02,
01/01/2000,00:00:02.18,158.69,527.34,-896.48,13.75,22.98,3.89,-3.60,-7.20,-116.55,24.82,87.32,
01/01/2000,00:00:02.19,184.08,526.37,-908.20,19.38,25.75,17.02,-4.65,-6.75,-115.80,25.01,87.50,
01/01/2000,00:00:02.20,149.41,508.30,-846.19,29.34,36.02,23.40,-5.10,-9.45,-118.65,24.91,87.19,
01/01/2000,00:00:02.21,57.13,468.26,-767.09,26.92,29.47,29.68,-6.30,-6.90,-116.40,25.01,87.48,
01/01/2000,00:00:02.22,29.79,520.02,-930.18,29.08,15.19,13.98,-4.80,-9.30,-118.50,25.06,87.65,
01/01/2000,00:00:02.23,-16.11,512.70,-964.84,39.78,1.15,-3.45,-5.85,-8.70,-116.10,25.06,87.93,
01/01/2000,00:00:02.24,-11.72,500.00,-969.73,48.73,-19.47,-17.25,-5.85,-8.70,-116.10,24.72,88.08,
01/01/2000,00:00:02.25,33.69,442.87,-928.71,51.16,-36.94,-33.36,-4.35,-10.50,-117.60,25.15,87.79,
01/01/2000,00:00:02.26,60.55,434.57,-959.96,46.29,-29.60,-28.66,-3.75,-9.60,-116.40,24.72,88.05,
01/01/2000,00:00:02.27,78.12,436.52,-949.71,31.81,-8.17,-14.33,-3.60,-11.70,-119.40,25.15,88.20,
01/01/2000,00:00:02.28,128.42,448.24,-979.49,21.58,12.10,2.60,-3.60,-11.70,-119.40,24.87,88.45,
01/01/2000,00:00:02.29,126.95,467.77,-984.86,15.77,37.79,18.63,-3.60,-11.70,-119.40,24.82,88.59,
01/01/2000,00:00:02.30,138.67,469.24,-957.52,13.31,58.60,30.64,-6.15,-12.45,-119.70,24.91,88.84,
01/01/2000,00:00:02.32,136.23,416.50,-915.04,-4.02,76.13,36.94,-3.75,-11.85,-118.50,24.87,88.55,
01/01/2000,00:00:02.33,115.23,386.72,-865.23,-5.15,57.77,28.72,-6.45,-8.25,-119.70,25.01,88.68,
01/01/2000,00:00:02.34,110.35,346.19,-852.05,-7.27,37.26,14.20,-5.40,-11.70,-120.90,25.15,88.91,
01/01/2000,00:00:02.35,105.96,334.96,-839.84,-4.21,21.35,4.93,-5.40,-11.70,-120.90,25.06,89.04,
01/01/2000,00:00:02.35,117.68,322.27,-815.43,-4.25,1.08,-4.03,-5.10,-10.95,-120.15,24.72,89.27,
01/01/2000,00:00:02.37,148.93,339.84,-824.71,-9.03,-8.85,-10.70,-6.15,-9.00,-119.40,25.06,88.99,
01/01/2000,00:00:02.38,148.44,375.49,-842.77,-11.76,-8.56,-7.11,-5.55,-10.35,-119.55,25.01,89.11,
01/01/2000,00:00:02.39,147.46,400.39,-869.14,-15.44,0.30,-5.11,-5.55,-8.40,-117.45,25.15,89.32,
01/01/2000,00:00:02.40,151.37,424.80,-848.14,-17.95,1.84,-3.56,-5.55,-8.40,-117.45,25.06,89.54,
01/01/2000,00:00:02.41,123.54,419.43,-838.38,-19.07,5.03,2.44,-4.50,-8.40,-120.30,25.06,89.65,
01/01/2000,00:00:02.42,84.47,399.90,-845.21,-19.87,5.63,1.10,-4.35,-9.75,-120.15,25.06,89.38,
01/01/2000,00:00:02.43,87.40,384.28,-855.47,-13.55,-1.39,2.31,-4.65,-7.20,-117.90,25.01,89.58,
01/01/2000,00:00:02.44,62.99,384.28,-877.44,-7.42,-7.58,-3.85,-5.10,-9.75,-122.70,25.01,89.69,
01/01/2000,00:00:02.45,51.27,398.93,-892.58,-4.63,-8.39,-4.97,-6.00,-6.90,-121.35,24.87,89.89,
01/01/2000,00:00:02.46,74.71,408.20,-902.83,-0.09,-18.69,-8.73,-6.00,-6.90,-121.35,25.01,89.99,
01/01/2000,00:00:02.47,96.68,409.67,-880.37,1.37,-19.51,-12.85,-7.35,-6.15,-122.85,25.01,90.18,
01/01/2000,00:00:02.48,100.59,405.76,-879.39,-1.48,-14.10,-8.56,-10.20,-6.00,-121.20,25.20,89.92,
01/01/2000,00:00:02.51,74.71,432.13,-916.50,0.73,12.50,7.79,-7.80,-9.30,-120.00,24.91,88.21,
01/01/2000,00:00:02.53,79.10,406.74,-882.32,3.55,9.11,9.17,-8.70,-8.25,-120.45,25.06,88.07,
01/01/2000,00:00:02.54,81.54,428.71,-896.00,5.31,6.27,7.31,-6.00,-8.85,-119.55,25.15,88.18,
01/01/2000,00:00:02.55,79.59,422.36,-896.48,5.76,3.18,9.88,-7.05,-9.60,-119.25,24.68,88.29,
01/01/2000,00:00:02.56,128.42,401.86,-881.35,9.16,0.71,6.08,-7.05,-9.60,-119.25,25.20,88.15,
01/01/2000,00:00:02.57,134.28,396.00,-859.38,9.03,0.98,10.19,-5.10,-12.15,-121.50,25.06,88.26,
01/01/2000,00:00:02.58,141.60,432.62,-885.25,6.06,3.61,6.45,-7.05,-11.55,-121.35,25.20,88.45,
01/01/2000,00:00:02.59,139.16,439.94,-875.98,9.95,0.17,11.19,-7.35,-10.05,-120.30,25.15,88.55,
01/01/2000,00:00:02.60,155.76,428.71,-842.77,6.88,-2.56,6.44,-7.20,-10.50,-120.15,25.06,88.73,
01/01/2000,00:00:02.61,120.61,447.75,-881.84,1.97,1.47,-0.67,-7.20,-10.50,-120.15,25.25,88.52,
01/01/2000,00:00:02.62,102.05,421.88,-867.68,-0.10,3.40,-7.20,-5.10,-9.75,-120.15,25.20,88.62,
01/01/2000,00:00:02.63,108.89,408.69,-853.03,-1.83,-3.40,-12.95,-4.50,-10.80,-121.05,25.01,88.79,
01/01/2000,00:00:02.64,104.00,427.25,-861.82,-5.41,-6.97,-16.36,-3.90,-10.20,-121.95,25.15,88.89,
01/01/2000,00:00:02.65,138.67,772.46,-428.22,-25.62,-22.30,-5.54,-5.55,-8.40,-120.30,25.06,89.06,
01/01/2000,00:00:02.66,48.83,323.73,-960.94,-48.67,-14.79,-3.81,-5.55,-8.40,-120.30,25.15,89.15,
01/01/2000,00:00:02.67,100.10,357.42,-896.48,-32.10,17.01,7.98,-5.55,-8.40,-120.30,25.15,88.94,
01/01/2000,00:00:02.68,156.74,396.00,-829.59,61.05,130.62,-3.25,-4.80,-6.90,-122.10,24.82,89.11,
01/01/2000,00:00:02.69,184.08,426.27,-846.19,20.76,106.79,38.94,-4.50,-6.90,-120.30,25.15,89.20,
01/01/2000,00:00:02.70,195.80,376.46,-888.18,-4.29,43.15,29.40,-7.05,-9.30,-124.65,25.20,89.36,
01/01/2000,00:00:02.71,152.83,362.79,-839.84,13.62,43.53,14.47,-6.15,-9.00,-124.05,25.06,89.44,
01/01/2000,00:00:02.73,139.16,395.02,-880.37,21.08,40.75,19.65,-6.15,-9.00,-124.05,25.15,89.24,
01/01/2000,00:00:02.74,164.55,430.66,-917.97,11.23,0.10,2.69,-8.70,-8.70,-123.30,25.01,89.40,
01/01/2000,00:00:02.74,180.18,438.96,-908.20,16.79,-20.29,-14.87,-8.85,-10.80,-126.45,25.15,89.48,
01/01/2000,00:00:02.75,171.88,416.99,-916.99,25.46,-26.98,-26.60,-9.60,-10.05,-124.20,25.06,89.63,
01/01/2000,00:00:02.76,179.69,427.73,-934.57,35.33,-27.80,-32.29,-9.00,-10.20,-125.85,25.06,89.71,
01/01/2000,00:00:02.78,212.89,419.92,-910.16,34.53,-29.31,-26.71,-9.00,-10.20,-125.85,25.15,89.52,
01/01/2000,00:00:02.79,216.31,406.25,-919.92,37.70,-25.02,-18.00,-8.40,-8.25,-123.00,24.87,89.60,
01/01/2000,00:00:02.80,195.31,402.83,-923.83,33.12,-18.02,-18.18,-6.45,-13.20,-124.05,24.91,89.74,
01/01/2000,00:00:02.81,176.27,406.74,-911.13,28.41,-5.35,-18.41,-7.35,-10.35,-122.40,25.06,89.89,
01/01/2000,00:00:02.82,153.32,406.74,-895.02,20.08,-0.53,-21.57,-7.65,-13.65,-125.55,25.15,89.96,
01/01/2000,00:00:02.83,132.81,384.28,-881.35,10.36,-6.09,-27.60,-7.65,-13.65,-125.55,25.35,89.77,
01/01/2000,00:00:02.84,116.21,360.35,-909.67,5.82,-10.06,-33.56,-7.80,-13.80,-124.65,25.06,89.85,
01/01/2000,00:00:02.85,115.23,356.93,-900.88,-0.44,-11.64,-40.13,-6.00,-12.30,-123.60,25.15,89.99,
01/01/2000,00:00:02.86,115.23,373.54,-875.00,-3.97,-16.34,-40.88,-5.10,-14.40,-125.55,25.01,90.06,
01/01/2000,00:00:02.87,130.37,365.23,-872.56,-7.67,-19.64,-38.83,-6.00,-13.05,-124.20,25.06,90.19,
01/01/2000,00:00:02.88,133.79,373.54,-873.05,-10.72,-13.67,-37.05,-6.00,-13.05,-124.20,25.06,90.01,
01/01/2000,00:00:02.89,126.46,375.49,-875.00,-14.26,-4.25,-36.75,-6.00,-13.05,-124.20,25.15,90.08,
01/01/2000,00:00:02.90,138.18,377.93,-897.46,-13.38,5.67,-34.21,-3.75,-14.55,-124.20,25.20,90.21,
01/01/2000,00:00:02.91,101.07,386.72,-878.91,-12.98,11.85,-33.76,-5.25,-13.35,-123.15,25.20,90.28,
01/01/2000,00:00:02.92,100.59,394.04,-886.23,-12.51,19.11,-28.54,-4.65,-14.40,-124.80,24.87,90.41,
01/01/2000,00:00:02.93,81.05,425.78,-866.21,-11.06,23.30,-22.27,-5.40,-12.90,-122.70,24.82,90.23,
01/01/2000,00:00:02.94,92.77,419.92,-889.16,-8.72,24.17,-21.08,-5.10,-12.15,-123.75,25.06,90.29,
01/01/2000,00:00:02.95,77.64,423.83,-906.25,-3.95,22.64,-17.98,-4.80,-14.85,-124.95,25.15,90.42,
01/01/2000,00:00:02.96,91.31,437.50,-893.55,2.37,14.18,-15.05,-6.15,-11.70,-122.70,24.72,90.48,
01/01/2000,00:00:02.97,112.79,465.33,-869.63,10.95,6.79,-18.96,-5.40,-12.90,-123.30,25.15,90.61,
01/01/2000,00:00:02.98,136.72,463.38,-873.05,13.35,-4.83,-12.40,-5.40,-12.90,-123.30,25.35,90.67,
01/01/2000,00:00:03.02,104.00,405.27,-847.66,18.80,-29.68,-18.67,-5.10,-13.65,-120.45,25.06,88.97,
01/01/2000,00:00:03.04,86.43,407.23,-885.74,21.08,-31.89,-11.72,-4.20,-14.55,-122.40,25.15,88.82,
01/01/2000,00:00:03.05,80.08,400.39,-902.34,23.17,-29.49,-7.15,-4.20,-14.55,-122.40,25.06,88.95,
01/01/2000,00:00:03.06,79.10,382.81,-899.41,22.05,-32.24,-5.15,-3.00,-14.10,-121.80,25.20,89.02,
01/01/2000,00:00:03.07,60.06,419.43,-933.59,22.37,-34.82,-1.36,-4.65,-12.15,-123.75,25.06,89.14,
01/01/2000,00:00:03.08,66.89,389.16,-942.38,20.85,-46.28,-1.80,-5.10,-13.95,-120.15,25.15,88.99,
01/01/2000,00:00:03.09,134.77,212.40,-1092.77,47.60,-27.98,-17.44,-5.10,-13.95,-120.15,24.91,89.05,
01/01/2000,00:00:03.10,16.11,474.12,-861.33,24.34,-43.39,7.07,-5.10,-13.95,-120.15,25.15,89.12,
01/01/2000,00:00:03.11,67.87,316.41,-957.52,8.78,-20.84,-2.53,-5.10,-13.95,-120.15,25.20,89.24,
01/01/2000,00:00:03.12,79.59,393.07,-951.17,20.95,-14.72,3.23,-3.15,-13.95,-121.50,25.15,89.36,
01/01/2000,00:00:03.14,31.74,337.40,-1076.66,-12.88,-17.31,-9.91,-3.90,-15.45,-121.20,25.39,89.00,
01/01/2000,00:00:03.14,15.14,300.78,-983.89,2.12,-4.60,-6.17,-2.70,-13.35,-121.80,25.15,89.11,
01/01/2000,00:00:03.15,-8.30,326.17,-968.26,13.64,10.15,-9.85,-2.70,-13.35,-121.80,25.15,89.18,
01/01/2000,00:00:03.16,21.48,318.36,-1031.74,4.05,9.13,-12.46,-3.75,-14.10,-122.40,25.25,89.30,
01/01/2000,00:00:03.17,8.30,331.54,-1015.14,6.68,24.47,-19.60,-1.50,-15.75,-122.40,25.20,89.36,
01/01/2000,00:00:03.19,-11.23,355.47,-1102.05,16.55,41.94,-28.86,-3.60,-15.15,-123.30,25.20,89.21,
01/01/2000,00:00:03.20,47.36,418.46,-1061.52,20.81,42.34,-36.66,-1.35,-16.65,-121.20,25.20,89.33,
01/01/2000,00:00:03.21,38.57,331.05,-959.47,31.76,34.21,-44.26,-1.35,-16.65,-121.20,25.01,89.39,
01/01/2000,00:00:03.22,16.11,173.34,-946.78,28.25,33.31,-44.03,-3.15,-16.65,-123.30,25.15,89.50,
01/01/2000,00:00:03.22,20.51,196.29,-867.68,36.24,21.24,-45.07,-3.60,-15.15,-122.70,24.91,89.56,
01/01/2000,00:00:03.24,194.34,321.29,-909.18,-9.69,52.23,-71.08,-3.45,-15.75,-123.60,25.01,89.42,
01/01/2000,00:00:03.25,204.10,444.34,-926.27,-4.42,84.60,-42.37,-3.15,-16.65,-122.70,25.15,89.53,
01/01/2000,00:00:03.26,156.74,303.22,-807.62,-13.88,80.24,-27.05,-3.15,-16.65,-122.70,25.15,89.59,
01/01/2000,00:00:03.27,157.23,401.86,-933.59,-18.69,72.64,-31.55,-2.25,-16.05,-123.90,25.15,89.69,
01/01/2000,00:00:03.28,168.95,373.54,-1018.55,-4.18,84.17,-25.16,-4.50,-16.80,-125.40,25.15,89.75,
01/01/2000,00:00:03.29,201.17,294.92,-1095.70,8.31,119.89,-39.85,-3.45,-15.75,-124.65,25.25,89.86,
01/01/2000,00:00:03.30,90.82,152.83,-865.23,11.70,141.27,-61.20,-4.80,-18.30,-125.70,24.91,89.72,
01/01/2000,00:00:03.31,147.95,306.15,-959.47,10.09,133.80,-74.34,-4.80,-18.30,-125.70,25.25,89.77,
01/01/2000,00:00:03.32,197.75,369.14,-1097.66,19.38,156.76,-75.60,-6.45,-19.35,-127.35,25.15,89.88,
01/01/2000,00:00:03.33,180.66,353.52,-1032.23,31.57,183.07,-74.29,-6.90,-16.95,-126.30,25.01,89.93,
01/01/2000,00:00:03.34,162.11,322.27,-886.72,39.52,183.46,-69.00,-6.90,-18.90,-128.40,25.06,90.03,
01/01/2000,00:00:03.35,335.45,383.30,-919.43,71.72,173.27,-37.78,-7.80,-18.00,-127.50,25.25,89.89,
01/01/2000,00:00:03.36,391.11,404.30,-810.55,72.13,182.02,-12.89,-10.20,-21.15,-129.15,25.35,89.95,
01/01/2000,00:00:03.37,447.75,404.30,-901.37,64.13,215.74,5.31,-10.20,-21.15,-129.15,25.06,90.05,
01/01/2000,00:00:03.38,351.56,354.98,-967.29,72.41,236.42,31.53,-11.70,-22.65,-131.25,25.15,90.10,
01/01/2000,00:00:03.39,275.88,314.94,-979.00,86.38,240.55,38.85,-12.15,-20.55,-130.05,25.20,90.20,
01/01/2000,00:00:03.41,367.19,209.96,-946.78,128.05,202.30,34.12,-15.60,-20.85,-132.00,25.35,90.02,
01/01/2000,00:00:03.42,371.09,162.60,-884.77,144.01,182.56,23.29,-15.60,-20.85,-132.00,25.20,90.11,
01/01/2000,00:00:03.42,438.48,140.62,-734.86,153.72,138.10,9.74,-18.60,-21.90,-134.55,25.25,90.16,
01/01/2000,00:00:03.43,478.03,156.74,-800.78,146.18,98.98,-4.58,-20.40,-27.30,-134.85,25.25,90.26,
01/01/2000,00:00:03.44,504.39,162.60,-765.14,129.60,72.40,-3.42,-21.00,-26.70,-134.40,25.06,90.31,
01/01/2000,00:00:03.46,657.71,206.54,-737.30,111.78,73.59,-2.30,-20.40,-30.75,-135.30,25.01,90.18,
01/01/2000,00:00:03.47,643.55,246.09,-837.40,113.60,116.05,8.68,-21.30,-26.25,-134.40,25.25,90.27,
01/01/2000,00:00:03.48,543.46,162.60,-829.59,98.97,138.02,18.49,-21.30,-26.25,-134.40,25.25,90.32,
01/01/2000,00:00:03.49,506.35,54.69,-849.61,93.30,121.48,24.34,-23.40,-29.85,-136.05,25.35,90.41,
01/01/2000,00:00:03.50,512.21,-61.04,-803.71,97.49,79.76,21.44,-24.00,-33.00,-136.65,25.39,90.46,
01/01/2000,00:00:03.54,540.04,-25.88,-648.93,37.98,71.71,-39.28,-27.60,-34.65,-135.75,25.20,89.19,
01/01/2000,00:00:03.55,539.55,-9.77,-700.20,27.03,70.01,-48.60,-27.00,-33.30,-135.30,25.35,89.07,
01/01/2000,00:00:03.56,575.68,-2.93,-730.47,29.16,89.53,-65.82,-27.30,-35.55,-135.60,25.01,89.17,
01/01/2000,00:00:03.57,547.85,8.30,-730.47,38.97,105.66,-75.32,-26.55,-34.50,-136.35,25.06,89.22,
01/01/2000,00:00:03.58,598.14,-14.16,-675.29,40.51,105.36,-82.47,-28.20,-35.85,-137.55,25.15,89.31,
01/01/2000,00:00:03.59,634.28,7.81,-645.51,18.68,50.26,-87.08,-29.70,-38.10,-135.45,25.20,89.19,
01/01/2000,00:00:03.60,677.73,40.04,-704.10,10.39,19.33,-83.78,-30.45,-34.65,-135.75,24.87,89.24,
01/01/2000,00:00:03.61,692.38,19.53,-790.53,11.64,27.34,-87.76,-30.60,-36.75,-135.60,25.15,89.34,
01/01/2000,00:00:03.62,687.01,100.59,-669.92,6.85,31.21,-89.74,-31.20,-35.10,-136.95,25.15,89.39,
01/01/2000,00:00:03.63,772.46,208.98,-587.40,-2.06,10.98,-88.10,-31.20,-35.10,-136.95,25.25,89.48,
01/01/2000,00:00:03.65,1161.62,485.35,-645.51,-16.21,7.21,-76.04,-30.45,-35.40,-136.20,25.25,89.36,
01/01/2000,00:00:03.66,815.92,302.25,-753.42,17.24,-5.14,-31.66,-29.25,-35.25,-136.05,25.25,89.41,
01/01/2000,00:00:03.66,742.68,144.53,-617.68,19.69,-7.36,-32.35,-30.75,-35.10,-136.50,25.06,89.46,
01/01/2000,00:00:03.67,666.50,125.00,-626.95,16.44,-30.44,-56.47,-29.70,-37.65,-137.25,25.15,89.55,
01/01/2000,00:00:03.68,677.73,135.74,-642.09,5.29,-43.02,-68.69,-30.30,-36.45,-137.10,25.20,89.63,
01/01/2000,00:00:03.69,702.15,146.97,-753.42,-4.28,-38.86,-70.37,-30.30,-36.45,-137.10,25.15,89.68,
01/01/2000,00:00:03.71,695.80,160.64,-717.29,6.37,-9.98,-44.96,-28.50,-36.00,-138.15,25.25,89.57,
01/01/2000,00:00:03.72,687.99,118.16,-710.94,2.96,-6.35,-34.35,-28.50,-35.55,-134.55,25.20,89.61,
01/01/2000,00:00:03.73,653.32,69.34,-662.60,5.50,-20.29,-27.95,-27.75,-34.05,-138.60,25.06,89.70,
01/01/2000,00:00:03.74,665.53,59.57,-649.41,22.56,-55.37,-10.16,-29.40,-36.15,-134.70,25.06,89.74,
01/01/2000,00:00:03.74,640.62,127.93,-686.52,26.94,-73.58,-4.37,-29.40,-36.15,-134.70,25.25,89.83,
01/01/2000,00:00:03.76,617.19,110.35,-671.39,23.30,-81.60,0.51,-28.20,-36.15,-137.25,25.20,89.72,
01/01/2000,00:00:03.77,542.97,83.98,-635.25,19.95,-88.24,1.07,-27.75,-36.45,-136.35,25.20,89.76,
01/01/2000,00:00:03.78,484.86,79.59,-692.87,12.61,-94.98,0.62,-26.10,-36.60,-138.00,25.20,89.84,
01/01/2000,00:00:03.79,478.03,80.57,-713.87,4.28,-82.77,-10.96,-26.25,-36.45,-136.35,25.39,89.89,
01/01/2000,00:00:03.80,590.33,134.77,-718.26,-15.12,-84.08,-19.87,-26.25,-36.45,-136.35,25.15,89.97,
01/01/2000,00:00:03.81,580.08,135.25,-760.25,-7.43,-107.85,-9.73,-24.60,-37.65,-136.50,25.06,89.86,
01/01/2000,00:00:03.82,559.08,135.74,-758.30,-10.60,-125.33,-8.06,-24.75,-36.75,-138.60,25.20,89.90,
01/01/2000,00:00:03.83,558.59,80.08,-914.06,-18.73,-110.38,0.02,-22.20,-36.00,-136.65,25.15,89.98,
01/01/2000,00:00:03.84,505.37,10.25,-880.86,43.38,-71.87,13.37,-24.60,-36.15,-138.00,25.01,90.03,
01/01/2000,00:00:03.85,448.73,-12.21,-756.84,-4.72,-107.68,14.40,-24.60,-36.15,-138.00,25.20,90.11,
01/01/2000,00:00:03.86,396.97,18.07,-904.79,-18.63,-133.84,-7.27,-19.50,-38.85,-136.95,25.35,90.00,
01/01/2000,00:00:03.87,621.58,513.18,-775.88,-44.31,-67.89,-96.92,-21.00,-36.15,-136.20,25.25,90.04,
01/01/2000,00:00:03.88,625.98,902.83,-1116.70,36.34,9.14,-28.16,-20.55,-35.40,-136.50,25.15,90.12,
01/01/2000,00:00:03.89,425.29,-83.98,-1046.88,40.73,14.88,-19.97,-18.60,-35.55,-135.60,25.06,90.16,
01/01/2000,00:00:03.90,420.41,151.37,-908.69,34.09,-13.46,-24.95,-18.60,-35.55,-135.60,25.25,90.23,
01/01/2000,00:00:03.92,459.47,125.98,-913.57,11.73,-72.18,-20.89,-18.90,-39.00,-136.35,25.25,90.13,
01/01/2000,00:00:03.93,461.43,111.33,-866.70,-3.30,-65.56,-31.99,-17.25,-36.15,-136.20,25.15,90.17,
01/01/2000,00:00:03.94,443.36,40.04,-668.46,-25.01,-83.01,-64.82,-17.55,-37.50,-137.10,25.01,90.21,
01/01/2000,00:00:03.94,489.75,102.05,-840.33,-47.84,-135.76,-73.89,-16.80,-35.55,-135.60,25.25,90.28,
01/01/2000,00:00:03.95,396.00,-11.72,-833.50,-52.45,-182.66,-95.69,-16.80,-35.55,-135.60,25.25,90.32,
01/01/2000,00:00:03.97,282.71,36.62,-751.95,-38.60,-250.14,-157.44,-14.55,-35.55,-134.25,25.39,90.22,
01/01/2000,00:00:03.98,329.59,120.61,-926.76,-53.43,-250.14,-136.31,-12.30,-38.25,-136.35,25.15,90.29,
01/01/2000,00:00:03.99,235.35,190.43,-989.26,-41.90,-250.14,-106.12,-10.35,-35.10,-133.95,25.39,90.33,
01/01/2000,00:00:04.00,76.66,278.81,-1106.93,-20.96,-250.14,-105.29,-9.45,-37.50,-133.80,25.15,90.40,
01/01/2000,00:00:04.01,26.37,360.35,-1196.78,-25.83,-250.14,-87.89,-9.45,-37.50,-133.80,25.20,90.44,
01/01/2000,00:00:04.05,35.64,265.62,-943.85,-56.76,-124.50,-70.46,-0.45,-35.85,-126.75,25.15,89.39,
01/01/2000,00:00:04.06,53.71,224.12,-782.71,-33.74,-71.97,-91.72,0.30,-37.95,-127.65,25.35,89.33,
01/01/2000,00:00:04.07,-96.19,247.56,-728.03,-10.90,-22.45,-113.13,0.30,-37.95,-127.65,25.15,89.37,
01/01/2000,00:00:04.08,-210.94,227.05,-882.81,-3.66,-3.90,-179.80,0.60,-37.20,-127.65,25.20,89.44,
01/01/2000,00:00:04.09,-36.62,118.16,-807.13,-12.86,5.24,-180.34,1.35,-36.75,-125.85,25.35,89.48,
01/01/2000,00:00:04.10,47.85,389.65,-1077.64,-1.61,-9.92,-148.54,0.30,-37.95,-127.05,25.39,89.39,
01/01/2000,00:00:04.11,-107.42,359.86,-1305.18,10.37,-17.20,-57.25,0.30,-37.95,-127.05,25.01,89.46,
01/01/2000,00:00:04.12,-267.58,403.32,-1369.63,10.34,-72.08,47.04,0.60,-39.45,-128.40,25.39,89.50,
01/01/2000,00:00:04.13,-679.20,364.75,-1458.50,-31.81,-161.02,192.75,1.80,-40.20,-127.35,25.25,89.57,
01/01/2000,00:00:04.14,-505.37,-22.46,-1531.25,-136.34,-116.53,160.12,2.55,-37.95,-126.60,25.25,89.61,
01/01/2000,00:00:04.16,-261.72,457.03,-785.64,-89.02,-26.34,118.33,2.55,-37.50,-125.85,25.15,89.42,
01/01/2000,00:00:04.17,-220.70,411.13,-811.52,-47.42,-13.46,100.24,1.20,-35.40,-124.95,25.15,89.46,
01/01/2000,00:00:04.18,-192.87,401.86,-954.10,-25.98,2.64,77.18,1.20,-35.40,-124.95,25.25,89.50,
01/01/2000,00:00:04.19,-266.11,418.95,-1180.18,-5.29,38.61,48.48,2.85,-33.00,-124.50,24.87,89.57,
01/01/2000,00:00:04.20,-300.78,443.85,-1282.23,5.95,84.60,30.30,3.90,-34.80,-125.85,25.15,89.64,
01/01/2000,00:00:04.21,-325.20,579.10,-1289.55,12.06,131.64,23.17,1.95,-34.35,-126.00,24.91,89.55,
01/01/2000,00:00:04.22,-293.46,514.16,-1160.64,-4.67,133.89,30.45,1.95,-34.35,-126.00,25.25,89.58,
01/01/2000,00:00:04.23,-348.14,651.86,-948.24,-9.05,135.37,35.32,0.45,-33.60,-125.70,25.20,89.66,
01/01/2000,00:00:04.24,-334.47,630.37,-599.12,-9.29,107.84,52.08,-1.20,-34.35,-127.50,25.35,89.69,
01/01/2000,00:00:04.25,-136.23,399.90,-923.83,-4.68,74.03,25.05,-1.35,-33.00,-127.65,25.35,89.76,
01/01/2000,00:00:04.26,-20.02,317.87,-571.29,-44.07,42.05,26.09,-3.45,-33.90,-128.25,25.25,89.67,
01/01/2000,00:00:04.27,187.50,345.70,-740.72,13.34,39.69,5.78,-2.70,-31.65,-126.45,25.25,89.71,
01/01/2000,00:00:04.28,-68.36,514.65,-776.37,38.79,28.34,18.65,-2.70,-31.65,-126.45,25.20,89.78,
01/01/2000,00:00:04.29,-315.92,512.21,-986.33,48.49,9.93,18.63,-0.90,-33.15,-128.25,25.20,89.81,
01/01/2000,00:00:04.30,-445.80,519.04,-1056.64,52.18,-12.91,43.02,-3.00,-32.70,-129.00,25.15,89.88,
01/01/2000,00:00:04.31,-411.13,503.42,-1032.71,93.63,-8.46,83.48,-2.10,-33.30,-126.60,25.35,89.92,
01/01/2000,00:00:04.33,-372.56,276.86,-1031.74,109.44,-51.34,89.50,-2.10,-34.80,-127.65,25.25,89.82,
01/01/2000,00:00:04.34,86.91,346.19,-970.70,87.65,-72.47,88.81,-2.10,-34.80,-127.65,25.15,89.89,
01/01/2000,00:00:04.35,261.23,256.35,-809.08,80.01,-51.24,83.21,-1.50,-35.40,-129.75,25.44,89.93,
01/01/2000,00:00:04.35,152.83,201.17,-791.50,72.10,-31.92,89.40,-1.35,-35.55,-127.35,25.20,89.99,
01/01/2000,00:00:04.36,35.64,129.88,-787.60,66.11,-24.49,85.54,-1.35,-36.00,-127.65,25.25,90.03,
01/01/2000,00:00:04.38,-16.11,-12.21,-756.35,56.19,-32.76,91.87,-1.35,-37.20,-126.60,25.20,89.94,
01/01/2000,00:00:04.39,-160.64,-20.02,-815.43,49.50,-22.23,100.88,-1.35,-37.20,-126.60,25.25,90.00,
01/01/2000,00:00:04.40,-315.43,31.74,-1079.59,46.27,-21.07,121.55,-0.30,-36.45,-126.60,25.15,90.04,
01/01/2000,00:00:04.41,-236.82,171.39,-1069.82,56.07,-50.83,150.64,-0.30,-36.45,-127.35,25.15,90.10,
01/01/2000,00:00:04.42,-220.21,270.02,-647.95,55.93,-89.56,146.89,-1.35,-34.80,-126.60,25.20,90.14,
01/01/2000,00:00:04.43,163.57,655.27,-428.71,-68.96,-163.12,115.67,-0.30,-34.05,-125.55,25.15,90.05,
01/01/2000,00:00:04.44,240.23,320.80,-331.05,-125.99,-212.73,87.04,-0.30,-34.05,-125.55,25.15,90.11,
01/01/2000,00:00:04.45,6.84,372.56,-752.93,-162.80,-232.25,44.02,1.80,-31.05,-122.70,25.15,90.14,
01/01/2000,00:00:04.46,-219.73,542.97,-879.39,-158.35,-211.43,11.82,2.25,-32.40,-122.85,25.15,90.21,
01/01/2000,00:00:04.47,-72.27,770.51,-985.84,-152.04,-198.53,-23.93,4.20,-28.95,-120.30,25.25,90.24,
01/01/2000,00:00:04.48,15.14,557.62,-922.85,-45.38,-116.43,-24.03,3.45,-30.15,-119.25,25.25,90.15,
01/01/2000,00:00:04.49,108.89,392.58,-720.70,14.00,-87.56,-12.71,5.55,-27.00,-117.75,25.25,90.22,
01/01/2000,00:00:04.50,143.07,423.83,-542.97,-10.44,-63.31,-9.64,5.55,-27.00,-117.75,25.06,90.25,
01/01/2000,00:00:04.51,128.91,521.48,-660.64,-14.44,-63.47,10.60,6.45,-27.30,-115.80,24.91,90.31,
01/01/2000,00:00:04.52,176.76,479.98,-681.64,-30.45,-58.85,37.69,2.85,-28.80,-118.65,25.44,90.34,
01/01/2000,00:00:04.56,-217.29,570.31,-887.21,-36.06,-38.09,34.12,5.85,-28.80,-116.55,25.06,89.47,
01/01/2000,00:00:04.58,-143.07,603.03,-890.14,-17.27,-45.06,18.18,4.20,-27.90,-114.15,25.25,89.41,
01/01/2000,00:00:04.58,-191.89,612.30,-847.17,-10.46,-51.50,12.95,5.40,-25.80,-112.50,25.39,89.48,
01/01/2000,00:00:04.59,-273.44,651.86,-731.45,-29.92,-58.87,29.82,5.40,-25.80,-112.50,25.20,89.51,
01/01/2000,00:00:04.60,-252.44,767.09,-654.79,-65.79,-64.13,5.24,5.40,-25.80,-112.50,25.25,89.57,
01/01/2000,00:00:04.62,-283.20,814.94,-442.87,-95.72,-75.05,7.94,4.35,-28.80,-111.45,25.25,89.49,
01/01/2000,00:00:04.63,-213.87,992.19,-603.52,-104.63,-92.61,1.53,6.45,-23.85,-112.50,25.35,89.52,
01/01/2000,00:00:04.64,-206.54,1077.15,-591.31,-76.31,-95.40,-1.41,6.45,-26.55,-110.40,25.35,89.56,
01/01/2000,00:00:04.65,-151.37,1091.31,-359.38,-57.66,-102.15,-6.36,7.20,-22.65,-108.60,25.25,89.62,
01/01/2000,00:00:04.66,-108.40,1053.22,-277.83,-50.22,-107.18,-4.12,7.20,-22.65,-108.60,25.44,89.68,
01/01/2000,00:00:04.67,-189.94,1071.78,-1.95,-31.89,-123.32,-13.85,6.75,-23.25,-106.20,25.25,89.60,
01/01/2000,00:00:04.68,-93.75,1071.29,140.62,-45.78,-142.79,-32.09,6.75,-24.45,-108.00,25.25,89.63,
01/01/2000,00:00:04.69,-12.21,1040.04,39.55,-83.56,-143.13,-24.21,8.10,-22.50,-105.15,25.39,89.66,
01/01/2000,00:00:04.70,-68.85,1126.46,59.57,-87.82,-150.82,-10.12,7.20,-24.60,-105.30,25.06,89.72,
01/01/2000,00:00:04.71,-132.32,1111.82,143.07,-111.63,-160.39,-6.69,7.20,-24.60,-105.30,25.39,89.76,
01/01/2000,00:00:04.72,-109.86,1163.09,-3.91,-103.19,-177.19,27.30,7.05,-22.95,-99.30,25.25,89.70,
01/01/2000,00:00:04.73,-95.21,1124.51,71.29,-97.51,-174.00,41.17,8.55,-23.70,-100.50,25.20,89.74,
01/01/2000,00:00:04.74,-254.39,1124.02,326.66,-85.87,-187.61,22.76,8.10,-22.95,-97.20,25.06,89.77,
01/01/2000,00:00:04.75,-217.77,1128.42,234.38,-72.92,-198.21,-6.09,7.35,-22.95,-97.20,25.35,89.83,
01/01/2000,00:00:04.76,-265.62,1256.84,327.64,-66.73,-218.73,-4.05,7.35,-22.95,-97.20,25.25,89.86,
01/01/2000,00:00:04.77,-338.38,1429.69,186.04,-35.14,-234.11,58.08,7.05,-23.70,-92.55,25.25,89.78,
01/01/2000,00:00:04.78,-598.14,1715.33,170.41,-2.86,-243.21,81.54,6.75,-21.00,-90.75,25.01,89.84,
01/01/2000,00:00:04.79,-965.33,1872.56,207.52,13.33,-250.14,82.36,7.65,-21.15,-90.45,25.15,89.87,
01/01/2000,00:00:04.80,-1276.86,1830.57,42.48,35.10,-250.14,60.12,6.00,-21.45,-87.45,25.44,89.92,
01/01/2000,00:00:04.81,-1654.30,1846.19,-257.81,56.03,-250.14,28.05,6.00,-21.45,-87.45,25.25,89.96,
01/01/2000,00:00:04.82,-1941.89,1841.80,-514.65,96.51,-250.14,-8.91,6.00,-21.45,-87.45,25.25,90.01,
01/01/2000,00:00:04.84,-2000.00,1612.30,-992.68,143.04,-250.14,-31.18,3.75,-21.00,-83.55,25.15,89.93,
01/01/2000,00:00:04.85,-2000.00,1510.25,-1476.07,183.95,-250.14,38.75,3.00,-19.50,-81.75,25.44,89.96,
01/01/2000,00:00:04.86,-2000.00,1348.14,-2000.00,183.89,-250.14,134.40,2.85,-20.85,-82.20,25.44,90.02,
01/01/2000,00:00:04.87,-2000.00,1344.24,-2000.00,179.34,-198.41,217.01,1.95,-19.05,-81.30,25.25,90.05,
01/01/2000,00:00:04.87,-2000.00,1428.71,-2000.00,194.08,-137.30,250.13,1.95,-19.05,-81.30,25.25,90.11,
01/01/2000,00:00:04.89,-2000.00,1512.21,-2000.00,232.61,-20.79,201.92,-2.25,-16.05,-79.20,25.20,90.03,
01/01/2000,00:00:04.90,-2000.00,1031.25,-2000.00,250.13,46.78,174.70,-3.00,-13.80,-79.20,25.20,90.06,
01/01/2000,00:00:04.91,-2000.00,416.99,-2000.00,250.13,92.24,173.20,-3.00,-13.80,-81.00,25.25,90.09,
01/01/2000,00:00:04.92,-2000.00,-81.54,-1868.16,250.13,115.02,176.23,-4.65,-14.40,-82.65,25.44,90.14,
01/01/2000,00:00:04.93,-2000.00,-439.45,-1700.68,231.31,112.33,209.36,-4.65,-14.40,-82.65,25.35,90.17,
01/01/2000,00:00:04.94,-2000.00,-702.64,-1212.89,228.56,119.53,250.13,-5.85,-12.15,-86.55,25.44,90.10,
01/01/2000,00:00:04.95,-2000.00,-881.35,-945.31,250.13,123.03,250.13,-5.25,-10.35,-87.45,25.15,90.15,
01/01/2000,00:00:04.96,-2000.00,-1146.48,-673.83,250.13,125.89,250.13,-9.00,-10.20,-89.85,25.25,90.18,
01/01/2000,00:00:04.97,-2000.00,-1568.36,-473.14,250.13,128.09,250.13,-8.40,-6.75,-90.45,25.25,90.23,
01/01/2000,00:00:04.98,-2000.00,-2000.00,-62.50,250.13,132.42,225.06,-8.40,-6.75,-90.45,25.25,90.16,
01/01/2000,00:00:04.99,-1795.90,-2000.00,-87.40,250.13,107.92,203.40,-10.35,-6.90,-93.30,25.01,90.18,
01/01/2000,00:00:05.00,-1610.35,-2000.00,-257.81,246.67,106.92,189.53,-11.85,-7.35,-96.45,25.39,90.21,
01/01/2000,00:00:05.01,-1735.84,-2000.00,-580.57,126.21,125.00,146.92,-12.90,-6.60,-98.70,25.44,90.27,
01/01/2000,00:00:05.02,-2000.00,-2000.00,-540.04,11.76,168.15,93.18,-12.60,-6.90,-100.50,25.15,90.32,
01/01/2000,00:00:05.04,-2000.00,-2000.00,-194.34,-162.47,230.84,110.96,-15.90,-7.65,-97.95,25.01,90.22,
01/01/2000,00:00:05.07,-2000.00,-1995.61,1339.36,-250.14,250.13,131.98,-18.15,-5.55,-96.30,25.20,89.72,
01/01/2000,00:00:05.08,-2000.00,-935.55,1868.16,-250.14,250.13,149.21,-17.85,-6.75,-96.60,25.25,89.67,
01/01/2000,00:00:05.09,-2000.00,-421.88,1918.46,-250.14,250.13,155.81,-17.85,-6.75,-96.60,25.44,89.70,
01/01/2000,00:00:05.10,-2000.00,-112.30,1993.16,-250.14,250.13,122.46,-20.70,-4.50,-92.40,25.44,89.73,
01/01/2000,00:00:05.12,-2000.00,43.46,1999.94,-250.14,250.13,36.69,-21.75,-4.35,-90.30,24.82,89.66,
01/01/2000,00:00:05.12,-2000.00,189.45,1999.94,-250.14,250.13,8.77,-23.10,-1.20,-88.50,25.20,89.69,
01/01/2000,00:00:05.13,-2000.00,363.28,1999.94,-250.14,250.13,-1.75,-23.10,-1.20,-88.50,25.44,89.74,
01/01/2000,00:00:05.14,-1811.04,553.22,1999.94,-241.81,250.13,9.98,-23.10,-1.20,-88.50,25.44,89.77,
01/01/2000,00:00:05.15,-1554.20,848.14,1999.94,-216.96,250.13,16.79,-22.05,-2.40,-86.40,25.44,89.82,
01/01/2000,00:00:05.17,-939.45,1431.64,1999.94,-156.24,250.13,-23.19,-20.55,-1.95,-83.85,25.44,89.68,
01/01/2000,00:00:05.18,-569.34,1636.23,1999.94,-112.76,250.13,-44.02,-21.00,-0.90,-86.40,25.39,89.71,
01/01/2000,00:00:05.19,-280.76,1720.70,1999.94,-79.31,250.13,-65.89,-18.45,-1.65,-84.90,24.91,89.73,
01/01/2000,00:00:05.20,28.32,1834.96,1999.94,-58.93,250.13,-66.24,-18.45,-1.65,-84.90,25.35,89.78,
01/01/2000,00:00:05.21,266.11,1999.94,1999.94,-29.87,250.13,-53.34,-17.55,-1.50,-85.80,25.35,89.84,
01/01/2000,00:00:05.22,578.61,1999.94,1999.94,65.98,250.13,-108.50,-14.85,-2.25,-87.30,25.15,89.74,
01/01/2000,00:00:05.23,1090.82,1999.94,1999.94,161.11,250.13,-243.48,-16.05,-0.75,-90.45,25.25,89.77,
01/01/2000,00:00:05.24,1660.64,1999.94,1999.94,226.76,250.13,-250.14,-16.05,-0.75,-90.45,25.39,89.82,
01/01/2000,00:00:05.25,1999.94,1999.94,1999.94,250.13,250.13,-250.14,-16.05,-0.75,-90.45,25.15,89.85,
01/01/2000,00:00:05.26,1999.94,1999.94,1999.94,250.13,250.13,-250.14,-11.70,-4.05,-95.25,25.06,89.90,
01/01/2000,00:00:05.28,1999.94,1999.94,1999.94,250.13,250.13,-188.26,-10.05,-4.65,-100.50,25.44,89.83,
01/01/2000,00:00:05.29,1868.65,1999.94,1999.94,233.95,250.13,-35.63,-9.30,-6.90,-101.55,25.15,89.86,
01/01/2000,00:00:05.29,1082.52,1999.94,1999.94,212.47,192.50,134.67,-9.60,-7.35,-106.20,25.35,89.91,
01/01/2000,00:00:05.30,429.69,1999.94,1999.94,250.13,98.60,225.72,-9.60,-7.35,-106.20,25.44,89.93,
01/01/2000,00:00:05.31,-392.58,1999.94,1807.13,250.13,65.58,250.13,-12.75,-9.45,-109.35,25.25,89.98,
01/01/2000,00:00:05.33,-1147.95,1999.94,1862.79,250.13,50.18,250.13,-14.40,-11.10,-112.05,25.39,89.92,
01/01/2000,00:00:05.34,-1464.36,1999.94,1999.94,250.13,31.16,250.13,-16.05,-12.15,-113.55,25.20,89.94,
01/01/2000,00:00:05.35,-1740.23,1999.94,1999.94,250.13,18.40,250.13,-16.20,-12.60,-115.65,25.25,89.99,
01/01/2000,00:00:05.36,-2000.00,1999.94,1999.94,250.13,17.11,250.13,-16.20,-12.60,-115.65,25.20,90.02,
01/01/2000,00:00:05.37,-2000.00,1966.80,1999.94,250.13,13.88,250.13,-19.05,-17.25,-119.25,25.25,90.07,
01/01/2000,00:00:05.38,-1959.47,1227.54,1999.94,250.13,-4.11,202.96,-19.35,-23.10,-121.50,25.39,90.00,
01/01/2000,00:00:05.39,-1616.21,947.27,1999.94,250.13,-7.74,159.22,-20.55,-23.10,-121.50,25.25,90.03,
01/01/2000,00:00:05.40,-1093.26,844.24,1999.94,250.13,-2.51,153.66,-20.55,-25.20,-124.65,25.35,90.07,
01/01/2000,00:00:05.41,-671.39,768.55,1933.59,250.13,20.31,198.95,-20.55,-25.20,-124.65,25.39,90.10,
01/01/2000,00:00:05.42,-576.17,687.01,1999.94,250.13,41.44,250.13,-20.55,-25.20,-124.65,25.39,90.15,
01/01/2000,00:00:05.43,-519.53,599.61,1941.41,250.13,13.74,250.13,-23.10,-36.15,-124.20,25.25,90.08,
01/01/2000,00:00:05.44,-400.88,448.73,1888.18,250.13,-11.48,250.13,-22.80,-36.60,-124.95,25.15,90.11,
01/01/2000,00:00:05.45,-363.28,290.04,1863.28,250.13,-42.10,250.13,-22.35,-39.60,-126.00,25.25,90.15,
01/01/2000,00:00:05.46,-287.60,-4.88,1774.90,250.13,-71.99,241.34,-22.35,-39.60,-126.00,25.20,90.18,
01/01/2000,00:00:05.47,-157.71,-216.31,1602.05,250.13,-99.81,225.36,-20.55,-42.30,-123.90,25.39,90.23,
01/01/2000,00:00:05.49,-56.15,-471.68,1358.89,216.38,-130.33,218.44,-20.55,-41.85,-124.95,25.54,90.16,
01/01/2000,00:00:05.49,41.50,-682.13,1180.66,168.34,-148.17,223.18,-20.40,-43.95,-124.50,25.39,90.18,
01/01/2000,00:00:05.50,231.45,-930.66,852.54,119.92,-163.60,250.13,-20.25,-43.05,-126.00,25.35,90.21,
01/01/2000,00:00:05.51,341.80,-1150.88,653.32,63.80,-173.85,250.13,-20.25,-43.05,-126.00,25.25,90.26,
01/01/2000,00:00:05.52,269.53,-1270.51,473.63,-3.37,-172.26,250.13,-20.25,-43.05,-126.00,25.15,90.30,
01/01/2000,00:00:05.54,126.46,-1395.51,189.45,-128.31,-188.63,250.13,-15.45,-45.75,-123.15,25.15,90.24,
01/01/2000,00:00:05.55,-11.23,-1160.16,10.74,-221.43,-188.59,250.13,-15.30,-44.70,-122.25,25.39,90.26,
01/01/2000,00:00:05.60,-1354.98,1999.94,-1167.97,-250.14,-203.00,250.13,-11.25,-27.30,-117.60,25.06,89.41,
01/01/2000,00:00:05.61,-1788.09,1999.94,-2000.00,-250.14,-212.26,250.13,-10.65,-22.95,-115.20,25.44,89.37,
01/01/2000,00:00:05.62,-1927.25,1999.94,-2000.00,-148.64,-225.34,250.13,-10.65,-22.95,-115.20,25.39,89.39,
01/01/2000,00:00:05.63,-2000.00,1999.94,-2000.00,58.47,-217.67,235.94,-11.70,-18.90,-112.20,25.15,89.33,
01/01/2000,00:00:05.64,-2000.00,1999.94,-2000.00,187.48,-202.89,250.13,-12.30,-18.15,-112.95,25.59,89.36,
01/01/2000,00:00:05.65,-2000.00,1999.94,-2000.00,250.13,-208.97,250.13,-10.20,-17.40,-112.50,25.20,89.38,
01/01/2000,00:00:05.66,-2000.00,1962.89,-1783.69,250.13,-225.10,250.13,-11.70,-16.20,-112.95,25.20,89.43,
01/01/2000,00:00:05.67,-2000.00,809.08,-1057.62,250.13,-218.04,250.13,-12.15,-16.80,-114.15,25.39,89.46,
01/01/2000,00:00:05.69,-2000.00,-1212.40,-613.28,250.13,-175.47,229.95,-13.05,-19.65,-114.75,25.39,89.40,
01/01/2000,00:00:05.70,-2000.00,-2000.00,-646.97,250.13,-118.44,250.13,-10.35,-19.80,-116.40,25.44,89.44,
01/01/2000,00:00:05.71,-2000.00,-2000.00,-900.39,250.13,-47.09,250.13,-12.60,-23.25,-118.50,25.35,89.47,
01/01/2000,00:00:05.72,-2000.00,-2000.00,-1175.29,250.13,50.34,227.04,-12.30,-23.85,-119.10,25.35,89.51,
01/01/2000,00:00:05.72,-2000.00,-2000.00,-1265.62,180.02,159.63,207.09,-12.30,-23.85,-119.10,25.35,89.54,
01/01/2000,00:00:05.74,-2000.00,-2000.00,-867.68,36.92,250.13,204.47,-15.45,-25.50,-118.50,25.15,89.48,
01/01/2000,00:00:05.75,-2000.00,-2000.00,-512.21,-45.63,250.13,239.63,-17.85,-23.40,-122.70,25.39,89.50,
01/01/2000,00:00:05.76,-1984.38,-2000.00,-207.03,-122.47,250.13,250.13,-16.50,-25.50,-121.80,25.20,89.55,
01/01/2000,00:00:05.77,-1729.49,-2000.00,-141.11,-197.77,250.13,250.13,-21.15,-23.10,-122.25,25.35,89.57,
01/01/2000,00:00:05.78,-1578.12,-2000.00,-117.68,-250.14,250.13,250.13,-22.05,-22.20,-122.40,25.39,89.62,
01/01/2000,00:00:05.79,-1440.43,-2000.00,175.78,-250.14,250.13,250.13,-22.05,-22.20,-122.40,25.35,89.56,
01/01/2000,00:00:05.80,-1320.31,-2000.00,282.23,-250.14,250.13,199.29,-28.65,-21.00,-119.25,24.91,89.58,
01/01/2000,00:00:05.81,-1165.04,-2000.00,359.86,-250.14,250.13,146.56,-32.85,-20.40,-118.65,25.25,89.61,
01/01/2000,00:00:05.82,-1099.61,-2000.00,609.86,-250.14,250.13,106.66,-32.85,-18.60,-117.60,25.39,89.65,
01/01/2000,00:00:05.84,-985.35,-2000.00,921.88,-250.14,250.13,5.23,-37.05,-16.05,-114.45,25.44,89.59,
01/01/2000,00:00:05.84,-901.86,-2000.00,1235.84,-250.14,250.13,-60.70,-39.60,-13.05,-108.45,25.39,89.62,
01/01/2000,00:00:05.85,-848.63,-1693.85,1374.51,-250.14,250.13,-101.00,-38.85,-11.10,-105.90,25.39,89.66,
01/01/2000,00:00:05.86,-800.29,-1331.05,1583.01,-250.14,250.13,-141.65,-40.20,-10.50,-101.40,25.35,89.69,
01/01/2000,00:00:05.87,-754.39,-999.51,1722.17,-250.14,250.13,-174.44,-38.25,-7.95,-97.80,25.15,89.73,
01/01/2000,00:00:05.89,-759.28,-514.16,1807.62,-250.14,250.13,-226.69,-40.20,-8.70,-90.90,25.15,89.67,
01/01/2000,00:00:05.90,-806.64,-145.51,1694.82,-250.14,250.13,-250.14,-40.20,-8.70,-90.90,25.20,89.69,
01/01/2000,00:00:05.91,-684.57,465.33,1662.60,-250.14,250.13,-250.14,-36.60,-6.15,-84.15,25.44,89.72,
01/01/2000,00:00:05.92,-466.31,1009.77,1664.06,-250.14,250.13,-250.14,-31.50,-5.85,-82.80,25.25,89.76,
01/01/2000,00:00:05.93,-364.26,1159.18,1494.14,-250.14,250.13,-250.14,-32.85,-6.45,-78.30,25.39,89.80,
01/01/2000,00:00:05.94,-455.08,1135.74,1155.76,-235.83,250.13,-250.14,-28.65,-5.85,-79.20,25.39,89.73,
01/01/2000,00:00:05.95,-608.40,1148.93,984.86,-198.07,224.05,-250.14,-28.65,-5.85,-79.20,25.20,89.77,
01/01/2000,00:00:05.96,-637.21,980.47,795.41,-179.05,215.93,-250.14,-23.40,-7.50,-75.00,25.44,89.79,
01/01/2000,00:00:05.97,-537.60,775.88,700.68,-190.68,249.36,-250.14,-22.05,-8.40,-74.40,25.20,89.84,
01/01/2000,00:00:05.98,-683.59,698.73,598.63,-250.14,250.13,-250.14,-18.60,-7.50,-72.90,25.20,89.86,
01/01/2000,00:00:05.99,-729.00,607.42,510.25,-250.14,250.13,-250.14,-17.70,-10.80,-72.00,25.54,89.80,
01/01/2000,00:00:06.00,-782.23,792.97,621.58,-205.08,250.13,-250.14,-17.70,-10.80,-72.00,25.25,89.82,
01/01/2000,00:00:06.01,-919.92,1052.73,544.43,-100.95,250.13,-250.14,-6.00,-14.10,-72.60,25.39,89.87,
01/01/2000,00:00:06.02,-1273.44,987.30,834.47,-167.99,250.13,-250.14,-2.70,-16.80,-72.30,25.44,89.91,
01/01/2000,00:00:06.03,-1501.95,864.26,798.83,-217.10,250.13,-250.14,-1.80,-18.90,-72.90,25.15,89.93,
01/01/2000,00:00:06.04,-1584.47,984.86,340.82,-207.80,250.13,-250.14,0.30,-23.10,-73.50,25.25,89.87,
01/01/2000,00:00:06.05,-1638.18,1090.33,86.91,-218.62,250.13,-250.14,0.30,-23.10,-73.50,25.39,89.90,
01/01/2000,00:00:06.09,-1892.58,837.40,173.34,-205.89,250.13,-250.14,7.35,-36.60,-81.30,25.39,89.51,
01/01/2000,00:00:06.10,-2000.00,727.54,388.67,-246.36,250.13,-250.14,6.15,-37.50,-85.50,25.20,89.45,
01/01/2000,00:00:06.11,-2000.00,721.68,303.22,-250.14,250.13,-250.14,6.15,-37.50,-85.50,25.44,89.49,
01/01/2000,00:00:06.12,-2000.00,705.08,94.73,-250.14,250.13,-250.14,7.20,-44.40,-92.70,25.25,89.44,
01/01/2000,00:00:06.13,-1827.64,758.79,142.58,-214.93,250.13,-250.14,8.10,-44.55,-98.25,25.06,89.46,
01/01/2000,00:00:06.14,-1667.48,694.82,64.45,-206.54,250.13,-250.14,6.00,-47.25,-99.75,25.25,89.48,
01/01/2000,00:00:06.15,-1591.80,731.45,-269.53,-184.14,250.13,-250.14,4.35,-48.15,-104.55,25.39,89.53,
01/01/2000,00:00:06.16,-1517.58,567.38,-415.53,-163.44,250.13,-206.89,4.35,-48.15,-104.55,25.59,89.55,
01/01/2000,00:00:06.18,-1743.65,565.43,-693.85,-130.18,250.13,-173.69,0.45,-52.50,-111.60,25.25,89.44,
01/01/2000,00:00:06.19,-2000.00,491.21,-595.21,-124.08,250.13,-95.72,-0.15,-51.75,-113.10,25.44,89.46,
01/01/2000,00:00:06.20,-2000.00,205.57,-675.78,-148.79,222.64,-111.96,-2.70,-53.70,-113.85,25.39,89.50,
01/01/2000,00:00:06.21,-2000.00,200.68,-141.11,-179.62,223.92,-83.40,-2.70,-53.70,-113.85,25.25,89.52,
01/01/2000,00:00:06.22,-2000.00,264.65,735.84,-194.44,228.37,-55.69,-4.50,-52.20,-116.40,25.44,89.56,
01/01/2000,00:00:06.23,-1931.64,333.01,168.95,-184.98,250.13,5.11,-5.40,-50.85,-118.65,25.44,89.51,
01/01/2000,00:00:06.24,-1395.02,168.95,-17.09,-201.74,250.13,30.66,-7.05,-51.30,-120.30,25.39,89.53,
01/01/2000,00:00:06.25,-1089.36,82.52,91.31,-131.87,239.01,86.48,-8.40,-50.85,-121.20,25.44,89.57,
01/01/2000,00:00:06.26,-1144.04,-489.26,288.09,-96.73,114.49,105.15,-11.40,-51.00,-121.80,25.15,89.60,
01/01/2000,00:00:06.27,-400.39,323.24,-353.03,-23.70,124.13,169.19,-11.40,-51.00,-121.80,25.44,89.64,
01/01/2000,00:00:06.28,-495.12,-117.19,111.82,12.82,44.99,250.13,-12.15,-48.30,-122.10,25.73,89.58,
01/01/2000,00:00:06.29,-772.95,-369.63,24.90,31.40,14.60,227.78,-10.95,-49.65,-123.00,25.15,89.60,
01/01/2000,00:00:06.30,-872.07,-658.69,2.93,39.05,42.20,158.50,-11.85,-46.80,-124.20,25.39,89.65,
01/01/2000,00:00:06.31,-852.54,-594.73,-155.76,41.40,104.39,111.92,-10.95,-48.15,-124.50,25.39,89.67,
01/01/2000,00:00:06.32,-818.85,-543.46,-213.87,64.68,129.56,66.91,-10.95,-48.15,-124.50,25.20,89.71,
01/01/2000,00:00:06.34,-998.05,-272.46,-192.38,74.60,86.93,42.90,-14.25,-46.20,-124.80,25.54,89.65,
01/01/2000,00:00:06.35,-1115.23,-352.54,-302.25,80.90,3.88,149.75,-12.60,-49.05,-126.00,25.39,89.68,
01/01/2000,00:00:06.36,-1185.06,-452.64,-465.33,97.92,-25.91,28.59,-13.95,-48.30,-126.00,25.39,89.70,
01/01/2000,00:00:06.36,-1131.35,-395.51,-658.20,68.64,0.43,49.18,-12.00,-49.35,-126.60,25.54,89.74,
01/01/2000,00:00:06.37,-845.21,-423.34,-883.79,75.38,24.57,118.02,-12.00,-49.35,-126.60,25.25,89.78,
01/01/2000,00:00:06.39,-1191.89,-234.86,-195.80,75.35,-3.76,120.24,-12.60,-50.55,-124.95,25.68,89.72,
01/01/2000,00:00:06.40,-984.38,5.37,-399.90,40.84,28.53,59.18,-12.75,-50.40,-127.05,25.20,89.74,
01/01/2000,00:00:06.41,-889.65,169.43,-268.07,-6.36,40.15,35.82,-11.10,-50.25,-125.70,25.39,89.76,
01/01/2000,00:00:06.42,-805.66,125.98,-262.70,-21.69,15.83,3.45,-13.05,-49.65,-126.60,25.44,89.80,
01/01/2000,00:00:06.43,-698.73,404.30,-291.02,-60.89,-10.62,-25.19,-13.05,-49.65,-126.60,25.59,89.84,
01/01/2000,00:00:06.44,-563.48,788.09,-522.46,-11.64,-37.34,49.75,-12.60,-48.75,-127.50,25.54,89.79,
01/01/2000,00:00:06.45,-583.01,750.98,-676.27,25.75,-71.50,90.97,-10.05,-51.75,-124.95,25.15,89.81,
01/01/2000,00:00:06.46,-549.80,544.92,-809.08,-15.30,-78.31,149.24,-11.10,-48.30,-125.70,25.25,89.83,
01/01/2000,00:00:06.47,-507.32,495.61,-1012.21,-12.62,-106.31,166.77,-8.55,-49.80,-126.75,25.54,89.87,
01/01/2000,00:00:06.48,-640.62,673.83,-656.74,58.12,-129.70,180.02,-9.00,-48.60,-128.40,25.39,89.89,
01/01/2000,00:00:06.49,-665.53,904.30,-529.30,106.79,-161.60,189.32,-8.70,-47.70,-124.50,25.39,89.84,
01/01/2000,00:00:06.50,-822.75,964.36,-473.63,98.96,-160.58,201.98,-4.50,-49.50,-125.70,25.59,89.88,
01/01/2000,00:00:06.51,-685.06,714.84,-453.12,98.95,-149.16,196.14,-6.15,-48.15,-125.55,25.35,89.90,
01/01/2000,00:00:06.52,-610.35,740.72,-546.88,108.23,-128.10,190.27,-1.50,-46.50,-123.15,25.39,89.93,
01/01/2000,00:00:06.53,-537.11,565.43,-447.27,132.23,-121.52,186.42,-1.50,-46.50,-123.15,25.35,89.95,
01/01/2000,00:00:06.55,-500.00,541.99,-503.91,160.20,-146.63,155.01,-1.05,-46.95,-121.50,25.35,89.90,
01/01/2000,00:00:06.56,-376.95,679.69,-507.32,169.40,-163.39,132.01,-1.20,-47.25,-120.30,25.44,89.94,
01/01/2000,00:00:06.56,-351.56,646.48,-504.39,178.15,-174.17,112.92,1.20,-48.30,-120.00,25.44,89.96,
01/01/2000,00:00:06.60,-657.71,11.23,-1021.48,47.71,-77.05,247.95,0.60,-48.60,-119.70,25.44,89.61,
01/01/2000,00:00:06.61,-759.28,102.05,-815.92,41.80,-75.69,216.76,5.25,-48.00,-115.95,25.39,89.56,
01/01/2000,00:00:06.62,-1188.48,154.79,-690.43,-35.65,-0.45,107.73,6.75,-45.75,-114.90,25.44,89.51,
01/01/2000,00:00:06.63,-605.96,545.41,-669.92,-0.69,-17.57,66.13,6.15,-42.00,-117.30,25.35,89.55,
01/01/2000,00:00:06.64,-574.22,495.12,-705.08,7.03,-2.17,43.66,6.15,-42.00,-117.30,25.44,89.57,
01/01/2000,00:00:06.65,-563.48,632.32,-650.39,38.05,0.52,66.66,9.30,-43.05,-116.70,25.35,89.61,
01/01/2000,00:00:06.66,-528.81,640.14,-708.50,50.97,6.66,90.47,8.40,-43.95,-116.85,25.44,89.63,
01/01/2000,00:00:06.68,-536.13,590.82,-693.36,46.47,1.81,96.52,7.95,-42.90,-114.75,25.44,89.58,
01/01/2000,00:00:06.69,-463.38,558.59,-743.65,40.91,-2.47,107.06,7.35,-42.60,-115.65,25.44,89.62,
01/01/2000,00:00:06.69,-495.12,545.41,-705.57,39.25,-4.09,121.33,7.35,-42.60,-115.65,25.39,89.64,
01/01/2000,00:00:06.70,-631.35,558.59,-669.43,12.46,-6.73,129.21,8.40,-41.70,-115.80,25.20,89.67,
01/01/2000,00:00:06.71,-674.32,646.97,-734.38,-1.02,-18.17,112.03,9.00,-37.95,-116.10,25.20,89.69,
01/01/2000,00:00:06.72,-695.80,607.42,-776.37,-9.04,-26.84,82.30,9.30,-40.35,-114.90,25.54,89.73,
01/01/2000,00:00:06.74,-648.93,676.27,-810.06,-12.37,-26.22,18.44,8.10,-38.85,-114.15,25.44,89.68,
01/01/2000,00:00:06.75,-635.25,765.14,-822.27,-8.58,-30.40,-0.45,8.10,-38.85,-114.15,25.44,89.70,
01/01/2000,00:00:06.76,-658.69,769.04,-814.45,-5.05,-29.89,-2.72,8.10,-38.85,-114.15,25.54,89.74,
01/01/2000,00:00:06.77,-689.45,772.95,-814.94,2.33,-12.11,0.08,10.50,-40.20,-114.75,25.44,89.76,
01/01/2000,00:00:06.78,-681.15,794.43,-810.55,2.71,5.12,4.46,9.30,-38.10,-114.45,25.39,89.79,
01/01/2000,00:00:06.79,-713.87,730.96,-810.55,-0.73,38.37,26.95,10.95,-37.50,-112.95,25.39,89.74,
01/01/2000,00:00:06.80,-629.39,758.79,-799.80,-25.84,44.63,35.11,10.95,-37.50,-112.95,25.15,89.76,
01/01/2000,00:00:06.81,-548.34,667.97,-878.91,-37.31,39.95,45.48,8.85,-36.60,-114.45,25.39,89.80,
01/01/2000,00:00:06.82,-589.36,557.13,-827.64,-54.79,59.56,55.62,7.80,-37.65,-115.20,25.54,89.82,
01/01/2000,00:00:06.83,-527.83,637.21,-824.22,-69.56,63.21,60.44,9.45,-35.55,-115.50,25.35,89.85,
01/01/2000,00:00:06.84,-513.67,739.75,-710.94,-104.28,11.73,105.03,7.05,-37.65,-115.95,25.59,89.81,
01/01/2000,00:00:06.85,-431.15,750.00,-696.29,-116.52,-1.96,122.97,9.75,-35.55,-114.75,25.20,89.82,
01/01/2000,00:00:06.86,-473.63,742.68,-629.39,-107.21,-5.50,110.98,9.75,-35.55,-114.75,25.44,89.86,
01/01/2000,00:00:06.87,-515.14,762.70,-632.32,-93.72,-2.60,92.67,9.45,-32.55,-115.80,25.54,89.88,
01/01/2000,00:00:06.88,-446.29,731.45,-653.32,-81.47,0.24,97.46,9.45,-32.55,-116.85,25.44,89.91,
01/01/2000,00:00:06.89,-443.36,715.82,-652.83,-66.64,-2.93,81.99,9.45,-30.30,-115.50,25.39,89.87,
01/01/2000,00:00:06.90,-422.36,654.79,-609.86,-50.44,8.98,85.78,8.85,-29.40,-116.40,25.15,89.89,
01/01/2000,00:00:06.91,-338.87,721.68,-579.10,-41.24,6.93,81.39,8.85,-29.40,-116.40,25.54,89.92,
01/01/2000,00:00:06.92,-359.86,664.06,-589.84,-32.27,3.38,75.88,9.30,-29.40,-116.40,25.44,89.94,
01/01/2000,00:00:06.93,-400.88,592.77,-633.79,-18.11,8.68,46.34,9.60,-27.00,-113.85,25.20,89.97,
01/01/2000,00:00:06.95,-299.32,708.50,-638.67,4.08,28.11,30.98,7.95,-25.35,-113.55,25.35,89.93,
01/01/2000,00:00:06.96,-262.21,690.43,-584.47,7.15,21.94,27.95,6.90,-28.35,-115.80,25.25,89.95,
01/01/2000,00:00:06.97,-257.81,681.15,-581.54,8.98,4.94,20.84,6.90,-28.35,-115.80,25.54,89.98,
01/01/2000,00:00:06.97,-297.36,677.73,-620.61,6.82,-5.37,-9.02,8.55,-26.70,-115.95,25.39,90.00,
01/01/2000,00:00:06.98,-343.75,703.61,-678.22,6.82,-7.21,-49.91,7.35,-24.00,-115.20,25.35,90.03,
01/01/2000,00:00:06.99,-375.49,665.04,-716.31,10.28,-7.28,-51.66,7.80,-28.20,-116.40,25.15,90.05,
01/01/2000,00:00:07.01,-442.38,658.69,-794.43,16.90,10.81,-39.02,10.05,-27.90,-114.90,25.44,90.00,
01/01/2000,00:00:07.02,-390.62,656.25,-776.37,21.42,26.46,-29.41,10.05,-27.90,-114.90,25.54,90.02,
01/01/2000,00:00:07.03,-346.19,569.82,-723.14,19.75,29.86,-23.66,8.85,-28.65,-115.95,25.78,90.06,
01/01/2000,00:00:07.04,-364.75,582.03,-729.00,14.40,31.73,-30.53,8.70,-26.85,-117.30,25.39,90.07,
01/01/2000,00:00:07.05,-313.48,599.12,-698.73,11.02,27.77,-28.46,8.70,-27.30,-116.85,25.35,90.11,
01/01/2000,00:00:07.06,-319.82,633.30,-649.90,17.50,26.36,-33.70,8.85,-30.45,-117.75,25.15,90.06,
01/01/2000,00:00:07.07,-332.52,686.04,-658.69,25.69,26.79,-51.21,8.85,-30.45,-117.75,25.44,90.08,
