9.926867,0.229855,2.858823,-0.020985,0.005409,0.015617
9.926867,0.220278,2.906709,-0.020452,0.006607,0.014685
9.926867,0.220278,2.940229,-0.021251,0.005675,0.014419
9.893346,0.205912,2.901920,-0.021917,0.008871,0.015351
9.883769,0.229855,2.945018,-0.021384,0.010735,0.017881
9.893346,0.220278,2.964173,-0.021651,0.009404,0.018014
9.898135,0.205912,2.949807,-0.018854,0.009670,0.019079
9.922078,0.196335,3.031214,-0.019520,0.008338,0.020144
9.922078,0.167603,2.988116,-0.018854,0.009803,0.017748
9.922078,0.167603,3.012059,-0.018588,0.009004,0.016150
9.926867,0.153237,3.036002,-0.021517,0.007540,0.016949
9.917289,0.181969,2.997693,-0.025912,0.007939,0.016283
9.902923,0.186757,3.002482,-0.027110,0.006075,0.017481
9.898135,0.201123,2.988116,-0.026444,0.006874,0.019212
9.912501,0.220278,2.973750,-0.025512,0.006341,0.019079
9.931655,0.225066,2.968961,-0.020718,0.006741,0.021742
9.946022,0.215489,2.978539,-0.016191,0.007007,0.022142
9.941232,0.215489,2.978539,-0.011131,0.007540,0.021609
9.931655,0.186757,2.988116,-0.008201,0.006741,0.020810
9.917289,0.191546,2.916286,-0.005405,0.007140,0.021476
9.917289,0.186757,2.940229,-0.006870,0.007406,0.021210
9.931655,0.162814,2.964173,-0.008468,0.009004,0.021742
9.926867,0.148448,2.930652,-0.011397,0.009936,0.023473
9.936444,0.138871,2.949807,-0.015791,0.010336,0.022009
9.931655,0.138871,2.921075,-0.020186,0.010735,0.022275
9.917289,0.153237,2.949807,-0.023781,0.010469,0.022142
9.902923,0.172391,2.992905,-0.026045,0.009936,0.020144
9.902923,0.177180,2.978539,-0.026311,0.009670,0.019212
9.907711,0.191546,2.978539,-0.023781,0.010070,0.018280
9.922078,0.177180,3.016848,-0.021784,0.008472,0.019745
9.922078,0.167603,3.002482,-0.017656,0.008871,0.020677
9.926867,0.148448,3.036002,-0.017523,0.006874,0.023340
9.926867,0.153237,3.040791,-0.018055,0.006874,0.023207
9.926867,0.148448,3.021636,-0.016857,0.007007,0.023873
9.922078,0.153237,3.050368,-0.015925,0.005942,0.022941
9.912501,0.138871,2.973750,-0.014859,0.007140,0.023207
9.922078,0.148448,2.973750,-0.012995,0.006741,0.023340
9.902923,0.129293,2.973750,-0.010865,0.005409,0.021476
9.912501,0.129293,2.959384,-0.008601,0.005942,0.022009
9.936444,0.134082,2.983327,-0.006737,0.004743,0.023074
9.936444,0.129293,2.973750,-0.006337,0.005143,0.022142
9.917289,0.124505,2.935441,-0.007536,0.004344,0.023207
9.907711,0.114928,2.988116,-0.008068,0.003012,0.024539
9.898135,0.105350,2.988116,-0.011131,0.003278,0.022808
9.902923,0.100562,3.026425,-0.014859,0.001414,0.019612
9.902923,0.110139,3.045580,-0.019919,-0.000716,0.018547
9.907711,0.114928,3.021636,-0.023515,-0.001915,0.016815
9.893346,0.114928,3.088678,-0.027376,-0.004445,0.016815
9.893346,0.119716,3.093466,-0.028442,-0.007108,0.018813
9.878980,0.090984,3.103044,-0.027643,-0.006309,0.018547
9.869402,0.033521,3.155719,-0.022449,-0.004844,0.016949
9.835883,-0.081407,3.107832,-0.005405,0.007673,0.006695
9.893346,-0.119716,3.012059,0.008843,0.024318,-0.007153
9.912501,-0.047886,2.988116,0.024689,0.021122,-0.019537
10.051371,0.090984,2.834879,0.065836,0.005276,-0.027394
10.056160,0.253798,2.839668,0.122296,-0.041863,-0.026462
9.969964,0.292108,2.724740,0.202724,-0.071691,-0.020203
9.946022,0.100562,2.739106,0.286881,-0.097391,-0.014344
9.634759,-0.234644,2.925864,0.339613,-0.110973,-0.001427
9.606027,-0.445344,2.672065,0.372370,-0.087936,0.010956
9.515043,-0.699142,2.767838,0.377963,-0.064101,0.021077
9.515043,-0.589004,2.743895,0.360918,-0.016962,0.027868
9.586873,-0.478865,2.825302,0.314845,0.013265,0.030797
9.591661,-0.387880,2.973750,0.297002,0.024051,0.039320
9.606027,-0.354360,3.308955,0.276495,0.032440,0.051437
9.606027,-0.363937,3.443037,0.251727,0.056143,0.057562
9.663491,-0.320839,3.428672,0.215774,0.083574,0.064886
9.730532,-0.100562,3.433460,0.158382,0.111804,0.068748
9.874192,0.263376,3.299378,0.089538,0.130846,0.071544
9.984331,0.794915,3.232337,0.043065,0.135906,0.071278
10.070526,1.302512,2.978539,0.038671,0.139767,0.067949
10.051371,1.747856,2.858823,0.081549,0.139767,0.061291
10.008274,1.925036,2.719952,0.166638,0.142164,0.058894
10.051371,1.709547,2.451787,0.304458,0.144295,0.060359
10.118412,1.254626,2.265030,0.390347,0.148556,0.065153
10.142355,0.737452,2.097428,0.425901,0.156013,0.067150
10.123201,0.277742,1.867572,0.408723,0.171060,0.068748
10.065737,-0.038309,1.738279,0.351065,0.184376,0.069813
9.984331,-0.201123,1.551522,0.271701,0.205415,0.065019
9.912501,-0.177180,1.364764,0.183949,0.227786,0.058228
9.826305,-0.119716,1.240260,0.109379,0.254019,0.047575
9.764053,-0.071830,1.029559,0.054650,0.287442,0.035058
9.720954,0.000000,0.905054,0.006047,0.319933,0.021876
9.701800,0.023943,0.708720,-0.035632,0.359482,0.010157
9.610816,0.009577,0.430978,-0.089429,0.420469,-0.004357
9.577295,0.028732,0.201123,-0.134171,0.476130,-0.014211
9.510254,0.143659,-0.076618,-0.180377,0.536851,-0.024198
9.448001,0.296896,-0.407035,-0.225652,0.605695,-0.030190
9.462368,0.498019,-0.679988,-0.256678,0.678400,-0.035117
9.505466,0.699142,-0.905054,-0.261339,0.758030,-0.036848
9.601239,0.747029,-0.976884,-0.240299,0.837393,-0.039911
9.653914,0.608158,-0.952941,-0.205678,0.913827,-0.042707
9.692223,0.335205,-0.838013,-0.164398,0.995587,-0.045637
9.826305,-0.296896,-0.474076,-0.125515,1.104246,-0.055624
9.950810,-1.048714,-0.110139,-0.129510,1.182011,-0.063214
10.127989,-1.757434,0.263376,-0.196889,1.257513,-0.071470
10.410520,-2.260241,0.775761,-0.325921,1.321430,-0.081190
10.740937,-2.480519,1.283357,-0.489975,1.373629,-0.089846
11.104874,-2.389535,1.647295,-0.659620,1.414775,-0.102629
11.464022,-2.063907,2.044752,-0.806496,1.444470,-0.115546
11.942887,-1.541944,2.375169,-0.951507,1.478293,-0.127530
12.388232,-1.110966,2.552349,-1.026210,1.513846,-0.133123
12.833576,-0.675199,2.672065,-1.076278,1.549800,-0.134588
13.283708,-0.263376,2.705586,-1.095587,1.603064,-0.137517
13.733841,0.100562,2.638545,-1.095853,1.650469,-0.147637
13.987640,0.354360,2.748684,-1.044320,1.701336,-0.155361
13.992428,0.450133,2.648122,-0.977207,1.744746,-0.158290
13.858346,0.517174,2.892343,-0.856697,1.772709,-0.162551
13.834403,0.483653,2.624179,-0.797308,1.785759,-0.170807
13.566239,0.545906,2.844457,-0.729796,1.785759,-0.186919
13.192724,0.502808,3.184451,-0.670140,1.780167,-0.204230
12.771323,0.598581,3.672893,-0.616077,1.772044,-0.217546
12.484004,0.756606,4.429499,-0.579325,1.754733,-0.224870
12.651607,0.890688,4.702452,-0.539910,1.728500,-0.231129
12.996390,0.656045,4.218798,-0.523664,1.653398,-0.235656
13.231033,0.421401,4.166123,-0.524996,1.516243,-0.254964
12.785689,0.584215,4.434288,-0.528058,1.407851,-0.276004
12.306824,0.598581,4.568369,-0.493037,1.281881,-0.286124
11.909366,0.320839,4.520483,-0.443768,1.135938,-0.283727
11.550218,-0.081407,4.429499,-0.403687,0.972151,-0.276936
11.224590,-0.344783,4.367247,-0.392768,0.797711,-0.272541
10.884596,-0.469287,4.304994,-0.399026,0.607293,-0.275870
10.434463,-0.502808,4.132603,-0.405285,0.344035,-0.284259
10.147145,-0.512385,3.984155,-0.407016,0.141898,-0.293048
9.926867,-0.531540,3.926691,-0.401689,-0.055445,-0.302902
9.740109,-0.598581,3.816552,-0.389838,-0.248128,-0.311025
9.558140,-0.603370,3.749511,-0.382914,-0.438147,-0.314753
9.471945,-0.526751,3.677681,-0.371462,-0.619378,-0.317150
9.385749,-0.593792,3.653738,-0.348425,-0.795016,-0.315153
9.222935,-0.708720,3.768666,-0.338172,-0.969456,-0.314886
8.969137,-0.770972,3.658527,-0.339370,-1.191301,-0.317949
8.839843,-0.766184,3.557965,-0.351621,-1.352158,-0.317150
8.791957,-0.694354,3.605851,-0.357347,-1.506491,-0.314221
8.782380,-0.521963,3.519656,-0.364405,-1.656828,-0.311424
8.787168,-0.325628,3.466981,-0.350290,-1.795847,-0.309027
8.782380,-0.071830,3.514867,-0.326054,-1.921284,-0.308495
8.801534,0.201123,3.548388,-0.277851,-2.027679,-0.309693
8.858998,0.301685,3.677681,-0.208474,-2.126883,-0.311690
8.935617,0.493231,3.773454,-0.098351,-2.261641,-0.315019
9.112796,0.593792,3.835706,-0.004473,-2.368436,-0.318881
9.170260,0.656045,3.965000,0.088872,-2.459384,-0.321811
9.285188,0.766184,4.060773,0.184748,-2.552863,-0.320213
9.457579,0.871534,4.170912,0.290477,-2.652200,-0.312356
9.462368,0.900266,4.223587,0.398736,-2.740086,-0.291716
9.577295,0.790127,4.166123,0.494744,-2.811193,-0.272675
9.653914,0.651256,4.084716,0.582364,-2.864990,-0.249372
9.629970,0.488442,3.941057,0.653338,-2.912661,-0.223672
9.629970,0.205912,3.735145,0.731503,-2.949813,-0.178797
9.658702,0.004789,3.768666,0.750545,-2.984701,-0.146572
9.831093,-0.244221,3.878804,0.748947,-3.023583,-0.111950
9.969964,-0.603370,3.596274,0.711396,-3.072054,-0.074799
10.104046,-0.866745,3.194028,0.616852,-3.142096,-0.036715
10.281227,-0.919420,2.973750,0.485024,-3.206279,-0.001694
10.199819,-0.943364,3.112621,0.375832,-3.252752,0.037189
10.094470,-1.043925,3.155719,0.284218,-3.265802,0.078069
10.051371,-1.230682,2.705586,0.148528,-3.266467,0.126939
10.060949,-1.364764,2.470942,0.051721,-3.249689,0.155968
10.046583,-1.359976,2.265030,-0.047084,-3.223324,0.183399
10.089680,-1.230682,2.092639,-0.148286,-3.186305,0.208300
10.108835,-0.943364,1.944191,-0.222589,-3.142495,0.230138
10.127989,-0.656045,1.709547,-0.249487,-3.097088,0.248913
10.175876,-0.426190,1.604197,-0.251884,-3.040228,0.256237
10.065737,-0.215489,1.613774,-0.213534,-2.967390,0.251310
9.768841,0.062252,1.518001,-0.190098,-2.908933,0.250911
9.634759,0.368726,1.412651,-0.138432,-2.858465,0.251310
9.280399,0.636890,1.460537,-0.042423,-2.804668,0.253840
9.218147,0.589004,1.474903,0.086076,-2.734360,0.257835
9.155895,0.359149,1.374342,0.178090,-2.664584,0.249047
9.337862,0.134082,0.933786,0.243738,-2.584821,0.229738
8.820689,-0.234644,1.015193,0.313780,-2.506789,0.211629
8.475907,-0.478865,0.991250,0.298733,-2.378955,0.199644
8.269994,-0.785338,0.842802,0.240808,-2.244996,0.194451
8.078449,-0.871534,0.627313,0.126157,-2.051249,0.202307
8.116758,-0.976884,0.627313,0.043864,-1.895185,0.207634
8.102392,-1.000827,0.660833,-0.046951,-1.731797,0.209099
8.126335,-1.010405,0.636890,-0.136834,-1.564948,0.202174
8.078449,-0.986461,0.737452,-0.228448,-1.398231,0.188991
7.915634,-0.909843,0.713508,-0.320595,-1.235643,0.166221
7.843804,-0.718297,0.703931,-0.391836,-1.069459,0.137725
7.853382,-0.421401,0.924209,-0.456951,-0.923383,0.096312
7.676202,0.004789,1.115755,-0.510614,-0.772645,0.052636
7.642681,0.440556,1.331244,-0.523398,-0.568910,-0.006088
7.628315,0.756606,1.350399,-0.526194,-0.418040,-0.044704
7.752820,0.938575,1.216316,-0.521667,-0.257982,-0.075065
7.858170,0.967307,1.211528,-0.505687,-0.094461,-0.103961
7.963521,1.015193,0.799704,-0.489708,0.090498,-0.140713
7.925211,0.914632,1.053502,-0.444567,0.282515,-0.180395
7.613949,0.747029,1.982500,-0.440705,0.492908,-0.213951
7.455924,0.622524,2.442210,-0.475327,0.731531,-0.245244
7.384094,0.416612,2.739106,-0.505022,0.921018,-0.268813
7.369729,0.186757,3.093466,-0.583187,1.125152,-0.287855
7.312264,0.488442,3.591485,-0.703830,1.247526,-0.290518
7.178183,1.211528,3.998521,-0.835658,1.352989,-0.285058
7.149451,2.087850,4.214010,-0.909961,1.448198,-0.275604
7.254801,2.935441,4.127814,-0.909828,1.532489,-0.253100
7.527754,3.907536,3.457403,-0.842716,1.601066,-0.220609
8.858998,4.530060,-0.076618,-0.734190,1.639017,-0.175068
13.202301,4.850900,-9.610816,-0.702631,1.460715,-0.119807
19.221630,7.556486,-13.934965,-0.190098,1.228884,0.002434
25.834753,9.031390,-6.397633,1.571876,1.414243,0.270352
24.062953,8.265206,-2.844457,2.551934,1.561917,0.216689
18.057989,5.334553,-1.518001,3.424399,1.596938,0.050372
12.038661,0.766184,0.560272,3.997520,1.597870,-0.089180
7.920423,-3.141353,1.321667,3.905773,1.610254,-0.141379
5.138219,-4.779070,1.532367,3.481259,1.592544,-0.149368
3.744722,-5.660181,2.509251,3.009872,1.580693,-0.130593
4.041618,-6.244396,4.132603,2.500668,1.582956,-0.122869
6.139046,-6.929173,5.487790,1.768420,1.644476,-0.148436
8.322669,-6.838189,6.033696,1.120863,1.717049,-0.194909
10.515871,-6.258762,6.100737,0.429496,1.803736,-0.256962
12.278093,-4.678508,5.870882,-0.196756,1.851807,-0.330599
13.317229,-3.074312,5.516522,-0.647636,1.820381,-0.418884
13.590182,-1.470115,5.008925,-1.005437,1.722641,-0.512096
13.020333,-0.143659,4.577947,-1.264300,1.598536,-0.597585
11.760918,0.885900,4.304994,-1.395330,1.450196,-0.642593
9.730532,1.110966,4.209221,-1.387873,1.320764,-0.593058
8.811112,0.857168,4.161334,-1.366700,1.243265,-0.507968
8.705761,0.632101,4.391190,-1.405716,1.215568,-0.433931
9.433636,0.684777,4.606679,-1.479088,1.195327,-0.389190
10.305170,1.187584,4.946673,-1.518503,1.170426,-0.372811
10.951637,2.145314,5.243569,-1.454453,1.137536,-0.381999
11.210224,3.275435,5.138219,-1.246057,1.088134,-0.404636
11.128817,4.079927,5.071177,-0.907431,1.034070,-0.412892
10.582911,4.530060,5.018503,-0.334177,0.958036,-0.410895
9.955598,4.194855,4.836534,0.083546,0.919287,-0.385062
9.639548,3.294589,4.577947,0.448538,0.888660,-0.338056
9.730532,2.035175,4.554004,0.611392,0.858699,-0.284259
10.151933,0.804493,4.419921,0.595680,0.813691,-0.227400
10.472772,-0.167603,4.348092,0.411519,0.759361,-0.194376
10.712204,-0.574638,4.266685,0.099392,0.695977,-0.176666
10.664319,-0.397458,4.137392,-0.250952,0.619676,-0.167345
10.487138,0.234644,4.027253,-0.634986,0.537517,-0.163217
10.333902,0.823647,3.806975,-0.838987,0.474266,-0.159089
10.190242,1.527578,3.658527,-0.954570,0.416341,-0.144441
10.185454,2.245876,3.538810,-0.962826,0.365873,-0.122736
10.166299,2.801359,3.395151,-0.882797,0.317270,-0.096104
10.151933,3.165296,3.275435,-0.727532,0.274525,-0.066676
10.132779,3.366419,3.131775,-0.521533,0.236708,-0.049765
10.080103,3.404728,2.930652,-0.207808,0.203817,-0.030856
10.108835,3.045580,2.868400,0.034410,0.192632,-0.014610
10.166299,2.600235,2.700797,0.230288,0.182911,-0.003025
10.171088,2.217144,2.317705,0.372770,0.173324,0.010557
10.118412,2.039964,2.111793,0.455462,0.152817,0.023873
10.089680,2.039964,1.862784,0.514718,0.138702,0.032129
10.008274,1.996866,1.690392,0.568382,0.127117,0.037722
9.907711,1.925036,1.580254,0.605267,0.117663,0.042515
9.845459,1.776588,1.336033,0.630834,0.115000,0.049173
9.859826,1.489269,1.240260,0.637092,0.113801,0.053701
9.878980,1.182796,1.125332,0.592217,0.114867,0.047442
9.773630,0.976884,0.833225,0.559860,0.132710,0.039586
9.697011,0.838013,0.861956,0.527502,0.156013,0.033327
9.735321,0.770972,0.900266,0.512188,0.173324,0.028267
9.821516,0.689565,0.852379,0.528301,0.196627,0.024139
9.950810,0.488442,0.727874,0.562123,0.217666,0.013486
9.998696,0.215489,0.689565,0.569713,0.241502,-0.003425
10.041794,0.100562,0.646467,0.531630,0.266403,-0.021535
9.792784,0.584215,0.794915,0.496475,0.292902,-0.040577
9.629970,0.986461,0.814070,0.533893,0.331385,-0.050564
9.711378,0.866745,0.881111,0.592351,0.379855,-0.050031
9.955598,0.713508,0.818859,0.611925,0.433519,-0.054825
10.046583,0.512385,0.775761,0.581165,0.479725,-0.074266
9.811939,0.354360,1.019982,0.550805,0.510618,-0.085718
9.663491,0.119716,1.096600,0.505797,0.552963,-0.093175
9.606027,-0.028732,1.115755,0.438950,0.599836,-0.098235
9.701800,-0.114928,1.211528,0.367177,0.639251,-0.099566
9.864614,-0.086196,1.268992,0.294338,0.675337,-0.098501
9.955598,0.023943,1.278569,0.220035,0.707029,-0.102096
9.984331,0.129293,1.240260,0.149194,0.732996,-0.111151
9.926867,0.306473,1.182796,0.080750,0.761092,-0.119674
9.778418,0.440556,1.245048,0.026687,0.792385,-0.120073
9.821516,0.550694,1.067868,-0.018987,0.825808,-0.113815
9.869402,0.799704,0.814070,-0.081972,0.874012,-0.110219
9.826305,1.034348,0.675199,-0.102745,0.911430,-0.107556
9.831093,1.173219,0.445344,-0.115795,0.958169,-0.102629
9.831093,1.336033,0.268164,-0.119923,1.004775,-0.105426
9.783207,1.388708,0.210700,-0.111267,1.055376,-0.113815
9.826305,1.422228,0.363937,-0.103144,1.114233,-0.124601
9.831093,1.278569,0.569849,-0.110468,1.162570,-0.135253
9.768841,1.096600,0.747029,-0.138831,1.218098,-0.149501
9.878980,0.747029,1.168430,-0.214733,1.270829,-0.159222
10.032217,-0.028732,1.268992,-0.330582,1.335678,-0.176134
10.127989,-0.454922,0.981673,-0.463343,1.376425,-0.193045
10.228551,-0.545906,0.790127,-0.592375,1.417971,-0.206627
10.228551,-0.306473,0.737452,-0.692910,1.461514,-0.219544
10.305170,0.181969,0.900266,-0.765749,1.504259,-0.233659
10.381788,0.670411,1.072657,-0.792381,1.547669,-0.247640
10.491927,1.316878,1.010405,-0.789851,1.585886,-0.276803
10.501504,1.886727,1.024770,-0.689715,1.630095,-0.312756
10.683473,1.537156,1.101389,-0.607155,1.670576,-0.327803
10.827133,0.593792,1.010405,-0.551894,1.706662,-0.327137
10.827133,-0.459710,1.173219,-0.566542,1.749806,-0.318615
10.918116,-0.919420,1.455749,-0.649101,1.797477,-0.305432
10.942060,-0.991250,1.896304,-0.700634,1.846880,-0.293314
10.908539,-0.866745,2.475731,-0.725535,1.896149,-0.283860
10.989946,-0.469287,3.131775,-0.690380,1.953408,-0.268413
11.037833,-0.373515,3.711202,-0.623001,1.991358,-0.256695
11.195858,-0.426190,4.175701,-0.551095,2.026379,-0.236588
11.286843,-0.339994,4.750338,-0.480121,2.048084,-0.212220
11.559795,-0.296896,5.157373,-0.411676,2.075915,-0.191447
11.804017,-0.416612,5.497367,-0.348958,2.075249,-0.181060
11.832748,-0.656045,5.617084,-0.318198,2.064463,-0.171207
11.985985,-0.943364,5.387228,-0.332047,2.051547,-0.148303
12.076970,-0.933786,5.262723,-0.366801,2.028377,-0.128063
12.024294,-0.636890,5.214837,-0.400358,2.006805,-0.112749
11.827960,-0.550694,5.578774,-0.436977,1.996418,-0.092376
12.393020,1.695181,4.659354,-0.692378,1.987763,-0.074532
13.695532,3.045580,4.630622,-0.646171,1.952076,-0.024331
14.969312,1.968134,5.123853,-0.443768,1.956604,0.042249
15.328461,0.090984,3.045580,-0.199552,1.963794,0.133197
14.916637,-0.627313,1.565888,-0.093424,1.982437,0.157566
14.404252,-1.206739,0.287319,-0.122586,1.996685,0.148378
14.069046,-1.819686,-1.134909,-0.241498,2.016525,0.128270
14.021160,-2.446999,-2.207566,-0.422063,2.053278,0.093915
14.107356,-2.710374,-3.342476,-0.658688,2.100949,0.053434
14.097779,-2.470942,-4.381612,-0.904768,2.157809,-0.001561
13.887078,-1.589831,-5.085544,-1.243394,2.261008,-0.101164
13.992428,-0.526751,-5.061600,-1.505720,2.354086,-0.185854
14.303690,0.828436,-4.616256,-1.767779,2.447565,-0.276536
14.710725,2.442210,-4.022464,-1.976707,2.534252,-0.362158
15.156069,4.142180,-3.179662,-2.028373,2.566743,-0.430469
15.093817,5.837361,-2.298551,-1.856197,2.516941,-0.477874
14.437772,7.460712,-0.747029,-1.442735,2.380186,-0.507303
12.110489,8.830266,2.753472,-0.371862,2.320530,-0.536997
10.515871,9.198992,6.728050,0.519246,2.437844,-0.600648
10.041794,7.479867,9.725744,1.332055,2.572735,-0.674818
11.578949,4.185278,8.715339,1.443243,2.558487,-0.705445
14.476081,-0.076618,5.511733,1.454296,2.439708,-0.627546
17.852077,-2.696008,4.874843,1.047625,2.295762,-0.562031
19.101915,-3.423883,5.688913,0.416579,2.162203,-0.607705
16.894348,-1.326455,5.966655,-0.484382,1.955006,-0.787338
14.227072,0.306473,6.282705,-0.899442,1.762190,-0.879751
12.081758,1.546733,7.135085,-1.208373,1.600533,-0.905584
10.788823,2.825302,7.489445,-1.393332,1.444736,-0.881616
9.979541,3.969789,7.384094,-1.411842,1.271095,-0.834211
9.567718,4.745550,7.135085,-1.279081,1.089332,-0.795328
9.419270,5.123853,7.178183,-1.070153,0.882801,-0.767497
9.318708,5.277090,7.211703,-0.827668,0.684392,-0.741398
8.959560,5.104698,7.436769,-0.507552,0.433918,-0.693993
8.519004,4.908364,7.451135,-0.241764,0.277854,-0.643792
8.150279,4.496540,7.604372,0.069564,0.099819,-0.583603
7.431981,3.917114,7.834227,0.328161,-0.108576,-0.511164
6.833400,3.217971,7.877325,0.552536,-0.300327,-0.434464
6.493406,2.312917,7.499022,0.726310,-0.498735,-0.353370
6.421576,1.834052,7.479867,0.822451,-0.738290,-0.273074
6.148623,1.350399,7.431981,0.820986,-1.021788,-0.195309
5.947500,1.110966,7.082409,0.784634,-1.307549,-0.130859
5.641026,0.828436,6.967482,0.758934,-1.604896,-0.061882
5.229203,0.349571,6.732838,0.685563,-2.008770,0.037056
4.855689,0.186757,6.469463,0.568515,-2.317702,0.113756
4.443865,0.440556,6.474251,0.412585,-2.621440,0.186595
4.132603,0.790127,6.589179,0.318440,-2.919718,0.262496
3.965000,1.283357,6.675374,0.246534,-3.210007,0.337598
3.950634,1.853207,6.799880,0.209915,-3.470468,0.390995
3.988943,2.360803,6.962693,0.241341,-3.706029,0.438800
4.175701,2.830090,7.211703,0.308720,-3.927074,0.485139
4.434288,3.112621,7.408038,0.435488,-4.142394,0.537072
4.692874,3.198817,7.657047,0.559860,-4.357714,0.587939
4.779070,3.347265,7.992252,0.758668,-4.388474,0.649592
4.889209,3.275435,8.102392,0.914198,-4.388474,0.688342
5.214837,3.103044,8.432808,1.071727,-4.388474,0.742405
5.406383,2.863611,8.696185,1.217138,-4.388474,0.788345
5.664970,2.408690,8.806324,1.316608,-4.388474,0.840410
5.708068,2.068696,8.997869,1.370671,-4.388474,0.894340
5.904402,1.680815,9.524621,1.397969,-4.388474,0.949602
6.210875,1.340821,9.850248,1.366543,-4.388474,0.996075
6.617911,1.077446,10.156722,1.287180,-4.388474,1.046143
7.235646,0.723086,10.233340,1.164673,-4.388474,1.090219
7.834227,0.201123,10.142355,0.917794,-4.388474,1.119381
8.217319,-0.100562,9.984331,0.676108,-4.388474,1.124574
8.490272,-0.220278,9.687434,0.429363,-4.388474,1.117783
8.777591,0.095773,9.428847,0.250262,-4.388474,1.116718
8.595623,0.210700,9.237301,0.159980,-4.388474,1.140021
9.519831,0.047886,8.892518,0.140672,-4.388474,1.154269
10.190242,-0.268164,8.648298,0.110844,-4.388474,1.118715
10.750514,-0.818859,8.274784,0.077687,-4.388474,1.032427
10.554180,-1.221105,7.862959,0.007645,-4.388474,0.926166
10.204608,-1.455749,7.355362,-0.177181,-4.388474,0.781953
10.075315,-1.513213,7.360151,-0.285840,-4.388474,0.682483
9.577295,-1.259414,7.111141,-0.392368,-4.388474,0.568631
9.730532,-1.283357,6.340169,-0.485314,-4.388474,0.420024
9.424058,-1.436594,5.751165,-0.575463,-4.388474,0.263561
9.103219,-1.608985,5.257935,-0.705428,-4.388474,0.129069
8.662664,-1.484481,4.865266,-0.852969,-4.238802,0.015218
8.514216,-1.187584,4.659354,-1.004771,-3.806298,-0.087183
8.313093,-1.192373,4.554004,-1.080806,-3.498965,-0.151765
7.527754,-0.952941,4.458231,-1.195323,-3.165132,-0.191447
6.929173,-0.536328,4.046407,-1.335541,-2.780433,-0.211288
6.435942,-0.009577,3.773454,-1.433147,-2.397997,-0.221275
6.124680,0.756606,3.529233,-1.458847,-2.003311,-0.229664
6.004964,1.570676,3.251492,-1.379351,-1.594776,-0.242580
5.784686,2.274607,3.237126,-1.228880,-1.174389,-0.249771
5.655393,3.059946,3.036002,-0.970949,-0.576500,-0.237920
5.755954,3.466981,3.016848,-0.729929,-0.126420,-0.213152
6.048062,3.543599,3.275435,-0.435912,0.319667,-0.186653
6.282705,3.165296,3.835706,-0.126314,0.750972,-0.169342
6.665797,2.758261,4.218798,0.123760,1.163768,-0.156426
7.024946,2.456576,4.779070,0.307654,1.535418,-0.149102
7.475079,2.298551,5.229203,0.428697,1.863791,-0.142710
7.872536,2.681643,5.641026,0.544013,2.134639,-0.143509
8.332247,3.050368,5.415960,0.666654,2.357815,-0.144708
10.506293,3.663315,0.933786,0.777709,2.467139,-0.129927
16.329288,4.501328,-12.546257,0.682766,2.057539,-0.043906
24.091684,7.537331,-12.000350,1.728073,1.549933,0.311099
31.969009,6.172566,-3.835706,3.645179,1.649670,0.666903
28.616956,6.196510,0.450133,4.229085,1.763921,0.561440
18.326152,5.066389,1.221105,4.229085,1.747675,0.286198
10.429675,-0.416612,4.654565,4.229085,1.888559,0.077803
6.019330,-6.866920,5.176528,4.229085,2.042891,-0.015542
2.384746,-11.516697,4.060773,4.229085,2.167263,-0.109553
3.706413,-10.391366,4.338514,3.320667,2.304551,-0.181327
6.838189,-6.004964,5.818207,2.242737,2.404953,-0.272275
9.036178,-1.575465,7.920423,1.561357,2.447565,-0.351772
10.807977,1.340821,9.160683,1.215273,2.465808,-0.432200
11.938098,2.791781,9.294765,1.071061,2.416672,-0.508501
12.857519,3.763877,9.136739,1.079583,2.314671,-0.538196
13.207090,4.261896,8.777591,1.269736,2.146090,-0.540726
12.024294,2.490097,7.197337,1.610892,1.904937,-0.515958
10.807977,-0.057464,6.048062,1.594513,1.728234,-0.471749
10.037006,-2.451787,5.712856,1.315277,1.620774,-0.427673
9.462368,-3.821341,5.875670,0.787696,1.539546,-0.417420
9.500677,-4.453442,6.325803,0.201393,1.514778,-0.410762
9.912501,-5.042446,6.402421,-0.399159,1.504259,-0.402506
10.736148,-5.095121,6.335381,-1.033667,1.451527,-0.395315
11.502331,-4.582736,6.148623,-1.609185,1.329153,-0.435929
11.526275,-2.102216,5.942711,-2.158870,1.233411,-0.554708
11.411347,0.612947,5.669758,-2.239032,1.223557,-0.586000
11.056987,2.825302,5.186105,-1.998811,1.196792,-0.584269
10.487138,4.740761,4.716818,-1.514242,1.167364,-0.561366
9.768841,5.708068,4.185278,-0.837922,1.149653,-0.498115
9.792784,5.650604,3.907536,-0.133106,1.110904,-0.397046
9.586873,5.143007,3.715990,0.540285,1.049917,-0.315419
9.960387,2.983327,2.940229,1.313412,1.021287,-0.233126
10.381788,1.168430,2.356014,1.493578,0.972417,-0.211421
10.645164,-0.277742,2.020809,1.391977,0.927942,-0.230995
10.635586,-1.532367,1.838841,1.074124,0.878806,-0.278933
10.314747,-2.475731,1.695181,0.577969,0.831800,-0.333129
10.075315,-2.763050,1.585042,-0.022449,0.787591,-0.374143
9.874192,-2.178835,1.484481,-0.626197,0.749774,-0.393983
9.802362,-1.316878,1.297723,-1.103976,0.736458,-0.388923
9.807150,0.095773,1.024770,-1.514774,0.727270,-0.361892
10.003485,0.967307,0.876322,-1.608120,0.736191,-0.337390
10.118412,1.824475,0.574638,-1.547132,0.736325,-0.318615
9.874192,2.657699,0.751818,-1.382280,0.742583,-0.311424
9.606027,3.524445,1.024770,-1.137266,0.750972,-0.315952
9.304343,4.223587,1.010405,-0.800104,0.752836,-0.318348
9.074487,4.539638,1.039137,-0.394366,0.782265,-0.311025
9.007446,4.333726,1.288146,0.003916,0.815422,-0.300638
9.122374,3.596274,1.551522,0.333354,0.844850,-0.291716
9.299553,2.552349,1.838841,0.592750,0.875344,-0.278001
9.380961,1.810109,2.016021,0.651740,0.893453,-0.262288
9.634759,0.976884,2.140525,0.603669,0.915691,-0.247907
9.965176,0.421401,2.346437,0.475569,0.925279,-0.236588
10.204608,0.143659,2.509251,0.296336,0.923947,-0.233925
10.262072,0.134082,2.705586,0.100590,0.917555,-0.234990
10.209397,0.402246,2.983327,-0.082638,0.905038,-0.239251
10.175876,0.727874,3.064734,-0.215532,0.892921,-0.238452
10.190242,1.039137,3.059946,-0.297558,0.880004,-0.230463
10.314747,1.312089,2.906709,-0.342966,0.866955,-0.216747
10.338690,1.474903,2.662488,-0.336574,0.857633,-0.208891
10.286015,1.551522,2.403901,-0.311007,0.857500,-0.201833
10.252494,1.599408,2.030386,-0.276652,0.865090,-0.195974
10.204608,1.637717,1.685604,-0.236970,0.880937,-0.194110
10.113624,1.546733,1.427017,-0.202216,0.909300,-0.192779
9.946022,1.383919,1.082234,-0.183174,0.951378,-0.194776
9.883769,1.029559,0.933786,-0.187435,1.001446,-0.196906
9.922078,0.450133,0.699142,-0.255746,1.070690,-0.212486
9.883769,0.114928,0.488442,-0.344830,1.122489,-0.233259
9.941232,-0.100562,0.450133,-0.452423,1.171758,-0.259359
10.132779,0.344783,0.263376,-0.591309,1.208643,-0.299839
10.386577,0.521963,0.292108,-0.683589,1.244996,-0.360161
10.482350,1.819686,0.210700,-0.792780,1.260709,-0.442853
10.338690,2.365592,0.512385,-0.833527,1.301589,-0.519953
10.242918,1.834052,0.785338,-0.902105,1.349260,-0.546185
10.496716,0.335205,0.933786,-1.022748,1.437812,-0.505971
10.726571,-0.196335,1.077446,-1.160702,1.509851,-0.459099
10.760091,-0.081407,1.197162,-1.245791,1.580027,-0.423412
10.669107,0.086196,1.393496,-1.235804,1.646341,-0.396780
10.544602,0.215489,1.561099,-1.144190,1.714252,-0.380534
10.645164,0.296896,1.738279,-1.007035,1.782430,-0.360827
10.894173,0.172391,1.901093,-0.844314,1.858331,-0.337523
11.282053,-0.196335,2.150103,-0.631923,1.962063,-0.304899
11.593316,-0.579426,2.356014,-0.479988,2.028510,-0.278800
11.851902,-0.967307,2.561926,-0.361076,2.096821,-0.260024
12.057815,-1.369553,2.576292,-0.282777,2.151150,-0.241116
12.096124,-1.608985,2.753472,-0.262937,2.195493,-0.232194
12.148799,-1.589831,2.940229,-0.286106,2.235973,-0.222873
12.191897,-1.446171,3.237126,-0.310342,2.263538,-0.214883
12.249361,-1.431806,3.653738,-0.365603,2.297094,-0.214484
12.167954,-1.431806,3.591485,-0.440439,2.311608,-0.222074
12.005140,-1.422228,3.534022,-0.514343,2.321462,-0.229264
11.799227,-1.398285,3.486135,-0.604625,2.324658,-0.231262
11.598105,-1.532367,3.519656,-0.687983,2.326789,-0.225669
11.430501,-1.115755,3.256280,-0.904102,2.340371,-0.218079
12.124855,0.909843,2.126159,-1.155642,2.331849,-0.192246
13.331595,0.660833,2.006443,-1.134736,2.349958,-0.089979
14.739458,-0.162814,0.426190,-1.104508,2.393102,0.001103
16.046756,-0.770972,-1.757434,-1.007301,2.448097,0.063155
16.894348,-1.249837,-3.064734,-0.890653,2.499897,0.078202
17.248708,-2.011232,-4.055984,-0.827003,2.556756,0.050638
17.205610,-2.935441,-5.329764,-0.861225,2.608156,-0.014877
16.832096,-3.241914,-6.230030,-1.004904,2.634388,-0.104094
15.836057,-2.054330,-5.981020,-1.349523,2.650501,-0.231395
15.089029,0.272953,-5.018503,-1.707457,2.638117,-0.303568
14.701148,2.983327,-3.490924,-2.032900,2.580725,-0.354967
14.255804,5.827784,-1.450960,-2.208938,2.443836,-0.371879
13.973274,8.504638,0.675199,-2.139562,2.240235,-0.350440
13.465677,11.167126,1.733490,-1.659253,1.960998,-0.279998
12.306824,13.068220,3.217971,-0.523930,1.785892,-0.170408
10.611643,11.674723,8.571680,1.457891,1.862060,-0.080258
10.879807,8.509427,10.228551,2.202256,1.906269,-0.058686
11.756130,4.999348,8.380133,2.402129,1.795347,-0.032986
13.527930,1.106178,5.214837,2.539018,1.620108,0.023740
15.903099,-2.279396,4.017675,2.484289,1.388676,0.091518
17.612646,-4.041618,4.702452,2.134211,1.109572,0.087923
17.607856,-4.348092,5.933134,1.517547,0.821947,0.036523
15.385925,-3.194028,6.072005,0.606199,0.439244,-0.044438
12.991600,-2.341649,6.158201,0.113107,0.141365,-0.091044
10.932482,-1.776588,6.804668,-0.346961,-0.104848,-0.138582
9.716166,-1.201951,7.029735,-0.798906,-0.311645,-0.175867
8.921251,-0.014366,6.747204,-1.205710,-0.522304,-0.184256
8.744071,1.331244,6.502983,-1.441536,-0.718849,-0.186919
8.710550,2.667277,6.344958,-1.574031,-0.931772,-0.189050
8.825478,3.907536,6.268340,-1.562313,-1.137904,-0.179729
8.672241,5.205260,6.641854,-1.339403,-1.418339,-0.146439
8.562102,5.502156,6.670586,-1.002774,-1.576799,-0.115546
8.437597,5.138219,6.713684,-0.621670,-1.734594,-0.087582
8.360979,4.740761,6.919596,-0.353885,-1.916757,-0.066809
8.188588,4.223587,7.082409,-0.130709,-2.128614,-0.047900
7.968309,3.677681,7.451135,0.104319,-2.344733,-0.017673
7.733665,3.016848,7.709722,0.284751,-2.553795,0.027468
7.752820,2.537983,7.771975,0.460789,-2.750339,0.067683
7.987464,1.637717,7.930000,0.614189,-3.047819,0.103769
8.025774,0.569849,7.786341,0.613390,-3.274191,0.098043
7.728877,-0.148448,8.083237,0.461854,-3.477926,0.059427
7.628315,-0.866745,8.198164,0.306056,-3.669543,0.075539
7.403249,-1.336033,8.202954,0.055582,-3.903505,0.109362
7.187760,-1.594620,8.384922,-0.236438,-4.134138,0.150375
6.795091,-1.537156,8.461541,-0.560816,-4.369432,0.181002
6.689741,-0.876322,8.566890,-0.845112,-4.388474,0.212827
6.565236,-0.105350,8.667452,-1.028341,-4.388474,0.239592
6.780725,0.593792,8.653086,-1.117824,-4.388474,0.258634
6.938750,1.680815,8.643509,-1.145521,-4.388474,0.253441
7.034523,2.130948,8.653086,-1.039260,-4.388474,0.250112
7.221280,2.298551,8.566890,-0.895846,-4.388474,0.247049
7.585217,2.107005,8.662664,-0.745509,-4.388474,0.262762
7.958732,1.781377,8.772803,-0.630059,-4.388474,0.290193
8.217319,1.470115,8.830266,-0.556555,-4.388474,0.325081
8.495061,1.178007,9.007446,-0.523398,-4.388474,0.349183
8.873364,0.919420,9.122374,-0.490108,-4.388474,0.382873
9.060121,0.656045,9.136739,-0.459481,-4.388474,0.414032
9.218147,0.311262,8.835055,-0.436977,-4.388474,0.441596
9.108008,0.162814,8.586046,-0.415272,-4.388474,0.462502
9.036178,0.158025,8.351402,-0.386909,-4.388474,0.486871
9.122374,0.124505,8.054506,-0.342034,-4.388474,0.510307
9.045756,0.124505,7.704934,-0.276119,-4.388474,0.528017
9.285188,-0.263376,7.561274,-0.235239,-4.388474,0.534542
9.649125,-0.641679,7.379306,-0.238169,-4.388474,0.512038
9.878980,-0.909843,6.929173,-0.269595,-4.388474,0.470092
9.993907,-0.823647,6.416788,-0.306613,-4.388474,0.399384
9.998696,-0.435767,6.469463,-0.308477,-4.388474,0.311898
9.653914,0.272953,6.378479,-0.252683,-4.388474,0.174743
8.997869,0.732663,6.210875,-0.109536,-4.388474,0.084594
8.217319,0.895477,5.937923,0.098060,-4.276220,0.023207
7.369729,0.933786,5.674547,0.314579,-3.942388,-0.010882
6.603545,0.842802,5.334553,0.484091,-3.554226,-0.017673
5.885248,0.828436,4.870054,0.592084,-3.114265,-0.006088
5.315399,0.565060,4.558792,0.644816,-2.633158,0.011356
4.893998,0.052675,4.089505,0.627505,-2.130745,0.016549
4.429499,-0.469287,3.821341,0.548541,-1.606494,0.009092
3.816552,-0.225066,3.840495,0.280490,-0.888628,-0.022200
3.845284,0.603370,4.166123,0.078220,-0.346001,-0.055091
4.257108,1.484481,4.764704,-0.030306,0.163869,-0.103828
4.745550,2.121371,5.363285,-0.040959,0.653765,-0.145507
5.425538,2.403901,5.784686,0.026154,1.114632,-0.179596
6.201298,2.427844,6.244396,0.130285,1.530891,-0.199437
6.823822,2.217144,6.814245,0.223764,1.880836,-0.211421
7.336208,2.130948,7.149451,0.278226,2.173921,-0.220343
7.992252,2.202778,6.972270,0.283153,2.404288,-0.237121
9.467156,2.442210,4.257108,0.223098,2.537315,-0.250570
17.378002,3.012059,-10.530236,0.091935,2.171524,-0.157757
26.639245,2.614601,-8.274784,1.169733,1.872446,0.308969
33.372085,3.668104,-4.008098,2.404659,2.041160,0.691404
28.861177,5.310610,-0.804493,3.428394,2.118659,0.499254
18.000526,6.598756,1.896304,4.216036,2.066860,0.183532
10.065737,4.151757,5.497367,4.229085,2.190166,-0.031522
5.593140,-0.641679,4.922729,4.229085,2.263138,-0.122736
2.212355,-4.750338,4.774281,4.229085,2.240501,-0.140846
1.594620,-7.077621,5.066389,3.907637,2.253284,-0.134721
4.395978,-5.545254,4.793436,2.944756,2.354086,-0.203298
7.230857,-1.637717,5.937923,2.230619,2.455954,-0.309160
9.352229,2.197989,8.193376,1.875614,2.537315,-0.430469
11.473600,3.984155,9.874192,1.945124,2.614547,-0.523149
13.657223,2.925864,10.008274,2.245400,2.642112,-0.541658
14.935791,0.426190,9.289977,2.443009,2.566477,-0.532070
14.461715,-2.427844,8.164645,2.394939,2.390306,-0.535000
12.287670,-5.497367,6.277917,1.783468,2.097886,-0.587465
10.535025,-6.550869,5.578774,1.014069,1.896948,-0.632207
9.538986,-6.368901,5.521310,0.109246,1.698673,-0.679745
8.566890,-5.502156,5.607506,-0.591176,1.553927,-0.710239
8.222108,-4.908364,6.282705,-1.202115,1.493340,-0.705844
9.017024,-4.271473,6.148623,-1.749935,1.495736,-0.677614
9.634759,-3.002482,5.890036,-2.159402,1.498799,-0.629277
10.487138,-1.072657,6.000175,-2.378850,1.486815,-0.599316
11.267688,2.624179,6.162989,-2.333576,1.413444,-0.606507
11.258111,5.219625,5.995387,-1.931566,1.370966,-0.607439
10.784034,7.302687,5.794263,-1.282144,1.319832,-0.613431
10.108835,8.083237,5.550042,-0.468003,1.262840,-0.594389
9.510254,7.628315,5.492578,0.367710,1.199455,-0.549381
9.103219,6.756782,5.473424,1.204488,1.150452,-0.484399
9.122374,5.272301,5.090332,1.797849,1.119559,-0.395049
9.730532,3.217971,4.549215,2.167235,1.100784,-0.316884
10.664319,0.766184,4.094294,2.172162,1.071888,-0.262288
11.095296,-1.173219,3.749511,1.934870,1.037133,-0.243246
11.253322,-2.581081,3.419094,1.459489,0.983070,-0.248306
10.999524,-3.232337,3.280223,0.831506,0.901310,-0.269079
10.563756,-2.973750,3.179662,0.174761,0.814889,-0.293314
10.281227,-2.207566,3.155719,-0.425126,0.742716,-0.309959
10.123201,-1.010405,2.940229,-0.881465,0.667880,-0.313821
10.127989,0.727874,2.897132,-1.213300,0.564149,-0.305698
10.156722,1.886727,2.930652,-1.256843,0.505292,-0.296244
10.127989,2.834879,3.031214,-1.143790,0.477861,-0.288121
10.037006,3.433460,3.160507,-0.903170,0.477195,-0.279199
10.094470,2.921075,3.036002,-0.577727,0.496104,-0.263886
10.027428,2.341649,2.954596,-0.319796,0.520206,-0.262022
9.946022,1.652083,2.863611,-0.088497,0.546438,-0.254964
9.878980,1.072657,2.715163,0.020961,0.574935,-0.246043
9.524621,1.130121,2.461365,0.127622,0.589050,-0.234191
9.462368,1.130121,2.389535,0.155586,0.607692,-0.220343
9.515043,1.192373,2.370380,0.166904,0.623005,-0.198371
9.644336,0.579426,1.910670,0.167304,0.637120,-0.187319
9.859826,-0.062252,1.810109,0.081815,0.658160,-0.183857
10.108835,0.038309,1.762222,-0.072251,0.670011,-0.198771
10.151933,0.268164,1.771800,-0.192362,0.668812,-0.215549
10.017850,0.608158,1.872361,-0.267331,0.668014,-0.225136
10.003485,0.924209,1.972923,-0.308477,0.687322,-0.229131
10.209397,1.039137,2.102216,-0.324590,0.721677,-0.226468
10.400942,1.053502,2.174046,-0.329517,0.749641,-0.221142
10.535025,0.948152,1.996866,-0.332446,0.774542,-0.214350
10.578123,0.794915,1.972923,-0.350156,0.799043,-0.212087
10.654741,0.684777,1.838841,-0.395830,0.823811,-0.214617
10.764880,0.589004,1.618563,-0.451225,0.845383,-0.218612
10.870230,0.502808,1.412651,-0.518338,0.865490,-0.228865
10.898962,0.249010,1.039137,-0.588912,0.904506,-0.245643
11.033044,0.354360,0.445344,-0.713950,0.921550,-0.276137
10.769668,1.221105,-0.067041,-0.796243,0.936997,-0.334594
10.257284,1.374342,-0.210700,-0.864287,0.970686,-0.389456
9.682645,0.775761,-0.651256,-0.942452,1.024217,-0.400109
9.376173,-0.119716,-0.895477,-1.005437,1.098387,-0.362957
9.323497,-0.354360,-0.900266,-1.108104,1.186272,-0.315019
9.251667,0.162814,-0.895477,-1.171887,1.275357,-0.279199
9.112796,1.134909,-0.608158,-1.125281,1.408650,-0.266150
9.112796,1.743068,-0.277742,-0.990656,1.522235,-0.267748
9.304343,1.910670,0.124505,-0.797175,1.634223,-0.258160
9.831093,1.556310,0.464499,-0.597435,1.746876,-0.239118
10.300381,0.976884,0.727874,-0.436178,1.838224,-0.219943
10.640375,0.392669,1.010405,-0.334577,1.919186,-0.211288
10.918116,-0.110139,1.240260,-0.275986,1.987097,-0.213285
11.090508,-0.531540,1.541944,-0.258409,2.045554,-0.221408
11.138394,-0.943364,1.910670,-0.281845,2.113599,-0.233526
11.162338,-1.321667,2.202778,-0.320462,2.164866,-0.241515
11.191069,-1.642506,2.614601,-0.371595,2.206279,-0.243779
11.248533,-1.786165,2.748684,-0.428055,2.245827,-0.242181
11.238956,-1.848418,2.978539,-0.472664,2.276587,-0.242847
11.238956,-1.656872,3.443037,-0.554291,2.303486,-0.240184
11.344306,-1.278569,3.610640,-0.610351,2.330650,-0.231395
11.358672,-0.828436,3.725568,-0.622202,2.365272,-0.213818
11.200647,-0.550694,3.610640,-0.595437,2.391371,-0.194376
11.061776,-0.392669,3.141353,-0.523264,2.419335,-0.168943
11.023467,-0.502808,2.940229,-0.395697,2.457552,-0.144974
10.913328,-0.900266,2.968961,-0.327386,2.510550,-0.125266
11.531064,0.483653,1.551522,-0.476925,2.565944,-0.116877
13.044276,0.277742,1.383919,-0.360143,2.627064,-0.053227
14.835230,-0.823647,0.703931,-0.298757,2.715083,-0.004756
16.482524,-2.059118,-0.675199,-0.201816,2.798175,0.015617
17.502506,-3.232337,-1.604197,-0.161602,2.871680,-0.015809
17.650955,-4.410344,-2.284185,-0.245759,2.920017,-0.100365
17.076316,-4.984982,-2.916286,-0.551095,2.937461,-0.215549
16.472946,-3.941057,-3.653738,-1.023680,2.951975,-0.327537
16.199995,-1.570676,-3.438249,-1.557252,2.943453,-0.419284
15.979717,0.684777,-2.830090,-1.916918,2.847445,-0.437660
16.046756,3.261069,-1.527578,-2.221189,2.635320,-0.422213
15.318883,6.105525,0.665622,-2.360474,2.319465,-0.377072
14.112144,9.347440,3.375996,-2.133303,2.045421,-0.304633
12.546257,12.024294,5.521310,-1.351920,1.893752,-0.187985
10.305170,12.416963,9.629970,0.468379,1.960598,0.015883
10.448829,9.103219,8.954771,1.433257,2.047419,0.140654
11.703454,5.880459,5.957077,1.735796,1.898546,0.238660
12.958081,2.466153,4.836534,1.992129,1.651401,0.355841
15.132126,0.095773,4.558792,2.075088,1.468705,0.449586
17.038007,-0.076618,5.262723,1.897053,1.229550,0.458241
17.042795,0.392669,6.225242,1.565618,0.912096,0.425351
15.304517,0.723086,6.632277,1.268937,0.598504,0.377946
13.068220,0.809281,6.617911,1.018996,0.340839,0.342392
10.889385,1.383919,6.306649,0.682633,0.025782,0.324815
9.792784,1.925036,6.373690,0.478099,-0.231483,0.335068
9.294765,2.427844,6.426365,0.312848,-0.466777,0.361567
9.155895,3.040791,6.488617,0.153721,-0.719514,0.382873
8.911673,3.696836,6.498195,0.057580,-0.979709,0.392860
8.504638,4.381612,6.589179,0.075689,-1.221928,0.398186
8.097603,4.573158,6.632277,0.191272,-1.449898,0.408839
7.748032,4.554004,6.694529,0.327096,-1.648706,0.425750
7.455924,4.290628,6.972270,0.465849,-1.837660,0.456776
7.221280,3.768666,6.962693,0.587157,-2.065230,0.494993
7.192548,3.328110,7.077621,0.636027,-2.236474,0.523756
7.245223,2.930652,7.250012,0.630834,-2.406120,0.548790
7.384094,2.595447,7.479867,0.597810,-2.581892,0.573957
7.494233,2.269819,7.508599,0.549074,-2.768049,0.597127
7.566063,1.690392,7.719300,0.451467,-2.963262,0.599258
7.431981,1.345610,7.939578,0.336284,-3.126516,0.607380
7.489445,0.895477,8.121546,0.189675,-3.325590,0.628686
7.024946,0.550694,8.274784,0.078885,-3.536383,0.638540
6.627488,0.785338,8.370556,-0.145623,-3.719212,0.645864
6.479040,1.206739,8.451963,-0.313404,-3.899510,0.653587
6.148623,1.891516,8.456751,-0.481985,-4.142527,0.652255
6.115103,2.504462,8.313093,-0.536181,-4.313106,0.631482
6.048062,3.079100,8.514216,-0.550030,-4.388474,0.606448
6.177355,3.692047,8.672241,-0.478256,-4.388474,0.578884
6.220453,3.984155,8.715339,-0.354284,-4.388474,0.552119
6.455097,4.060773,8.777591,-0.165330,-4.388474,0.532278
6.546081,3.711202,8.777591,0.030282,-4.388474,0.509241
6.728050,3.380785,8.854209,0.184881,-4.388474,0.500719
7.005791,3.126987,8.930828,0.294605,-4.388474,0.507910
7.053678,2.997693,8.997869,0.381292,-4.388474,0.535740
7.350574,2.911498,9.443213,0.479697,-4.388474,0.589803
7.709722,2.820513,9.663491,0.568781,-4.388474,0.648127
7.853382,2.724740,9.606027,0.693419,-4.388474,0.724295
8.207742,2.231510,9.543775,0.817791,-4.388474,0.814045
8.423232,1.522790,9.294765,0.891295,-4.388474,0.892742
8.878152,0.694354,9.002657,0.887167,-4.388474,0.968910
9.098430,-0.191546,8.633932,0.818323,-4.388474,1.022174
9.390538,-0.943364,8.016196,0.670249,-4.388474,1.054133
9.577295,-1.522790,7.637893,0.505663,-4.388474,1.052668
9.773630,-1.972923,7.269167,0.323234,-4.388474,1.002600
10.008274,-2.427844,7.024946,0.058645,-4.388474,0.848134
9.787996,-2.408690,6.704106,-0.137899,-4.388474,0.711512
9.242090,-2.217144,6.139046,-0.304483,-4.388474,0.573158
8.787168,-2.494885,5.674547,-0.447896,-4.388474,0.424552
8.892518,-2.423056,5.415960,-0.659487,-4.280614,0.269021
8.772803,-2.423056,5.013714,-0.871079,-4.091127,0.128270
8.691395,-2.379958,4.783859,-1.099981,-3.872745,0.014019
8.557313,-2.068696,4.726395,-1.348857,-3.640913,-0.076663
8.260417,-1.364764,4.817379,-1.571634,-3.375525,-0.140313
7.642681,-0.876322,4.860477,-1.762186,-2.913593,-0.175068
7.283533,-0.579426,4.659354,-1.876038,-2.600001,-0.201700
6.795091,-0.110139,3.998521,-1.978704,-2.261375,-0.233925
6.139046,0.277742,3.270646,-2.041955,-1.907702,-0.269745
5.502156,0.972095,2.801359,-2.052075,-1.529261,-0.301304
4.893998,1.699970,2.542772,-1.951273,-1.117663,-0.315685
4.218798,2.265030,2.758261,-1.780961,-0.656397,-0.295978
4.204432,2.561926,2.815725,-1.525560,-0.175955,-0.260690
4.515695,2.245876,3.490924,-1.116493,0.408485,-0.206361
4.994559,1.642506,4.055984,-0.818081,0.811294,-0.172006
5.693702,0.838013,4.252319,-0.594771,1.169761,-0.158423
6.570024,0.062252,4.257108,-0.488377,1.467640,-0.157225
8.006619,-0.459710,3.270646,-0.513544,1.701469,-0.163483
11.200647,-0.181969,-1.527578,-0.622336,1.775905,-0.168677
15.941408,1.254626,-5.569197,-0.536314,1.553927,-0.070271
25.178707,3.457403,-2.648122,0.394874,1.619842,0.271284
28.229076,4.999348,-1.326455,1.243770,1.669111,0.350248
23.234518,6.790302,-0.277742,1.877745,1.571771,0.177407
15.730708,7.427192,0.167603,2.702006,1.479757,0.000969
9.754475,5.109487,2.576292,3.416010,1.470569,-0.094906
5.569197,1.077446,2.341649,3.692051,1.486016,-0.118608
3.246703,-2.025598,1.197162,3.446104,1.557656,-0.138316
3.648949,-1.982500,1.992077,2.840892,1.795080,-0.189583
6.699318,0.354360,4.640199,2.366575,2.112268,-0.263087
12.172742,2.537983,8.902096,2.442210,2.484583,-0.266949
14.993255,0.713508,10.329113,2.838362,2.603362,-0.177332
15.405079,-3.864439,10.606855,3.007608,2.557555,-0.093574
14.480870,-8.308303,9.950810,2.529164,2.388974,-0.083720
13.130472,-9.606027,9.036178,1.475335,2.129845,-0.183457
11.751341,-8.198164,8.226897,0.275163,1.826772,-0.338322
10.444041,-6.143835,7.431981,-0.726067,1.540611,-0.464558
9.615605,-3.711202,6.268340,-1.666177,1.189069,-0.524747
9.505466,-2.676854,5.281878,-2.149016,0.994123,-0.525412
9.428847,-1.431806,4.764704,-2.474459,0.823678,-0.552178
9.117585,1.187584,4.812591,-2.592439,0.885331,-0.511963
9.912501,3.165296,4.759915,-2.327717,0.965893,-0.402372
10.511081,4.836534,4.285840,-1.868980,0.987198,-0.314487
10.716994,5.459058,3.840495,-1.160302,1.024616,-0.278534
10.956426,5.401594,3.548388,-0.418867,1.059904,-0.276403
10.798400,4.391190,3.395151,0.504864,1.048319,-0.295445
10.635586,3.342476,2.973750,1.115004,1.016760,-0.295978
10.104046,2.370380,2.609813,1.575072,0.966159,-0.279998
10.238128,1.067868,2.499674,1.833269,0.890524,-0.251635
10.233340,-0.402246,2.327283,1.780272,0.836994,-0.243113
10.372211,-1.834052,1.920248,1.554432,0.811560,-0.211554
10.535025,-3.083889,1.795743,1.108213,0.768549,-0.197705
10.448829,-3.433460,1.446171,0.233351,0.693713,-0.218878
10.218974,-2.633756,1.206739,-0.419400,0.619543,-0.255630
9.955598,-1.134909,1.149275,-0.968818,0.569608,-0.296510
9.874192,0.526751,0.962518,-1.351653,0.532057,-0.321544
9.802362,2.097428,0.775761,-1.539010,0.490511,-0.332863
9.783207,3.462192,0.799704,-1.512378,0.475331,-0.321811
9.807150,4.573158,0.823647,-1.299854,0.479592,-0.293581
9.883769,5.339342,0.928998,-0.927805,0.495172,-0.254964
9.946022,5.190894,1.034348,-0.448828,0.529394,-0.209424
10.022640,3.854861,1.206739,0.152656,0.580128,-0.145640
10.127989,2.628968,1.383919,0.464916,0.610355,-0.113548
10.137567,1.412651,1.561099,0.642685,0.636188,-0.088914
10.166299,0.411824,1.652083,0.668385,0.651102,-0.077062
10.218974,-0.239432,1.661661,0.591951,0.655230,-0.071603
10.252494,-0.541117,1.503635,0.444809,0.647640,-0.076796
10.166299,-0.440556,1.364764,0.275962,0.642979,-0.089846
10.113624,-0.158025,1.225894,0.114839,0.643113,-0.105559
9.955598,0.114928,1.082234,-0.082638,0.641515,-0.120872
9.864614,0.363937,0.972095,-0.215532,0.638452,-0.132058
9.807150,0.799704,0.646467,-0.296493,0.639650,-0.137650
9.720954,1.412651,0.708720,-0.283177,0.642846,-0.136452
9.764053,1.585042,1.091812,-0.227250,0.647640,-0.141645
9.783207,1.800531,1.110966,-0.185038,0.652966,-0.145906
9.764053,1.829263,1.249837,-0.131641,0.662687,-0.139381
9.749687,1.608985,1.350399,-0.084902,0.678001,-0.127264
9.725744,1.393496,1.470115,-0.058270,0.691849,-0.115146
9.768841,1.245048,1.752645,-0.038296,0.703434,-0.100232
9.941232,1.154064,2.011232,-0.022583,0.714220,-0.085052
10.032217,1.120543,2.193201,-0.021251,0.710092,-0.079859
10.094470,1.063080,2.456576,-0.033901,0.702768,-0.081856
10.137567,0.957729,2.696008,-0.048682,0.697975,-0.084786
10.190242,0.742240,2.916286,-0.083437,0.688254,-0.084653
10.199819,0.541117,3.026425,-0.144424,0.675071,-0.084253
10.242918,0.426190,3.064734,-0.225652,0.666149,-0.087316
10.156722,0.507597,3.155719,-0.340835,0.637120,-0.085052
10.070526,0.713508,3.146141,-0.411810,0.619011,-0.082522
10.003485,0.948152,2.945018,-0.457084,0.608358,-0.076663
9.955598,1.130121,2.834879,-0.470533,0.599170,-0.070138
9.979541,1.221105,2.691220,-0.470400,0.596107,-0.064945
10.037006,1.288146,2.418267,-0.456019,0.598238,-0.061483
10.056160,1.216316,2.265030,-0.425658,0.595574,-0.058154
9.969964,1.182796,2.030386,-0.406217,0.601700,-0.056289
9.855037,1.182796,1.872361,-0.394499,0.603431,-0.053626
9.711378,1.249837,1.824475,-0.387708,0.617013,-0.048167
9.692223,1.336033,1.719124,-0.382781,0.630862,-0.047235
9.711378,1.383919,1.733490,-0.372527,0.648173,-0.046702
9.807150,1.340821,1.747856,-0.368666,0.667747,-0.048566
9.917289,1.273780,1.699970,-0.367068,0.691450,-0.051496
10.027428,1.245048,1.676027,-0.363739,0.705431,-0.054692
10.008274,1.407862,1.613774,-0.361076,0.715019,-0.061350
9.912501,1.522790,1.642506,-0.351089,0.731265,-0.080658
9.730532,1.268992,1.685604,-0.364138,0.748842,-0.094373
9.754475,0.842802,1.752645,-0.408214,0.775740,-0.096104
9.840671,0.584215,1.795743,-0.457350,0.795581,-0.097036
9.859826,0.598581,1.824475,-0.520069,0.814756,-0.104760
9.821516,0.689565,1.762222,-0.558152,0.837393,-0.110352
9.764053,0.703931,1.829263,-0.567607,0.866955,-0.111285
9.730532,0.747029,1.819686,-0.558152,0.902642,-0.100499
9.687434,0.857168,1.738279,-0.519003,0.940992,-0.081989
9.615605,0.991250,1.814897,-0.469468,0.980407,-0.060018
9.629970,1.197162,1.771800,-0.405551,1.026747,-0.037514
9.625182,1.321667,1.901093,-0.315801,1.073086,-0.011414
9.754475,1.403074,2.006443,-0.206210,1.133142,0.013753
9.783207,1.417440,2.059118,-0.128578,1.176285,0.029865
9.831093,1.450960,2.231510,-0.084103,1.223424,0.040651
10.013062,1.403074,2.504462,-0.048948,1.256981,0.055965
10.238128,1.221105,2.763050,-0.030839,1.282680,0.067416
10.429675,1.063080,3.136564,-0.052677,1.301589,0.072077
10.582911,0.991250,3.390362,-0.105675,1.317701,0.072210
10.865442,1.130121,3.577120,-0.201150,1.327822,0.071278
11.243744,1.340821,3.902748,-0.295428,1.329553,0.072476
11.856692,1.245048,4.127814,-0.384645,1.327689,0.075939
12.158376,0.847591,4.022464,-0.423927,1.330485,0.074074
12.129644,0.282530,3.845284,-0.460280,1.321696,0.062623
11.885423,-0.277742,3.457403,-0.517938,1.326490,0.039985
11.454445,-0.727874,3.074312,-0.599033,1.324626,0.012954
10.946848,-1.067868,2.609813,-0.701699,1.340738,-0.016475
10.635586,-1.235471,2.293762,-0.817282,1.378023,-0.047634
10.506293,-0.737452,1.910670,-0.988259,1.445935,-0.083854
10.712204,-0.277742,1.604197,-1.053774,1.520904,-0.104094
11.320363,0.071830,1.149275,-1.052576,1.609322,-0.127796
12.038661,0.110139,0.761395,-0.986795,1.685623,-0.159755
12.637241,-0.124505,0.363937,-0.882264,1.732096,-0.192512
13.111317,-0.483653,0.172391,-0.778666,1.774707,-0.236455
13.379482,-0.770972,0.076618,-0.718610,1.822911,-0.299307
13.417791,-1.072657,0.565060,-0.676132,1.837292,-0.405169
13.106529,-1.407862,1.072657,-0.745376,1.822645,-0.490391
12.651607,-1.498847,1.518001,-0.898776,1.802804,-0.573350
11.957253,-1.249837,2.121371,-1.088396,1.788822,-0.640063
11.272477,-0.627313,2.767838,-1.270825,1.783629,-0.682275
10.688261,0.100562,3.203605,-1.411309,1.776971,-0.705445
10.041794,0.885900,3.826129,-1.512244,1.757263,-0.711970
9.108008,1.723913,4.395978,-1.499594,1.723440,-0.691197
8.198164,2.183623,5.650604,-1.432082,1.700537,-0.661236
7.431981,2.705586,7.412826,-1.342465,1.671241,-0.621554
6.933961,2.786993,8.988291,-1.205177,1.610920,-0.573616
7.111141,1.843629,9.093642,-1.033933,1.513979,-0.514493
7.920423,-0.047886,7.618738,-1.023680,1.322628,-0.463360
8.916462,-1.431806,6.550869,-1.303716,1.066828,-0.447913
9.735321,-1.436594,5.971443,-1.723170,0.803437,-0.467088
10.151933,-0.325628,6.019330,-2.086031,0.565347,-0.507036
9.946022,0.952941,5.995387,-2.315599,0.279719,-0.546319
9.218147,1.628140,6.287494,-2.301617,0.079446,-0.578410
8.495061,1.939402,6.632277,-2.191894,-0.110707,-0.617293
7.867748,2.030386,6.790302,-2.104008,-0.320567,-0.661236
7.273955,2.231510,6.795091,-2.019052,-0.544675,-0.697455
6.718472,2.600235,6.943539,-1.912524,-0.766520,-0.731411
6.316226,2.868400,6.910018,-1.739016,-0.979177,-0.756711
5.966655,2.997693,7.125507,-1.508383,-1.188904,-0.767364
5.669758,2.796570,7.479867,-1.160302,-1.456955,-0.761905
5.607506,2.423056,7.613949,-0.922345,-1.656029,-0.740466
5.684124,1.963345,7.858170,-0.723937,-1.854704,-0.709173
5.837361,1.503635,8.246051,-0.549763,-2.056841,-0.669225
6.014541,0.996039,8.562102,-0.397029,-2.262307,-0.620089
6.043273,0.660833,8.782380,-0.276253,-2.468439,-0.564428
5.937923,0.114928,8.667452,-0.128312,-2.662320,-0.481070
6.373690,-0.186757,8.921251,-0.104742,-2.769381,-0.450177
6.546081,-0.407035,8.916462,-0.000744,-2.973915,-0.372145
6.728050,-0.732663,8.782380,0.076888,-3.198689,-0.262954
6.962693,-0.881111,8.657875,0.086209,-3.313340,-0.189982
7.221280,-0.866745,8.633932,0.091003,-3.394168,-0.117277
7.609161,-1.110966,8.700973,0.101656,-3.435447,-0.042041
8.097603,-1.470115,8.538159,0.070629,-3.459549,0.026936
8.528581,-1.728702,8.198164,-0.002475,-3.449296,0.080865
8.753648,-1.767011,8.035351,-0.095288,-3.415340,0.127605
8.878152,-1.623351,7.867748,-0.175850,-3.336376,0.159030
8.835055,-1.422228,7.743243,-0.208075,-3.170725,0.185529
8.514216,-1.297723,7.455924,-0.157474,-3.019988,0.206302
8.466329,-1.350399,7.336208,-0.120189,-2.833963,0.194984
8.246051,-1.403074,7.159028,-0.096220,-2.656062,0.176075
8.092815,-1.130121,7.197337,-0.111267,-2.469504,0.140654
7.661836,-0.770972,7.226069,-0.085168,-2.282148,0.115221
7.494233,-0.531540,7.187760,-0.046019,-2.067760,0.081132
7.254801,-0.464499,7.125507,0.016833,-1.852041,0.044246
7.039312,-0.579426,6.914807,0.088073,-1.617413,0.012554
6.823822,-0.881111,6.972270,0.161578,-1.293168,-0.013545
6.665797,-1.355187,7.178183,0.172896,-1.042028,-0.022600
6.546081,-1.790954,7.393671,0.126157,-0.782499,-0.029125
6.373690,-2.025598,7.623527,0.025621,-0.507257,-0.029524
6.431153,-1.977711,8.006619,-0.077311,-0.213506,-0.019937
6.819034,-2.145314,8.432808,-0.140163,0.053613,0.016283
7.661836,-2.921075,7.886902,-0.166529,0.256948,0.074474
8.887730,-3.835706,6.862132,-0.234840,0.322330,0.143451
10.161510,-4.036830,5.693702,-0.370130,0.289706,0.192187
11.526275,-3.107832,4.099082,-0.507951,0.157877,0.211495
11.909366,-1.776588,3.490924,-0.504223,0.041762,0.187394
12.100913,-0.043098,3.256280,-0.391569,-0.021889,0.134928
11.535852,1.838841,3.466981,-0.074915,-0.044792,0.081931
11.100085,2.011232,3.237126,0.394741,-0.020957,0.066351
10.669107,1.527578,3.414306,0.695816,0.007140,0.085792
10.410520,0.488442,3.481347,0.888365,0.044159,0.129069
10.348267,-0.421401,3.601063,0.945491,0.073986,0.168085
10.424886,-1.417440,3.845284,0.816992,0.095292,0.186861
10.453618,-1.857995,3.787820,0.589821,0.080511,0.168884
10.415308,-2.083062,3.500501,0.313780,0.050417,0.134662
10.353056,-1.939402,3.217971,0.021893,0.004344,0.091385
10.228551,-1.441383,2.911498,-0.240832,-0.043993,0.047709
10.166299,-0.708720,2.605024,-0.435379,-0.076751,0.013620
10.060949,-0.081407,2.403901,-0.545369,-0.097923,-0.008751
9.955598,0.387880,1.996866,-0.585850,-0.102850,-0.016341
9.835883,0.775761,1.695181,-0.551228,-0.095793,-0.007952
9.764053,0.838013,1.546733,-0.483317,-0.072223,0.003100
9.725744,0.876322,1.369553,-0.392102,-0.041463,0.014019
9.706589,0.847591,1.307301,-0.275454,-0.007374,0.025870
9.749687,0.814070,1.379130,-0.155876,0.029644,0.033327
9.850248,0.804493,1.489269,-0.029640,0.069858,0.043447
9.941232,0.708720,1.661661,0.105784,0.108075,0.050372
9.955598,0.541117,1.853207,0.221633,0.138702,0.058095
9.922078,0.373515,2.068696,0.306855,0.156679,0.066085
9.902923,0.177180,2.379958,0.375033,0.167465,0.071677
9.888557,-0.071830,2.667277,0.411253,0.173723,0.073542
9.878980,-0.277742,2.882766,0.400733,0.173590,0.070213
9.874192,-0.493231,3.194028,0.364647,0.162937,0.059826
9.931655,-0.598581,3.332899,0.309385,0.159742,0.049573
9.926867,-0.636890,3.375996,0.248931,0.154548,0.038254
9.907711,-0.603370,3.438249,0.187810,0.150687,0.030398
9.926867,-0.608158,3.347265,0.124692,0.150820,0.021876
9.917289,-0.483653,3.318533,0.047060,0.147091,0.015484
9.941232,-0.301685,3.189239,-0.006737,0.146958,0.012155
9.955598,-0.119716,3.155719,-0.039228,0.142298,0.010424
9.960387,0.081407,3.069523,-0.050679,0.140300,0.011889
9.993907,0.201123,2.954596,-0.028175,0.140167,0.014951
10.008274,0.253798,2.945018,0.006313,0.136572,0.023074
10.008274,0.249010,2.921075,0.071961,0.130313,0.028134
9.965176,0.196335,2.935441,0.120564,0.126052,0.033194
9.922078,0.129293,3.021636,0.165972,0.124854,0.032528
9.874192,0.052675,3.031214,0.198996,0.126451,0.031596
9.855037,-0.023943,3.059946,0.218570,0.126451,0.031064
9.826305,-0.095773,3.170084,0.229356,0.122856,0.031197
9.802362,-0.162814,3.251492,0.233085,0.126585,0.031064
9.807150,-0.244221,3.347265,0.224296,0.122190,0.031996
9.845459,-0.296896,3.404728,0.203523,0.117263,0.033194
9.874192,-0.354360,3.428672,0.170499,0.114733,0.032795
9.926867,-0.359149,3.457403,0.132149,0.105013,0.031064
9.941232,-0.306473,3.399940,0.080883,0.093827,0.025870
9.955598,-0.263376,3.337687,0.041467,0.089566,0.020677
9.965176,-0.191546,3.299378,0.014702,0.083441,0.016682
9.969964,-0.172391,3.323321,-0.000611,0.078114,0.012554
9.969964,-0.167603,3.308955,-0.015126,0.069459,0.013087
9.946022,-0.148448,3.352053,-0.021384,0.063200,0.012554
9.955598,-0.138871,3.308955,-0.019120,0.057208,0.012421
9.946022,-0.134082,3.342476,-0.012196,0.052414,0.011889
9.941232,-0.129293,3.361630,-0.006737,0.047887,0.010557
9.979541,-0.134082,3.347265,-0.003008,0.047887,0.011356
10.051371,-0.124505,3.380785,0.003650,0.046156,0.009891
10.075315,-0.138871,3.361630,0.012705,0.037501,0.011223
10.060949,-0.129293,3.304167,0.011240,0.032840,0.011489
10.008274,-0.124505,3.294589,0.012305,0.026981,0.008826
9.936444,-0.177180,3.208394,0.012305,0.024584,0.007095
9.902923,-0.201123,3.174873,-0.000345,0.022720,0.005364
9.893346,-0.162814,3.112621,-0.016324,0.017793,0.000170
9.917289,-0.086196,3.083889,-0.023382,0.011801,-0.003159
9.902923,-0.081407,3.165296,-0.018987,0.007540,-0.006887
9.878980,-0.081407,3.160507,-0.019254,0.005276,-0.011681
9.835883,-0.100562,3.155719,-0.017123,0.004344,-0.011548
9.845459,-0.062252,3.184451,-0.017789,0.001814,-0.005822
9.855037,0.004789,3.174873,-0.014993,-0.000983,-0.003958
9.874192,0.062252,3.160507,-0.008734,0.000482,-0.000762
9.883769,0.086196,3.155719,0.000188,-0.000716,0.000170
9.888557,0.110139,3.083889,0.014036,-0.000983,0.000969
9.912501,0.124505,3.088678,0.024290,-0.000850,0.002301
9.926867,0.095773,3.112621,0.036141,-0.002181,0.004698
9.917289,0.023943,3.112621,0.045728,-0.005910,0.005364
9.893346,-0.043098,3.141353,0.044930,-0.007641,0.006695
9.888557,-0.090984,3.126987,0.032812,-0.006842,0.008693
9.883769,-0.090984,3.160507,0.014835,-0.008307,0.008959
9.931655,-0.062252,3.184451,-0.007003,-0.012568,0.008160
9.926867,-0.043098,3.141353,-0.015259,-0.018027,0.006029
9.888557,-0.023943,3.126987,-0.016457,-0.022022,0.003633
9.869402,-0.009577,3.131775,-0.019387,-0.021756,0.000570
9.878980,0.023943,3.055157,-0.015525,-0.022155,-0.001028
9.888557,0.038309,3.093466,-0.007402,-0.024019,0.000437
9.902923,0.038309,3.040791,0.000188,-0.024019,0.002301
9.922078,0.043098,3.026425,0.008310,-0.023487,0.003366
9.907711,0.047886,3.016848,0.015634,-0.024153,0.004032
9.922078,0.052675,2.925864,0.023091,-0.019625,0.005497
9.902923,0.028732,2.930652,0.029217,-0.016030,0.005231
9.917289,0.038309,2.925864,0.032146,-0.011769,0.004298
9.917289,0.047886,2.901920,0.037339,-0.009372,0.003100
9.922078,0.023943,2.949807,0.040535,-0.010171,0.003899
9.912501,0.023943,2.954596,0.037872,-0.012168,0.003766
9.898135,0.033521,2.945018,0.036141,-0.013633,0.004698
9.888557,0.047886,3.026425,0.035076,-0.015497,0.003899
9.907711,0.019155,3.050368,0.031480,-0.013233,0.002301
9.936444,0.014366,3.064734,0.023091,-0.011636,0.000703
9.960387,0.023943,3.103044,0.013237,-0.015763,-0.001427
9.974753,0.014366,3.103044,0.010974,-0.020291,-0.002493
9.984331,0.009577,3.112621,0.008577,-0.024153,-0.003159
9.946022,-0.033521,3.074312,0.005647,-0.024153,-0.005689
9.902923,-0.047886,3.031214,0.000188,-0.021889,-0.006621
9.922078,-0.028732,3.021636,-0.004207,-0.023220,-0.005289
9.907711,-0.009577,2.988116,0.000055,-0.025884,-0.004490
9.869402,-0.023943,2.983327,0.011107,-0.025218,-0.003025
9.855037,-0.038309,3.007271,0.018431,-0.026283,-0.002626
9.874192,-0.033521,2.949807,0.025754,-0.027482,-0.003425
9.902923,-0.043098,2.978539,0.034277,-0.029745,-0.003958
9.941232,-0.043098,3.031214,0.038671,-0.032675,-0.004623
9.941232,-0.014366,3.045580,0.045995,-0.037069,-0.004091
9.931655,-0.004789,3.083889,0.051188,-0.040531,-0.005156
9.907711,0.000000,3.103044,0.057580,-0.043461,-0.006754
9.898135,0.004789,3.059946,0.058512,-0.043328,-0.005023
9.902923,-0.004789,3.117409,0.058379,-0.043194,-0.007020
9.907711,-0.033521,3.112621,0.058645,-0.044393,-0.008085
9.926867,-0.019155,3.088678,0.052919,-0.046790,-0.010616
9.922078,0.028732,3.059946,0.041467,-0.052915,-0.013678
9.931655,0.086196,2.978539,0.040136,-0.056777,-0.015409
9.926867,0.119716,2.968961,0.042666,-0.063834,-0.014877
9.898135,0.138871,2.940229,0.053052,-0.063834,-0.014610
9.893346,0.129293,2.921075,0.065836,-0.060772,-0.012213
9.869402,0.100562,2.945018,0.075956,-0.057576,-0.010083
9.888557,0.038309,2.877977,0.084878,-0.054247,-0.007819
9.912501,-0.004789,2.892343,0.090337,-0.053181,-0.004756
9.835883,0.153237,2.954596,0.101389,-0.060638,0.001635
9.946022,0.047886,2.945018,0.085543,-0.025351,-0.005289
9.984331,0.028732,2.940229,0.084611,-0.038134,-0.006887
9.922078,0.062252,2.906709,0.078086,-0.044260,-0.004490
9.960387,0.081407,2.863611,0.062906,-0.042262,-0.003824
9.936444,0.090984,2.877977,0.046794,-0.042795,-0.004224
9.902923,0.076618,2.815725,0.040269,-0.040265,-0.006221
9.917289,0.076618,2.820513,0.034277,-0.036803,-0.006754
9.974753,0.052675,2.830090,0.026953,-0.036403,-0.009417
9.984331,0.067041,2.791781,0.020295,-0.036536,-0.014610
9.965176,0.067041,2.815725,0.018697,-0.034672,-0.017007
9.912501,0.057464,2.868400,0.011373,-0.034805,-0.019804
9.859826,0.071830,2.825302,0.003384,-0.031476,-0.018206
9.855037,0.114928,2.834879,-0.006337,-0.027082,-0.013279
9.893346,0.134082,2.844457,-0.009400,-0.020824,-0.011548
9.912501,0.158025,2.854034,-0.008601,-0.018294,-0.009018
9.922078,0.201123,2.849245,-0.001543,-0.016696,-0.010349
9.931655,0.186757,2.801359,0.014303,-0.011902,-0.009417
9.922078,0.167603,2.806147,0.026953,-0.010171,-0.008751
9.926867,0.110139,2.796570,0.034010,-0.008972,-0.007686
9.946022,0.081407,2.801359,0.033744,-0.006043,-0.007553
9.955598,0.057464,2.844457,0.029083,-0.006043,-0.007553
9.960387,0.047886,2.887554,0.020828,-0.008173,-0.009018
9.955598,0.028732,2.897132,0.003384,-0.007641,-0.009817
9.946022,0.033521,2.940229,-0.012995,-0.008040,-0.009151
9.955598,0.047886,2.945018,-0.024713,-0.006176,-0.010616
9.950810,0.067041,2.959384,-0.033102,-0.004711,-0.010882
9.950810,0.071830,3.002482,-0.037763,-0.004578,-0.013279
9.941232,0.067041,2.940229,-0.038296,-0.003113,-0.014477
9.936444,0.081407,2.930652,-0.038296,-0.003646,-0.014743
9.955598,0.114928,2.978539,-0.036165,-0.003779,-0.012480
9.965176,0.148448,2.906709,-0.026444,-0.003513,-0.010083
9.969964,0.148448,2.930652,-0.013927,-0.004445,-0.009284
9.941232,0.134082,2.940229,-0.004606,-0.005910,-0.009417
9.926867,0.105350,2.897132,0.000854,-0.006176,-0.009018
9.917289,0.114928,2.935441,-0.002475,-0.009638,-0.009817
9.912501,0.110139,2.906709,-0.001810,-0.007907,-0.008219
9.902923,0.110139,2.916286,-0.003008,-0.008839,-0.007952
9.912501,0.124505,2.921075,-0.003940,-0.007374,-0.009018
9.922078,0.153237,2.868400,-0.000212,-0.005643,-0.007686
9.912501,0.124505,2.830090,0.003384,-0.005643,-0.006088
9.917289,0.114928,2.834879,0.003384,-0.006176,-0.006887
9.917289,0.110139,2.801359,0.001120,-0.004312,-0.006088
9.950810,0.129293,2.825302,-0.001543,-0.004045,-0.004756
9.960387,0.153237,2.796570,0.001519,-0.003380,-0.005689
9.960387,0.172391,2.830090,0.004449,-0.003912,-0.006621
9.946022,0.158025,2.887554,0.006846,-0.005643,-0.007686
9.946022,0.148448,2.839668,0.008843,-0.003113,-0.006221
9.936444,0.129293,2.868400,0.007112,-0.001515,-0.003292
9.926867,0.119716,2.839668,0.006047,0.001281,-0.002626
9.941232,0.138871,2.815725,0.010042,0.006208,-0.001161
9.931655,0.153237,2.782204,0.017499,0.012067,0.000304
9.936444,0.148448,2.839668,0.016700,0.013798,-0.001827
9.917289,0.153237,2.820513,0.019762,0.014597,-0.004091
9.907711,0.143659,2.901920,0.019895,0.012200,-0.003824
9.917289,0.105350,2.863611,0.019363,0.013132,-0.003425
9.936444,0.081407,2.877977,0.013770,0.011268,-0.000762
9.950810,0.086196,2.906709,0.000987,0.008871,-0.002093
9.936444,0.071830,2.863611,-0.007536,0.009404,-0.002226
9.931655,0.076618,2.892343,-0.013395,0.011135,-0.002626
9.931655,0.100562,2.887554,-0.019254,0.013798,-0.003691
9.922078,0.134082,2.877977,-0.020452,0.015130,-0.004357
9.931655,0.167603,2.921075,-0.015392,0.015263,-0.005156
9.941232,0.167603,2.868400,-0.008335,0.016994,-0.004890
9.917289,0.181969,2.868400,-0.003541,0.020456,-0.004224
9.912501,0.153237,2.901920,-0.001676,0.018991,-0.002759
9.931655,0.148448,2.873188,-0.003674,0.021521,-0.000895
9.936444,0.177180,2.887554,-0.005139,0.024185,0.000570
9.936444,0.177180,2.882766,-0.003141,0.023386,0.001236
9.950810,0.172391,2.882766,-0.000079,0.023252,0.002168
9.950810,0.143659,2.901920,-0.002875,0.019657,0.001902
9.931655,0.143659,2.868400,-0.006603,0.019524,0.001902
9.931655,0.138871,2.873188,-0.009133,0.019923,0.001103
9.922078,0.148448,2.887554,-0.010598,0.019790,0.001369
9.931655,0.167603,2.868400,-0.009133,0.021122,0.001635
9.931655,0.148448,2.916286,-0.007935,0.018991,0.003899
9.902923,0.119716,2.935441,-0.011930,0.018459,0.005630
9.917289,0.090984,2.877977,-0.013395,0.019124,0.004165
9.912501,0.062252,2.868400,-0.014194,0.019657,0.002301
9.926867,0.052675,2.863611,-0.014726,0.021654,0.000703
9.936444,0.086196,2.825302,-0.012995,0.027247,-0.001827
9.936444,0.086196,2.897132,-0.011131,0.029777,-0.003425
9.931655,0.114928,2.873188,-0.010865,0.032840,-0.001694
9.922078,0.138871,2.897132,-0.010865,0.032440,-0.000495
9.926867,0.162814,2.921075,-0.010199,0.029910,0.002301
9.922078,0.186757,2.925864,-0.006870,0.028978,0.003633
9.931655,0.177180,2.988116,-0.006337,0.027247,0.005364
9.936444,0.172391,2.978539,-0.004473,0.027380,0.006029
9.941232,0.143659,3.012059,-0.008601,0.025649,0.004698
9.931655,0.119716,3.036002,-0.012596,0.023918,0.006562
9.926867,0.114928,3.007271,-0.019254,0.024451,0.005763
9.936444,0.105350,3.031214,-0.032436,0.025117,0.006695
9.931655,0.110139,3.050368,-0.049614,0.023519,0.007361
9.950810,0.129293,2.992905,-0.059734,0.024318,0.007627
9.931655,0.129293,3.002482,-0.066792,0.022453,0.008693
9.912501,0.158025,2.940229,-0.073849,0.022853,0.008693
9.907711,0.205912,2.921075,-0.069189,0.024983,0.006695
9.912501,0.205912,2.916286,-0.055739,0.024318,0.004964
9.907711,0.201123,2.849245,-0.046551,0.026448,0.004565
9.912501,0.181969,2.868400,-0.037763,0.028179,0.005364
9.912501,0.148448,2.825302,-0.027376,0.029378,0.007095
9.922078,0.124505,2.791781,-0.020985,0.031508,0.008560
9.917289,0.110139,2.791781,-0.017523,0.031908,0.009625
9.907711,0.100562,2.854034,-0.015925,0.032174,0.011489
9.907711,0.100562,2.834879,-0.020053,0.032840,0.010424
9.922078,0.105350,2.901920,-0.020852,0.032174,0.008826
9.902923,0.129293,2.921075,-0.021784,0.034970,0.006828
9.907711,0.158025,2.949807,-0.024181,0.035636,0.005630
9.888557,0.177180,2.988116,-0.024580,0.036302,0.005097
9.898135,0.172391,2.973750,-0.028175,0.039764,0.006029
9.907711,0.162814,3.016848,-0.038429,0.043892,0.007095
9.902923,0.177180,3.040791,-0.044954,0.046555,0.004432
9.883769,0.172391,3.045580,-0.054008,0.049751,0.006962
9.893346,0.167603,3.026425,-0.065194,0.054012,0.005231
9.926867,0.181969,3.045580,-0.070254,0.054279,0.004032
9.931655,0.186757,2.973750,-0.067990,0.051216,0.003233
9.931655,0.234644,2.930652,-0.060400,0.043360,0.004165
9.912501,0.229855,2.877977,-0.042157,0.038033,0.005630
9.907711,0.220278,2.925864,-0.019653,0.032041,0.010690
9.898135,0.167603,2.949807,-0.002076,0.028978,0.014285
9.902923,0.124505,2.877977,0.000720,0.029111,0.016016
9.898135,0.081407,2.906709,0.000587,0.028312,0.015883
9.898135,0.057464,2.854034,0.005514,0.031908,0.014951
9.912501,0.023943,2.877977,0.004715,0.036169,0.013220
9.926867,0.014366,2.887554,-0.002742,0.038433,0.011223
9.898135,0.019155,2.877977,-0.011530,0.043360,0.009492
9.888557,0.057464,2.901920,-0.020585,0.047887,0.007494
9.893346,0.090984,2.959384,-0.026045,0.047088,0.006962
9.898135,0.114928,2.940229,-0.028974,0.049884,0.006962
9.907711,0.148448,2.983327,-0.032436,0.050284,0.006962