9.122374,1.910670,4.434288,0.009297,-0.024933,-0.001884
9.112796,1.915459,4.482174,0.010762,-0.021471,-0.001352
9.127162,1.901093,4.501328,0.013292,-0.018674,-0.000419
9.127162,1.910670,4.467808,0.011694,-0.017875,0.001178
9.131951,1.925036,4.525272,0.005702,-0.022669,0.001178
9.136739,1.910670,4.549215,0.001041,-0.026398,0.001977
9.108008,1.896304,4.525272,-0.001489,-0.028928,0.000646
9.098430,1.867572,4.534849,-0.001356,-0.027596,-0.000153
9.103219,1.848418,4.477385,-0.000024,-0.024533,-0.003216
9.108008,1.843629,4.463019,0.001308,-0.024001,-0.005879
9.127162,1.853207,4.482174,-0.000024,-0.023335,-0.008542
9.141529,1.853207,4.429499,-0.002421,-0.018808,-0.008809
9.136739,1.862784,4.443865,-0.005084,-0.014946,-0.010007
9.165472,1.910670,4.400767,-0.007348,-0.012682,-0.008542
9.179838,1.920248,4.419921,-0.009878,-0.014546,-0.004814
9.179838,1.948979,4.419921,-0.015604,-0.016810,-0.004414
9.208569,1.982500,4.424710,-0.015870,-0.022935,-0.005613
9.184626,1.982500,4.357669,-0.012674,-0.030259,-0.006678
9.155895,1.972923,4.410344,-0.009212,-0.030526,-0.007876
9.165472,1.944191,4.367247,-0.000690,-0.026398,-0.005613
9.160683,1.939402,4.400767,0.002639,-0.025732,-0.005613
9.155895,1.939402,4.458231,0.003705,-0.024933,-0.004148
9.141529,1.934614,4.410344,0.004770,-0.022003,-0.002284
9.141529,1.910670,4.424710,0.009430,-0.020272,-0.001085
9.131951,1.915459,4.405556,0.012759,-0.018941,0.001045
9.131951,1.925036,4.405556,0.012759,-0.015479,0.002510
9.122374,1.929825,4.472597,0.006101,-0.014813,0.000380
9.112796,1.939402,4.439076,0.001707,-0.016277,-0.002683
9.117585,1.953768,4.410344,0.001441,-0.014680,-0.002417
9.122374,1.953768,4.419921,0.002772,-0.013747,-0.002816
9.122374,1.929825,4.376824,0.010762,-0.010818,-0.000819
9.127162,1.920248,4.386401,0.020216,-0.006290,0.001711
9.136739,1.925036,4.395978,0.025543,-0.001497,0.001977
9.127162,1.915459,4.424710,0.026741,-0.000831,0.002111
9.136739,1.920248,4.453442,0.023412,-0.001630,0.001578
9.136739,1.915459,4.439076,0.030603,0.000101,-0.000286
9.136739,1.915459,4.391190,0.037394,0.000634,-0.000286
9.146317,1.910670,4.400767,0.038992,-0.000431,-0.000020
9.184626,1.944191,4.372035,0.035397,0.001300,0.000646
9.194204,1.948979,4.405556,0.032867,0.001433,0.003043
9.160683,1.968134,4.429499,0.029138,-0.001763,0.005972
9.160683,1.968134,4.434288,0.029538,-0.002029,0.008103
9.155895,1.963345,4.443865,0.027540,-0.002296,0.009301
9.146317,1.987289,4.400767,0.024877,-0.002695,0.007570
9.160683,2.001655,4.362458,0.023279,-0.002961,0.004641
9.165472,1.987289,4.367247,0.023545,-0.007089,0.002643
9.151105,1.963345,4.357669,0.028472,-0.002828,0.001312
9.160683,1.939402,4.352880,0.033932,-0.000165,0.001711
9.160683,1.944191,4.367247,0.031269,-0.000964,0.001445
9.165472,1.939402,4.324149,0.029538,0.000767,0.001178
9.179838,1.939402,4.391190,0.027540,0.001166,0.001711
9.184626,1.920248,4.424710,0.025276,-0.001763,0.000779
9.184626,1.905882,4.400767,0.027274,-0.005358,-0.002284
9.179838,1.905882,4.419921,0.023812,-0.009753,-0.003748
9.189414,1.944191,4.328937,0.017021,-0.014680,-0.004414
9.179838,1.977711,4.324149,0.010895,-0.019873,-0.006012
9.160683,1.996866,4.372035,0.004770,-0.023335,-0.005746
9.151105,1.996866,4.391190,0.002506,-0.030392,-0.006145
9.141529,1.972923,4.410344,0.004903,-0.037050,-0.006944
9.131951,1.953768,4.448653,0.007966,-0.038116,-0.004015
9.136739,1.934614,4.410344,0.013825,-0.037849,-0.003482
9.112796,1.920248,4.434288,0.017819,-0.035985,-0.004414
9.131951,1.934614,4.448653,0.022081,-0.027729,-0.004947
9.160683,1.948979,4.443865,0.024344,-0.023069,-0.004281
9.179838,1.939402,4.491751,0.023279,-0.023601,-0.004148
9.213358,1.948979,4.434288,0.027274,-0.022270,-0.001751
9.256456,1.958557,4.458231,0.031535,-0.024267,0.000646
9.242090,1.963345,4.405556,0.033932,-0.036784,0.002776
9.242090,2.011232,4.285840,0.021548,-0.057424,0.001178
9.289977,2.059118,4.233164,0.005702,-0.080594,-0.004547
9.380961,2.135737,4.123025,-0.008014,-0.110821,-0.012670
9.481522,2.193201,3.902748,-0.018267,-0.148106,-0.029049
9.610816,2.221932,3.773454,-0.022927,-0.189252,-0.050088
9.735321,2.217144,3.586697,-0.009478,-0.231597,-0.072992
9.840671,2.154891,3.423883,0.014224,-0.279002,-0.095762
9.969964,2.063907,3.294589,0.024744,-0.327206,-0.121595
10.032217,2.025598,3.184451,0.030470,-0.379272,-0.148760
10.084892,2.025598,3.194028,0.053906,-0.432136,-0.179653
10.094470,1.972923,3.265857,0.074945,-0.458369,-0.202157
10.065737,1.968134,3.251492,0.084533,-0.469554,-0.218403
9.979541,2.016021,3.261069,0.089326,-0.473416,-0.227857
9.859826,2.097428,3.217971,0.087196,-0.473283,-0.225859
9.682645,2.217144,3.136564,0.074679,-0.480074,-0.214275
9.452791,2.384746,3.179662,0.058966,-0.499515,-0.192170
9.108008,2.547560,3.313744,0.064825,-0.514030,-0.166870
8.691395,2.657699,3.797397,0.112763,-0.496985,-0.132115
8.442386,2.605024,4.223587,0.167491,-0.460633,-0.112807
8.289149,2.504462,4.443865,0.220489,-0.409233,-0.105616
8.212531,2.394324,4.539638,0.257907,-0.356368,-0.107347
8.179010,2.250664,4.525272,0.280278,-0.305368,-0.118000
8.198164,2.102216,4.419921,0.290931,-0.251039,-0.127454
8.246051,1.925036,4.405556,0.295858,-0.199106,-0.130916
8.360979,1.676027,4.386401,0.296923,-0.141981,-0.130517
8.542947,1.431806,4.395978,0.282941,-0.084455,-0.122927
8.796746,1.273780,4.486963,0.255244,-0.035586,-0.113606
9.131951,1.168430,4.463019,0.207173,0.021673,-0.097759
9.371383,1.134909,4.395978,0.170288,0.055229,-0.084976
9.577295,1.173219,4.285840,0.133136,0.074005,-0.073924
9.711378,1.240260,4.079927,0.097050,0.081595,-0.065801
9.773630,1.316878,3.974577,0.066157,0.080796,-0.060075
9.816728,1.407862,3.792609,0.044984,0.077334,-0.054749
9.807150,1.484481,3.639372,0.031136,0.068013,-0.053284
9.706589,1.585042,3.610640,0.015689,0.050835,-0.054882
9.558140,1.671238,3.548388,0.007566,0.039250,-0.057545
9.414482,1.810109,3.500501,-0.001489,0.035389,-0.062605
9.318708,1.972923,3.514867,-0.013606,0.032459,-0.068331
9.194204,2.212355,3.557965,-0.017068,0.032992,-0.078851
9.122374,2.379958,3.658527,-0.006416,0.038052,-0.086574
9.055333,2.456576,3.759088,0.010895,0.045242,-0.090303
9.026600,2.533195,3.811763,0.027540,0.058425,-0.093099
9.036178,2.542772,3.883593,0.045250,0.068545,-0.091634
9.079276,2.437422,3.921902,0.069219,0.079331,-0.088571
9.131951,2.245876,4.012887,0.091723,0.090117,-0.084976
9.127162,2.001655,4.084716,0.101977,0.103034,-0.083245
9.136739,1.714336,4.055984,0.093721,0.125538,-0.085376
9.131951,1.460537,4.137392,0.058566,0.150972,-0.089237
9.108008,1.245048,4.151757,-0.018666,0.183196,-0.098958
9.079276,1.149275,4.055984,-0.088975,0.205834,-0.108679
9.060121,1.096600,4.079927,-0.169004,0.223943,-0.121861
9.055333,1.058291,4.151757,-0.250631,0.235528,-0.137707
9.064910,1.039137,4.113448,-0.328663,0.245116,-0.153687
9.098430,1.091812,4.204432,-0.405896,0.249377,-0.169533
9.079276,1.163641,4.252319,-0.472609,0.253771,-0.186045
9.088853,1.216316,4.328937,-0.527737,0.259897,-0.198429
9.131951,1.273780,4.352880,-0.571813,0.257366,-0.204820
9.155895,1.345610,4.218798,-0.598046,0.249244,-0.202423
9.165472,1.427017,4.242742,-0.600709,0.243651,-0.185512
9.093642,1.522790,4.314571,-0.588325,0.236860,-0.153953
9.031390,1.618563,4.309782,-0.566087,0.231800,-0.107347
9.026600,1.709547,4.439076,-0.541053,0.223943,-0.053950
9.040966,1.795743,4.558792,-0.512424,0.213424,-0.007077
9.064910,1.881938,4.678508,-0.484594,0.211426,0.028210
9.093642,1.958557,4.764704,-0.453434,0.211293,0.052978
9.112796,2.006443,4.750338,-0.411355,0.219682,0.068025
9.108008,2.111793,4.707241,-0.371541,0.232599,0.072685
9.064910,2.217144,4.630622,-0.336519,0.238058,0.061367
8.796746,2.595447,4.525272,-0.310420,0.241121,0.038596
8.662664,2.868400,4.525272,-0.287650,0.243651,0.022218
8.667452,3.079100,4.463019,-0.256357,0.247912,0.004241
8.753648,3.347265,4.333726,-0.222268,0.243518,-0.008542
8.801534,3.644161,4.338514,-0.171800,0.229003,-0.009741
9.017024,3.692047,4.352880,-0.100693,0.216087,-0.004947
9.088853,3.572331,4.434288,-0.032781,0.199176,0.002776
9.304343,3.380785,4.525272,0.009164,0.179734,0.013163
9.333074,3.217971,4.520483,0.038726,0.160426,0.014095
9.251667,3.088678,4.606679,0.054971,0.149773,0.012098
9.261244,2.954596,4.630622,0.078141,0.162823,-0.001751
9.275610,2.806147,4.673720,0.084932,0.195181,-0.041566
9.198992,2.854034,4.688086,0.073747,0.212758,-0.083645
8.978714,2.825302,4.630622,0.074413,0.235528,-0.120130
8.787168,2.696008,4.515695,0.071483,0.259897,-0.150624
8.643509,2.628968,4.362458,0.056702,0.277474,-0.178987
8.504638,2.595447,4.099082,0.024611,0.293453,-0.204820
8.456751,2.557138,3.945845,-0.019332,0.319020,-0.228523
8.504638,2.480519,3.912325,-0.081118,0.348182,-0.251693
8.614777,2.356014,3.869227,-0.146900,0.376944,-0.263943
8.715339,2.279396,3.840495,-0.210550,0.396918,-0.263144
8.820689,2.217144,3.715990,-0.289514,0.415960,-0.251027
8.839843,2.217144,3.668104,-0.345042,0.433005,-0.234115
8.892518,2.241087,3.773454,-0.387786,0.450049,-0.213209
8.949982,2.317705,3.783031,-0.415617,0.466028,-0.192569
9.012235,2.446999,3.840495,-0.430397,0.477347,-0.169799
9.017024,2.542772,3.897959,-0.426136,0.480410,-0.148760
8.993081,2.648122,3.859650,-0.416016,0.495457,-0.135177
8.935617,2.710374,3.926691,-0.406961,0.505177,-0.124924
8.945194,2.830090,4.094294,-0.404697,0.514898,-0.121329
8.897307,2.906709,4.237953,-0.378998,0.511835,-0.113872
8.863787,2.887554,4.261896,-0.330527,0.500117,-0.100689
8.744071,2.882766,4.257108,-0.277796,0.503846,-0.083112
8.677029,2.801359,4.242742,-0.226130,0.520358,-0.063138
8.662664,2.672065,4.304994,-0.184584,0.545791,-0.041433
8.681818,2.537983,4.352880,-0.154889,0.565898,-0.016798
8.667452,2.346437,4.472597,-0.125594,0.581478,0.010500
8.600411,2.150103,4.582736,-0.115474,0.607311,0.039395
8.581256,1.977711,4.606679,-0.117871,0.640202,0.063764
8.552525,1.910670,4.664143,-0.128390,0.675090,0.085202
8.648298,1.819686,4.664143,-0.130521,0.709711,0.114231
8.648298,1.829263,4.592313,-0.128390,0.727288,0.131010
8.595623,1.814897,4.601890,-0.129322,0.744999,0.147788
8.586046,1.834052,4.582736,-0.138510,0.768035,0.162702
8.624355,1.905882,4.568369,-0.142638,0.794268,0.173754
8.696185,2.011232,4.539638,-0.138777,0.814775,0.174020
8.758437,2.068696,4.400767,-0.129589,0.836080,0.166297
8.887730,2.073484,4.324149,-0.124662,0.862446,0.150984
9.074487,2.092639,4.237953,-0.133717,0.885882,0.135803
9.112796,2.107005,4.022464,-0.155422,0.904791,0.125550
9.361806,2.241087,3.874016,-0.198832,0.934486,0.114098
9.443213,2.322494,3.783031,-0.231456,0.927561,0.106109
9.438425,2.375169,3.620217,-0.261284,0.919705,0.102646
9.471945,2.432633,3.610640,-0.293509,0.913446,0.098385
9.515043,2.504462,3.538810,-0.315081,0.901861,0.092659
9.577295,2.609813,3.601063,-0.330927,0.884550,0.086001
9.764053,2.628968,3.783031,-0.330128,0.852858,0.080542
9.946022,2.643333,3.845284,-0.317478,0.801592,0.072819
9.936444,2.566715,4.065562,-0.295773,0.722761,0.062565
9.888557,2.461365,4.180489,-0.289647,0.661907,0.057638
9.687434,2.408690,4.362458,-0.288182,0.603982,0.051646
9.467156,2.332071,4.644988,-0.301365,0.566697,0.049516
9.309131,2.408690,4.865266,-0.314814,0.543528,0.042991
9.141529,2.499674,4.994559,-0.320141,0.515830,0.040194
9.064910,2.614601,5.123853,-0.315480,0.513167,0.031539
9.103219,2.662488,5.128642,-0.310420,0.515963,0.018223
9.160683,2.624179,5.128642,-0.316412,0.511036,0.003176
9.198992,2.542772,5.119064,-0.334123,0.503047,-0.010673
9.318708,2.427844,5.032868,-0.363551,0.502914,-0.024521
9.476734,2.370380,5.056812,-0.408293,0.482407,-0.028916
9.620393,2.312917,5.147796,-0.446776,0.445921,-0.034375
9.888557,2.269819,5.358497,-0.504434,0.375346,-0.041033
9.965176,2.255453,5.506945,-0.562758,0.309033,-0.053151
9.912501,2.308128,5.607506,-0.614425,0.265223,-0.074989
9.969964,2.514040,5.708068,-0.655038,0.232732,-0.100023
9.864614,2.533195,5.641026,-0.674080,0.191985,-0.132514
9.764053,2.518829,5.392017,-0.673548,0.147909,-0.168734
9.716166,2.461365,5.200471,-0.665691,0.096909,-0.202956
9.706589,2.365592,5.075966,-0.654239,0.063219,-0.232651
9.735321,2.293762,5.023291,-0.643853,0.046175,-0.255022
9.764053,2.260241,4.989770,-0.640657,0.042047,-0.269270
9.878980,2.279396,5.013714,-0.648514,0.051634,-0.268471
10.089680,2.346437,5.085544,-0.669153,0.059491,-0.259150
10.300381,2.399112,5.272301,-0.696717,0.051501,-0.244236
10.496716,2.461365,5.272301,-0.718023,0.038185,-0.220533
10.688261,2.499674,5.219625,-0.714827,0.018744,-0.189107
10.894173,2.494885,5.037657,-0.683535,-0.009353,-0.150757
10.980369,2.456576,4.735972,-0.640790,-0.038515,-0.112407
11.296420,2.504462,4.496540,-0.611362,-0.037050,-0.065135
11.947676,2.633756,4.486963,-0.619218,-0.018941,-0.037038
12.699493,2.834879,4.439076,-0.624944,-0.015079,-0.014801
13.178359,2.983327,4.400767,-0.610696,-0.046771,0.000646
13.240611,3.098255,4.204432,-0.573411,-0.117879,0.010500
13.020333,3.217971,3.883593,-0.501904,-0.223741,0.017158
12.589354,3.227548,3.596274,-0.395776,-0.356102,0.028743
12.024294,3.083889,3.107832,-0.235850,-0.523484,0.056440
11.789650,2.901920,2.686431,-0.125993,-0.622822,0.082007
11.784862,2.696008,2.250664,-0.025990,-0.697658,0.105842
12.019505,2.480519,1.671238,0.061762,-0.768632,0.126882
12.340345,2.269819,1.053502,0.134867,-0.864374,0.144592
12.622875,2.126159,0.359149,0.186533,-1.003793,0.160704
12.766534,2.107005,-0.430978,0.240330,-1.203000,0.181477
12.737803,1.968134,-1.187584,0.295591,-1.427375,0.202250
12.752168,1.589831,-2.145314,0.329680,-1.714468,0.220893
12.828787,1.115755,-2.767838,0.333808,-1.933649,0.223689
12.694705,0.469287,-3.126987,0.335673,-2.175069,0.222357
12.407386,-0.292108,-3.136564,0.311837,-2.406501,0.212104
12.038661,-0.895477,-2.791781,0.224351,-2.621421,0.207710
11.789650,-0.900266,-2.025598,0.084400,-2.831947,0.214767
11.689088,-0.435767,-0.914632,-0.068202,-3.037946,0.230214
11.890212,0.392669,0.699142,-0.224266,-3.211454,0.253916
12.464850,1.719124,3.476558,-0.386055,-3.365253,0.290136
12.819210,2.796570,5.693702,-0.410956,-3.412126,0.304650
13.015544,3.897959,7.657047,-0.327997,-3.419317,0.304917
13.149626,4.855689,8.801534,-0.147033,-3.411061,0.282279
13.058642,5.837361,9.045756,0.103042,-3.430102,0.235940
13.005967,6.450308,8.815900,0.372025,-3.461661,0.184140
13.298074,6.550869,8.360979,0.605588,-3.450875,0.118759
13.781727,6.862132,7.733665,0.827033,-3.409995,0.012763
13.757784,7.364940,7.159028,0.980833,-3.405068,-0.069929
13.724264,7.436769,6.397633,1.146351,-3.389622,-0.125324
13.743418,7.633104,5.846939,1.279911,-3.361924,-0.180851
14.150453,7.340996,5.650604,1.437439,-3.289352,-0.237444
14.547911,6.723261,5.483001,1.595101,-3.204662,-0.258484
14.720303,6.230030,5.511733,1.735584,-3.166046,-0.254755
14.720303,5.540465,5.530888,1.864350,-3.158056,-0.234781
14.456927,5.085544,5.564408,1.948907,-3.196540,-0.181118
13.982851,4.803013,5.698491,2.073545,-3.279099,-0.129452
13.365116,4.194855,5.631449,2.197517,-3.344081,-0.074989
12.800055,3.620217,5.392017,2.267293,-3.357796,-0.041566
12.440906,3.227548,5.281878,2.300450,-3.314653,-0.040367
12.172742,2.681643,5.143007,2.310170,-3.236621,-0.066334
11.928522,2.236298,5.157373,2.294191,-3.146738,-0.119598
11.550218,1.747856,5.133430,2.230674,-2.999596,-0.194434
11.296420,1.561099,5.018503,2.129872,-2.885078,-0.241706
11.013890,1.359976,4.941884,2.005100,-2.781746,-0.276327
10.745725,1.082234,4.807802,1.856627,-2.710638,-0.297899
10.453618,1.580254,4.678508,1.667673,-2.642993,-0.309617
9.974753,1.604197,4.697663,1.532649,-2.605575,-0.282319
9.419270,1.221105,4.640199,1.435442,-2.559901,-0.257685
8.557313,1.053502,4.410344,1.304678,-2.449112,-0.238776
7.906057,0.981673,4.285840,1.199349,-2.307163,-0.222797
7.422403,0.847591,4.261896,1.098280,-2.160820,-0.211079
6.972270,0.756606,4.242742,1.013857,-2.025929,-0.207883
6.584390,0.679988,4.276262,0.961392,-1.889307,-0.210946
6.239607,0.593792,4.190066,0.929567,-1.756680,-0.224794
5.851727,0.612947,4.151757,0.922243,-1.629112,-0.236912
5.578774,0.545906,3.988943,0.961259,-1.495686,-0.241972
5.315399,0.454922,3.802186,1.010927,-1.372912,-0.243303
5.071177,0.378303,3.605851,1.056335,-1.229499,-0.246632
4.903575,0.474076,3.562754,1.096150,-1.145075,-0.251693
4.750338,0.502808,3.529233,1.142756,-1.087817,-0.254888
4.597102,0.483653,3.543599,1.162064,-1.046803,-0.252225
4.386401,0.459710,3.366419,1.153808,-1.010850,-0.247565
4.252319,0.421401,3.179662,1.103607,-0.968772,-0.234115
4.209221,0.478865,3.064734,1.038625,-0.922165,-0.220666
4.343303,0.656045,2.983327,0.990021,-0.888076,-0.214940
4.434288,0.742240,2.906709,0.951272,-0.880486,-0.212011
4.429499,0.651256,2.643333,0.868180,-0.852256,-0.206818
4.304994,0.402246,2.226721,0.753129,-0.797261,-0.201491
4.237953,0.047886,1.757434,0.588544,-0.708177,-0.192836
4.175701,-0.368726,1.235471,0.382279,-0.611636,-0.181251
4.094294,-0.718297,0.775761,0.146452,-0.514562,-0.169799
4.027253,-0.847591,0.502808,-0.097364,-0.424413,-0.164206
3.936268,-0.900266,0.253798,-0.315480,-0.365823,-0.172595
3.763877,-0.962518,0.076618,-0.519748,-0.327739,-0.194034
3.620217,-0.996039,-0.268164,-0.779010,-0.282065,-0.235181
3.639372,-1.067868,-0.756606,-0.951053,-0.244913,-0.269669
3.802186,-1.019982,-1.144487,-1.093934,-0.197908,-0.306688
4.070350,-0.861956,-1.422228,-1.200995,-0.131461,-0.349965
4.448653,-0.569849,-1.556310,-1.262248,-0.038515,-0.389247
5.018503,-0.119716,-1.513213,-1.273434,0.082527,-0.420539
5.751165,0.339994,-1.647295,-1.260251,0.197311,-0.448104
6.598756,0.957729,-1.556310,-1.284220,0.302375,-0.467412
7.987464,1.881938,-1.283357,-1.335353,0.415028,-0.482992
9.131951,2.652911,-1.211528,-1.342011,0.486535,-0.468477
10.070526,3.280223,-1.403074,-1.296071,0.556444,-0.442111
10.731359,3.692047,-1.958557,-1.244538,0.629948,-0.407090
11.234168,4.257108,-2.854034,-1.178624,0.675889,-0.361283
10.769668,4.458231,-3.701624,-1.085412,0.633411,-0.321335
10.391366,4.678508,-4.410344,-0.997127,0.671627,-0.243969
10.329113,4.850900,-5.195683,-0.779543,0.698925,-0.117600
10.611643,4.549215,-5.842150,-0.610696,0.687474,-0.056746
10.894173,4.554004,-6.287494,-0.437721,0.724093,0.005706
11.382616,3.677681,-6.919596,-0.281658,0.818503,0.029941
12.512736,4.568369,-6.455097,-0.136247,0.609708,0.140997
11.895001,4.630622,-6.550869,-0.021063,0.686009,0.167096
12.053026,4.659354,-6.316226,0.107037,0.834749,0.164033
10.956426,4.209221,-5.550042,0.246189,1.025833,0.116895
10.611643,3.960211,-4.443865,0.314633,1.190286,0.082406
10.166299,3.897959,-3.313744,0.370694,1.313859,0.066294
10.094470,3.969789,-1.604197,0.414237,1.436233,0.039529
9.495888,4.319360,-0.201123,0.489073,1.567528,0.034602
8.902096,4.616256,1.503635,0.483747,1.856885,0.031805
9.452791,5.253146,3.581908,0.389336,2.277938,0.012897
11.248533,6.249185,5.248358,0.328349,2.625485,-0.006811
13.235822,6.905230,5.822995,0.288401,2.745329,-0.055415
15.457755,7.513388,4.750338,0.341132,2.488730,-0.176058
16.415483,7.839016,2.806147,0.482948,2.126401,-0.311082
17.421098,7.997041,1.120543,0.722236,1.840640,-0.464216
19.058816,7.178183,0.162814,1.017452,1.725723,-0.590585
20.859348,4.688086,-0.344783,1.367530,1.586171,-0.556895
20.720478,1.446171,-0.220278,1.644503,1.145012,-0.407889
17.373212,-1.762222,0.794915,1.888186,0.734346,-0.188042
12.345133,-5.564408,3.280223,2.152775,0.782417,0.103179
9.969964,-7.623527,4.558792,2.293126,1.036619,0.349925
7.939578,-8.811112,4.678508,2.239995,1.229435,0.533952
5.957077,-9.036178,4.429499,1.871541,1.356736,0.594939
3.850073,-8.471117,4.333726,1.109200,1.442624,0.531821
2.351226,-6.627488,4.841322,0.037394,1.522520,0.391471
1.709547,-4.127814,5.641026,-0.913502,1.541429,0.234608
1.728702,-1.450960,5.540465,-1.442014,1.562868,0.122754
2.379958,0.617735,4.324149,-1.576906,1.579912,0.037664
3.538810,2.432633,3.117409,-1.617519,1.623323,-0.079517
5.808629,5.018503,3.088678,-1.739894,1.671393,-0.325064
8.308303,6.962693,4.395978,-1.811534,1.698691,-0.556496
11.349095,8.317881,5.799052,-1.739760,1.692433,-0.801910
13.642857,8.710550,6.239607,-1.504200,1.555677,-0.974752
14.088201,7.997041,5.487790,-1.165974,1.324911,-1.016564
13.092163,6.258762,4.099082,-0.819757,1.166184,-0.910569
11.976408,4.046407,3.031214,-0.600975,1.187490,-0.708165
11.047410,1.719124,2.097428,-0.513356,1.249675,-0.419341
10.511081,0.541117,1.489269,-0.519348,1.260994,-0.269536
9.898135,-0.426190,1.024770,-0.597114,1.248743,-0.153554
9.261244,-0.603370,0.919420,-0.755175,1.253670,-0.030647
8.993081,-0.440556,1.154064,-0.966367,1.311329,0.069090
8.997869,0.478865,1.771800,-1.162911,1.391091,0.143660
9.040966,1.743068,2.427844,-1.223366,1.468591,0.205446
9.151105,2.930652,2.868400,-1.182352,1.534372,0.231146
9.213358,4.075139,3.174873,-1.098595,1.576317,0.223689
9.084065,4.965827,3.371208,-0.884207,1.575784,0.192263
8.734494,5.463847,3.423883,-0.710566,1.565398,0.154579
8.404077,5.502156,3.581908,-0.506831,1.563134,0.103046
7.896480,5.291455,3.562754,-0.329329,1.565132,0.052978
7.542119,5.099909,3.505290,-0.187647,1.591897,0.013296
7.417615,4.783859,3.356842,-0.050492,1.633709,-0.002949
7.403249,4.534849,3.146141,0.059765,1.663004,0.019421
7.580429,4.343303,3.098255,0.143922,1.690968,0.075748
7.949155,4.017675,3.217971,0.219823,1.725323,0.154179
8.337036,3.462192,3.328110,0.262035,1.735310,0.242731
8.839843,2.743895,3.347265,0.298388,1.747028,0.366170
9.184626,2.164469,3.347265,0.326351,1.759146,0.457252
9.443213,1.618563,3.270646,0.341132,1.760478,0.521435
9.562930,1.120543,3.261069,0.329547,1.761676,0.564712
9.548563,0.675199,3.126987,0.292262,1.780052,0.585219
9.519831,0.311262,3.160507,0.213298,1.811877,0.590012
9.519831,0.000000,3.261069,0.112230,1.853423,0.577229
9.400115,-0.172391,3.375996,-0.010544,1.908285,0.549398
9.491100,-0.028732,3.514867,-0.151427,1.964612,0.502526
9.553352,0.311262,3.519656,-0.280459,1.994972,0.441938
9.658702,0.838013,3.510078,-0.385922,2.004294,0.370964
9.610816,1.589831,3.500501,-0.486458,1.974466,0.268031
9.510254,2.150103,3.510078,-0.529069,1.950097,0.188535
9.376173,2.461365,3.514867,-0.519082,1.914544,0.114365
9.198992,2.576292,3.447826,-0.488855,1.859682,0.057372
9.069699,2.643333,3.256280,-0.443181,1.794833,0.019022
9.064910,2.609813,3.079100,-0.397240,1.741302,-0.004814
9.194204,2.619390,2.825302,-0.364483,1.705749,-0.018796
9.433636,2.672065,2.619390,-0.355162,1.681780,-0.021059
9.754475,2.782204,2.423056,-0.361420,1.646759,-0.021592
9.902923,2.839668,1.958557,-0.360621,1.588168,-0.020527
10.008274,2.820513,1.537156,-0.358890,1.529445,-0.024388
10.037006,2.729529,1.192373,-0.360222,1.458071,-0.040634
10.127989,2.566715,0.890688,-0.370875,1.396152,-0.067532
10.175876,2.403901,0.842802,-0.420144,1.301475,-0.107613
10.017850,2.284185,1.072657,-0.520280,1.182829,-0.157149
9.850248,2.236298,1.666449,-0.647581,1.087886,-0.205220
9.744898,2.245876,2.499674,-0.765694,0.989481,-0.248497
9.361806,2.174046,3.332899,-0.850784,0.861381,-0.282719
9.031390,2.092639,3.749511,-0.890465,0.834749,-0.297766
8.854209,2.145314,4.295417,-0.928815,0.846600,-0.296168
8.653086,2.274607,4.803013,-0.966899,0.848464,-0.283651
8.351402,2.418267,5.353708,-1.002187,0.848997,-0.264210
8.437597,2.806147,5.894825,-1.046263,0.897733,-0.239841
8.849421,3.170084,6.325803,-1.059978,0.929825,-0.213342
9.491100,3.586697,6.742415,-1.044931,0.931423,-0.200559
10.022640,3.888382,6.847766,-0.985408,0.892141,-0.199227
10.558968,4.108659,6.536504,-0.865831,0.818104,-0.203355
10.884596,4.113448,6.162989,-0.770089,0.754719,-0.202157
11.152760,3.960211,5.636238,-0.687929,0.685476,-0.190572
11.349095,3.749511,5.095121,-0.631336,0.606246,-0.167935
11.464022,3.543599,4.625833,-0.598845,0.513167,-0.136642
11.545430,3.495712,4.151757,-0.595649,0.430874,-0.097759
12.100913,3.802186,3.969789,-0.635597,0.392124,-0.047292
13.302863,4.549215,4.161334,-0.688994,0.373349,-0.004148
14.935791,5.483001,4.482174,-0.698582,0.285863,0.034069
15.620569,5.894825,4.429499,-0.632667,0.157230,0.046852
15.888732,5.928346,3.969789,-0.477669,0.006227,0.053777
15.850423,5.679336,3.222760,-0.255425,-0.165417,0.065894
15.769017,5.099909,2.446999,0.003571,-0.365423,0.086534
15.414656,4.319360,1.714336,0.246322,-0.592195,0.105842
15.218322,3.577120,1.082234,0.437673,-0.767833,0.121289
15.400291,2.935441,0.603370,0.590940,-0.931753,0.133406
16.022813,2.293762,-0.038309,0.746738,-1.200603,0.156843
16.123374,1.920248,-0.469287,0.853532,-1.457069,0.171757
15.764227,1.546733,-0.905054,0.991353,-1.722591,0.197323
14.974101,0.871534,-1.331244,1.137696,-1.979723,0.231412
14.116933,0.162814,-1.522790,1.245156,-2.213152,0.281747
13.254977,-0.679988,-1.527578,1.310537,-2.438726,0.343400
12.388232,-1.628140,-1.383919,1.296556,-2.635004,0.401458
11.315574,-2.336860,-0.751818,1.054337,-2.813704,0.462179
10.985157,-2.356014,0.100562,0.748069,-2.895864,0.467239
10.922905,-1.925036,1.091812,0.345393,-2.972564,0.425959
11.085720,-1.144487,2.499674,-0.119868,-3.026627,0.350324
11.550218,-0.435767,4.204432,-0.581401,-3.069505,0.253650
12.115279,0.181969,6.134257,-1.025357,-3.128894,0.140064
12.469638,0.957729,7.997041,-1.399270,-3.178962,0.025946
12.914982,1.886727,9.893346,-1.577172,-3.206393,-0.079650
13.523140,2.068696,10.573334,-1.420975,-3.238352,-0.093632
13.786517,1.862784,10.281227,-1.068634,-3.380966,-0.071926
13.523140,2.011232,9.376173,-0.638926,-3.621986,-0.023589
13.226244,2.135737,8.609989,-0.222534,-3.780846,-0.006012
12.914982,2.336860,7.867748,0.080804,-3.759541,-0.044495
12.531890,2.150103,7.235646,0.260704,-3.589229,-0.126922
11.823171,2.810936,6.593967,0.370960,-3.215715,-0.263677
11.535852,2.930652,6.206087,0.455916,-2.940606,-0.338113
11.267688,2.973750,5.923557,0.573497,-2.717829,-0.377529
11.191069,3.012059,5.851727,0.731158,-2.562165,-0.386584
11.147972,2.940229,5.755954,0.911590,-2.481470,-0.361283
11.157549,2.648122,5.703279,1.065922,-2.428739,-0.344106
11.013890,2.743895,5.741588,1.147150,-2.425410,-0.337181
10.482350,2.743895,5.645815,1.186166,-2.465757,-0.322933
9.926867,2.384746,5.511733,1.121716,-2.489992,-0.312547
9.357017,2.025598,5.358497,0.999875,-2.464559,-0.307487
8.806324,1.987289,5.171739,0.826234,-2.408099,-0.301095
8.351402,2.130948,5.210048,0.678560,-2.331798,-0.296701
7.958732,2.145314,5.348919,0.594802,-2.249239,-0.288977
7.695356,2.226721,5.492578,0.541671,-2.159223,-0.278990
7.364940,2.303339,5.645815,0.511710,-2.079327,-0.260481
6.972270,2.006443,5.645815,0.514773,-2.011149,-0.236512
6.440731,1.704759,5.583563,0.504786,-1.893435,-0.206818
6.115103,1.594620,5.540465,0.495864,-1.772792,-0.178588
5.779897,1.259414,5.444692,0.496264,-1.649353,-0.142901
5.540465,1.087023,5.420749,0.489739,-1.517924,-0.111608
5.286667,0.694354,5.392017,0.503721,-1.394617,-0.080049
5.052023,0.445344,5.286667,0.513175,-1.286358,-0.047159
4.874843,0.598581,5.320187,0.519167,-1.178099,-0.013735
4.649776,0.421401,5.233992,0.568037,-1.097670,0.016092
4.357669,0.368726,5.095121,0.619969,-1.008320,0.030873
4.199644,0.521963,4.846111,0.693074,-0.898330,0.027145
4.170912,0.660833,4.635411,0.743542,-0.833348,0.013429
4.137392,0.780550,4.482174,0.800535,-0.775423,-0.009474
4.142180,0.838013,4.362458,0.854864,-0.708976,-0.049689
4.237953,0.924209,4.146969,0.883626,-0.646790,-0.101621
4.424710,1.101389,3.931479,0.861389,-0.599252,-0.166736
4.707241,1.268992,3.696836,0.790547,-0.582341,-0.241706
4.984982,1.417440,3.452615,0.666176,-0.596589,-0.320270
5.210048,1.541944,3.261069,0.502522,-0.618960,-0.399101
5.382440,1.594620,2.925864,0.318628,-0.614166,-0.469942
5.846939,1.494058,2.423056,0.072149,-0.557307,-0.570345
6.277917,1.221105,1.881938,-0.126393,-0.473949,-0.640919
6.780725,0.766184,1.168430,-0.313216,-0.378340,-0.705502
7.388883,0.296896,0.244221,-0.484327,-0.296979,-0.751309
7.882113,-0.124505,-0.785338,-0.644918,-0.245979,-0.787662
8.557313,-0.311262,-2.097428,-0.813232,-0.200704,-0.780205
9.471945,-0.268164,-3.648949,-0.954515,-0.202036,-0.759964
10.448829,0.028732,-5.248358,-1.066370,-0.242783,-0.702839
11.574161,0.708720,-6.924384,-1.107916,-0.315888,-0.583128
11.995562,1.479692,-7.661836,-1.064239,-0.355436,-0.500835
12.316402,2.743895,-7.877325,-1.011508,-0.364491,-0.407889
12.517525,3.950634,-7.762397,-0.968630,-0.367687,-0.327727
12.474427,5.277090,-7.326631,-0.926419,-0.363293,-0.262212
12.464850,6.445519,-6.646643,-0.858374,-0.322013,-0.212543
12.838364,7.455924,-5.272301,-0.607234,-0.193380,-0.130251
13.240611,7.810284,-3.754300,-0.359157,-0.103630,-0.065402
13.384270,7.647470,-2.217144,-0.067936,-0.022003,-0.000686
13.302863,6.967482,-0.991250,0.233273,0.056694,0.053910
12.560623,6.076794,-0.253798,0.519300,0.138455,0.099184
11.454445,5.109487,0.038309,0.763250,0.274544,0.134205
10.295593,4.304994,0.129293,0.964721,0.420621,0.151783
8.672241,2.547560,0.047886,1.153542,0.481075,0.091594
7.087198,2.379958,0.138871,1.050609,0.689604,0.110237
5.799052,2.116582,0.296896,0.967384,0.903726,0.062166
5.516522,1.819686,1.144487,0.813451,1.031559,0.035800
5.842150,2.437422,1.575465,0.582152,0.785613,0.035001
5.588352,2.174046,2.312917,0.292262,0.344453,-0.021326
5.047235,0.957729,5.612295,0.042321,0.569094,-0.076720
9.361806,0.000000,9.558140,-0.139043,1.696161,-0.032777
16.827306,0.162814,10.477561,-0.060479,2.522419,0.035800
21.831443,0.861956,6.555658,0.194390,2.342787,0.060435
23.933660,2.226721,0.014366,0.437141,1.584174,0.035401
20.643859,4.913152,-6.139046,0.824370,0.457906,-0.181917
15.644512,6.900441,-5.899613,1.280576,0.287194,-0.307753
13.475255,6.579602,-3.921902,1.872606,0.615567,-0.274596
14.691571,4.046407,-1.403074,2.267692,0.819169,-0.212543
15.414656,1.197162,2.499674,2.406978,0.697993,-0.147428
13.805671,-1.977711,6.943539,2.495130,0.444456,-0.028250
10.573334,-5.492578,10.362633,2.441866,0.329672,0.146722
6.182144,-9.246878,11.464022,1.859557,0.535272,0.323692
4.247530,-10.530236,9.615605,1.259138,0.818903,0.341935
3.069523,-12.014717,5.976232,0.632087,1.108259,0.289736
2.178835,-11.875846,3.194028,-0.280859,1.277373,0.132075
1.331244,-9.294765,2.724740,-1.384090,1.384300,-0.063670
1.671238,-5.799052,3.945845,-2.336184,1.488032,-0.248230
2.945018,-2.159680,5.463847,-3.020361,1.520257,-0.391511
4.692874,0.675199,6.440731,-3.418642,1.512267,-0.526801
7.269167,4.429499,7.317053,-3.671780,1.501747,-0.694450
9.318708,6.943539,7.455924,-3.627571,1.553014,-0.770617
11.018678,9.026600,7.125507,-3.402131,1.540896,-0.787396
12.024294,9.591661,6.512560,-2.996658,1.445021,-0.717087
11.952465,9.510254,5.808629,-2.544047,1.346083,-0.559159
11.248533,8.619565,5.157373,-2.106084,1.307866,-0.361816
10.515871,7.273955,4.635411,-1.717656,1.318120,-0.160611
9.390538,6.057639,4.127814,-1.385155,1.307201,0.010500
8.001831,4.362458,3.605851,-1.100991,1.361929,0.160172
7.388883,3.064734,3.246703,-1.014171,1.460201,0.214634
7.053678,2.341649,3.040791,-1.037874,1.622923,0.201718
7.250012,2.341649,3.122198,-1.079420,1.789107,0.180279
7.460712,3.136564,3.347265,-1.081284,1.896700,0.154579
8.174221,3.323321,3.428672,-1.026688,1.981390,0.110237
8.806324,3.380785,3.443037,-1.027620,2.028795,0.060302
9.103219,3.696836,3.567542,-1.020030,2.027996,0.026745
9.021812,3.715990,3.572331,-0.988471,2.003894,0.021685
8.772803,3.500501,3.644161,-0.960508,1.958753,0.024481
7.886902,3.452615,3.854861,-0.865431,1.900562,0.061766
7.393671,3.289801,3.687258,-0.788465,1.922001,0.119824
7.216492,3.529233,3.591485,-0.776880,1.932653,0.187070
7.101564,4.003309,3.577120,-0.748117,1.957288,0.268298
7.546908,4.338514,3.701624,-0.654373,2.003228,0.366437
8.255629,4.549215,3.792609,-0.535461,2.024268,0.464442
8.868576,4.697663,3.754300,-0.408959,2.011884,0.545404
9.313920,4.941884,3.730356,-0.288049,1.998967,0.603595
9.840671,5.042446,3.696836,-0.137845,1.988314,0.640214
10.123201,4.903575,3.620217,0.023279,1.947035,0.641279
10.171088,4.458231,3.462192,0.217426,1.886846,0.611717
10.070526,3.979366,3.217971,0.315699,1.855287,0.579493
9.965176,3.404728,2.983327,0.377219,1.848363,0.542474
9.922078,2.892343,2.791781,0.394396,1.869802,0.485748
10.013062,2.456576,2.490097,0.379482,1.913079,0.414774
10.132779,2.006443,2.154891,0.354581,1.931322,0.331549
10.151933,1.690392,1.757434,0.307443,1.935716,0.255248
10.290803,1.561099,1.441383,0.253779,1.929058,0.198522
10.611643,1.479692,1.245048,0.174948,1.876726,0.136070
10.903751,1.446171,1.307301,0.107569,1.787376,0.095323
11.076142,1.417440,1.417440,0.029404,1.663137,0.054576
11.186281,1.441383,1.680815,-0.059014,1.505875,0.014761
10.942060,1.431806,1.886727,-0.143171,1.315856,-0.025454
10.511081,1.312089,2.063907,-0.218140,1.155132,-0.058877
10.156722,1.091812,2.025598,-0.295639,1.023836,-0.088172
9.926867,0.866745,1.719124,-0.371807,0.914245,-0.114005
9.610816,0.450133,1.259414,-0.483395,0.811179,-0.144366
9.610816,0.067041,1.182796,-0.614957,0.756850,-0.169932
9.275610,-0.124505,1.249837,-0.785668,0.709179,-0.196165
8.997869,-0.119716,1.719124,-0.978218,0.711176,-0.216139
8.729704,0.110139,2.336860,-1.162378,0.712641,-0.222930
8.590834,0.651256,3.045580,-1.329095,0.726356,-0.220666
8.629143,1.379130,3.864439,-1.443080,0.733813,-0.212943
8.796746,2.202778,4.750338,-1.485957,0.719166,-0.203489
8.911673,2.968961,5.669758,-1.441881,0.656980,-0.186844
9.266034,3.687258,6.321014,-1.356259,0.616632,-0.181384
9.792784,4.510906,6.919596,-1.186480,0.535272,-0.197763
9.998696,4.889209,7.144662,-1.031748,0.469890,-0.215739
10.104046,4.980193,7.130296,-0.895259,0.416360,-0.235980
10.123201,4.932307,6.771147,-0.797919,0.356038,-0.261413
10.084892,4.783859,6.263551,-0.708302,0.290657,-0.273131
10.190242,4.453442,5.607506,-0.590189,0.243917,-0.260215
10.506293,3.950634,4.908364,-0.453567,0.209029,-0.218536
10.836709,3.371208,4.352880,-0.331326,0.171345,-0.155285
11.229378,2.638545,3.610640,-0.206955,0.132995,-0.057279
11.430501,2.231510,3.064734,-0.151027,0.105431,0.018622
11.598105,2.130948,2.537983,-0.136114,0.068412,0.094124
12.053026,2.360803,2.044752,-0.154356,0.053765,0.167495
13.235822,3.002482,2.025598,-0.214279,0.077334,0.237138
14.840019,4.022464,2.370380,-0.278462,0.074138,0.287473
15.826480,4.788647,2.868400,-0.286451,-0.023202,0.305449
16.247880,5.315399,3.198817,-0.241310,-0.227336,0.301454
16.405906,5.449481,2.997693,-0.134915,-0.464761,0.295462
16.185628,5.358497,2.169257,0.117556,-0.767700,0.316102
15.740284,4.932307,0.943364,0.512243,-1.093276,0.372162
15.366770,4.276262,-0.263376,0.962723,-1.425910,0.444069
15.261420,3.452615,-1.225894,1.367929,-1.703282,0.517706
15.534373,2.672065,-1.752645,1.648498,-1.925527,0.583621
15.371559,1.810109,-1.881938,1.819209,-2.162152,0.618242
13.958908,0.608158,-1.565888,1.836520,-2.442321,0.630626
12.685128,-0.167603,-1.000827,1.706955,-2.600382,0.629561
11.679512,-0.464499,-0.114928,1.433311,-2.683873,0.615180
10.908539,-0.368726,0.775761,1.095883,-2.731012,0.573234
10.506293,-0.047886,1.575465,0.724101,-2.788005,0.506388
10.573334,0.517174,2.470942,0.314234,-2.887342,0.418502
10.989946,1.134909,3.802186,-0.128657,-3.021567,0.309577
11.684300,2.030386,6.483829,-0.744921,-3.138082,0.150850
12.632452,3.251492,9.127162,-1.121631,-3.065111,0.026745
13.877501,4.099082,11.320363,-1.220569,-2.940073,-0.073524
14.883116,4.132603,12.388232,-0.971826,-2.937810,-0.116136
15.136915,3.639372,12.258938,-0.445311,-3.050596,-0.114138
14.931003,3.107832,11.464022,0.185069,-3.139813,-0.114538
13.705109,2.696008,9.864614,0.906264,-3.181226,-0.136110
12.484004,2.767838,8.614777,1.164727,-3.113448,-0.129318
11.521486,3.280223,7.494233,1.247420,-2.952590,-0.134245
10.970791,3.198817,6.359324,1.307475,-2.741665,-0.133180
10.702628,2.863611,5.502156,1.373789,-2.539927,-0.124658
10.434463,2.715163,4.865266,1.439969,-2.376274,-0.110143
10.262072,2.006443,4.515695,1.510411,-2.267215,-0.110143
10.137567,1.063080,4.544426,1.541304,-2.207560,-0.126922
9.835883,2.360803,5.320187,1.477254,-2.166280,-0.210679
9.687434,3.538810,5.846939,1.466734,-2.126199,-0.271533
9.697011,3.759088,5.851727,1.361538,-2.121805,-0.284716
9.586873,3.572331,5.703279,1.205075,-2.146439,-0.310017
9.337862,3.471769,5.679336,1.066588,-2.183192,-0.334518
8.916462,3.155719,5.569197,0.945413,-2.223672,-0.342641
8.394499,3.194028,5.459058,0.835556,-2.221275,-0.334651
7.901268,3.117409,5.439903,0.773503,-2.194510,-0.306288
7.202126,2.786993,5.425538,0.775234,-2.109687,-0.245301
6.890863,2.494885,5.444692,0.815182,-2.009418,-0.186977
6.622699,1.896304,5.444692,0.885890,-1.921532,-0.125590
6.210875,1.379130,5.387228,0.942350,-1.827654,-0.060874
5.818207,1.063080,5.262723,0.984162,-1.698888,0.011032
5.540465,0.732663,5.176528,1.009196,-1.553744,0.080808
5.281878,0.344783,4.951461,1.023578,-1.428174,0.139532
5.023291,0.277742,4.884420,1.016520,-1.310460,0.180678
4.841322,0.186757,4.836534,1.003071,-1.206729,0.202383
4.668931,0.134082,4.721606,0.984029,-1.116047,0.206511
4.472597,0.076618,4.496540,0.931830,-1.017508,0.186804
4.242742,0.167603,4.285840,0.879632,-0.945202,0.145524
4.113448,0.474076,4.079927,0.822905,-0.858515,0.084803
4.118237,0.943364,4.008098,0.781359,-0.779951,0.006239
4.223587,1.326455,3.869227,0.752464,-0.718963,-0.083778
4.439076,1.489269,3.763877,0.725832,-0.688070,-0.174060
4.625833,1.455749,3.620217,0.669105,-0.675553,-0.265009
4.788647,1.379130,3.332899,0.561379,-0.666365,-0.353161
4.913152,1.340821,3.141353,0.411441,-0.647723,-0.440247
4.994559,1.278569,2.901920,0.245790,-0.613634,-0.532527
5.133430,1.082234,2.528406,-0.010144,-0.527080,-0.653037
5.511733,1.087023,2.312917,-0.212947,-0.456771,-0.739458
5.832572,1.139698,2.107005,-0.392713,-0.418421,-0.811764
6.139046,1.120543,1.786165,-0.536260,-0.364092,-0.867425
6.627488,1.110966,1.431806,-0.643986,-0.297778,-0.901247
7.264378,1.053502,0.909843,-0.681404,-0.243049,-0.904044
7.920423,0.804493,0.349571,-0.676743,-0.210425,-0.882205
8.705761,0.579426,-0.387880,-0.655704,-0.202968,-0.842257
9.448001,0.402246,-1.666449,-0.624012,-0.207629,-0.764359
10.127989,0.454922,-2.619390,-0.617354,-0.165417,-0.710562
10.980369,0.675199,-3.466981,-0.657435,-0.108557,-0.656233
11.770496,1.235471,-4.362458,-0.703908,-0.063283,-0.628136
12.718648,2.049541,-5.301033,-0.732138,-0.036651,-0.596444
13.499197,2.791781,-6.143835,-0.716958,-0.079262,-0.556496
14.078624,3.399940,-6.751993,-0.693655,-0.157560,-0.497240
14.241437,4.429499,-6.933961,-0.628673,-0.257830,-0.406025
14.380309,4.932307,-6.665797,-0.522677,-0.303637,-0.313612
14.346788,5.248358,-5.937923,-0.375802,-0.334397,-0.218536
13.992428,5.171739,-4.917941,-0.202427,-0.306034,-0.135311
13.422579,4.788647,-3.888382,-0.037975,-0.199506,-0.069263
12.694705,4.228375,-2.892343,0.091457,-0.018808,-0.022391
11.358672,3.519656,-1.771800,0.237534,0.251641,0.001312
10.587700,3.189239,-1.245048,0.342197,0.460835,0.003975
11.042621,2.686431,-1.331244,0.357777,0.529279,-0.012004
11.703454,2.494885,-1.101389,0.191194,0.392124,-0.039835
12.919771,2.384746,1.307301,0.035796,0.490663,-0.098159
15.247054,2.624179,3.759088,0.024611,0.897467,-0.097227
17.162511,3.634583,3.419094,0.273886,1.157529,-0.023057
17.392368,4.510906,0.780550,0.625163,1.089883,0.058837
16.358018,6.201298,-3.184451,0.734620,0.878558,0.100516
15.079451,8.629143,-3.735145,0.620768,0.617831,0.029542
12.029083,10.381788,-1.268992,0.744474,0.338461,-0.047292
9.974753,9.266034,2.035175,1.249417,0.112222,-0.110410
6.670586,7.503810,3.835706,2.237731,0.009556,-0.085242
4.999348,2.652911,4.846111,3.121781,0.302641,0.045787
5.382440,-1.513213,6.929173,3.263330,0.540997,0.147921
5.095121,-3.988943,8.969137,2.903665,0.609708,0.255514
4.597102,-6.249185,10.151933,2.261301,0.741670,0.367369
4.362458,-7.053678,9.831093,1.202145,1.107327,0.351389
5.755954,-6.086371,7.470290,0.660317,1.420653,0.245927
6.838189,-5.310610,4.266685,0.482282,1.522654,0.059236
7.733665,-5.310610,2.413478,0.241795,1.540630,-0.174726
8.356190,-4.994559,2.461365,-0.277263,1.442757,-0.402297
8.653086,-4.142180,3.443037,-0.870491,1.321848,-0.571809
9.184626,-3.213182,4.453442,-1.346139,1.261793,-0.659429
9.749687,-2.389535,5.267512,-1.682768,1.221445,-0.711494
10.238128,-0.699142,5.363285,-2.003151,1.125171,-0.761562
9.835883,0.483653,4.554004,-2.129919,1.072306,-0.761030
9.538986,1.292935,3.888382,-2.216340,1.078831,-0.705635
9.448001,1.853207,3.715990,-2.296236,1.086421,-0.603501
9.270822,2.284185,4.022464,-2.338448,1.080296,-0.479529
8.978714,2.523617,4.415133,-2.367211,1.095875,-0.341576
8.638720,3.107832,4.587524,-2.409689,1.135424,-0.206152
8.360979,3.385574,4.525272,-2.409689,1.173108,-0.078984
7.834227,3.917114,4.405556,-2.432326,1.231832,0.020753
7.527754,5.272301,4.352880,-2.406093,1.387230,0.096122
7.532542,6.100737,4.319360,-2.297035,1.502546,0.110503
7.709722,6.929173,4.434288,-2.122329,1.620526,0.086135
8.040140,7.652258,4.635411,-1.858406,1.687106,0.055241
8.164645,7.834227,4.803013,-1.527770,1.742767,0.025147
8.207742,7.824650,4.731184,-1.191141,1.814540,0.009168
8.308303,7.403249,4.549215,-0.854645,1.866739,0.018622
8.696185,6.196510,4.419921,-0.578738,1.900029,0.050714
8.854209,5.032868,4.233164,-0.380462,1.925063,0.078012
8.954771,3.720779,3.998521,-0.258221,1.970205,0.116362
8.940405,2.691220,3.519656,-0.291112,1.997236,0.160571
8.681818,2.332071,3.385574,-0.327864,2.006291,0.207976
8.313093,2.231510,3.409517,-0.350368,2.015213,0.288804
8.226897,2.336860,3.457403,-0.362486,2.030260,0.372296
8.102392,2.662488,3.438249,-0.384324,2.020539,0.464043
8.169433,3.050368,3.500501,-0.380063,2.004560,0.554592
8.222108,3.414306,3.634583,-0.340914,2.003495,0.633023
8.442386,3.787820,3.902748,-0.269540,2.002296,0.688817
8.629143,4.036830,4.142180,-0.184318,1.991244,0.718778
8.796746,4.204432,4.281051,-0.080586,1.985385,0.721841
8.983503,4.170912,4.482174,0.057501,1.980991,0.698671
8.935617,3.859650,4.582736,0.136865,1.970870,0.666047
8.964348,3.653738,4.472597,0.180941,1.981656,0.624900
9.093642,3.246703,4.386401,0.220489,1.990445,0.574166
9.275610,2.772627,4.185278,0.219823,2.009886,0.514111
9.586873,2.356014,3.893170,0.191460,2.040380,0.440207
10.008274,1.881938,3.601063,0.156306,2.059688,0.348327
10.386577,1.427017,3.174873,0.111831,2.060620,0.244995
10.645164,1.024770,2.877977,0.066822,2.037850,0.140997
10.817555,0.679988,2.581081,0.003305,1.990046,0.045254
10.913328,0.521963,2.365592,-0.111213,1.892040,-0.056080
10.908539,0.445344,2.241087,-0.207221,1.781117,-0.113339
10.807977,0.450133,2.083062,-0.318676,1.642631,-0.152089
10.606855,0.454922,1.781377,-0.441316,1.484303,-0.174726
10.367423,0.373515,1.498847,-0.580069,1.326376,-0.188308
10.228551,0.320839,1.173219,-0.753577,1.185625,-0.193368
10.171088,0.210700,0.924209,-0.945594,1.067379,-0.201358
10.329113,0.100562,0.723086,-1.161313,0.973368,-0.214541
10.693050,0.191546,0.584215,-1.466782,0.874031,-0.254223
10.865442,0.426190,0.838013,-1.679173,0.813976,-0.297633
11.023467,0.833225,1.206739,-1.850150,0.750458,-0.343040
11.114451,1.417440,1.656872,-1.975054,0.673225,-0.388581
10.922905,2.159680,2.389535,-2.043232,0.568562,-0.415479
10.779246,3.050368,3.380785,-2.026321,0.494258,-0.431459
10.673895,3.826129,4.434288,-1.922190,0.407971,-0.432391
10.396154,4.640199,5.492578,-1.689825,0.246048,-0.420007
10.113624,4.860477,5.755954,-1.467448,0.128867,-0.401764
9.888557,4.788647,5.540465,-1.229358,0.039783,-0.373667
9.831093,4.439076,5.147796,-1.012174,-0.019473,-0.341709
9.888557,3.974577,4.592313,-0.847987,-0.054894,-0.307087
9.989119,3.567542,4.089505,-0.741592,-0.077664,-0.266606
10.099258,3.217971,3.744722,-0.666357,-0.092978,-0.221465
10.161510,2.892343,3.562754,-0.607633,-0.111087,-0.168867
10.137567,2.480519,3.720779,-0.547578,-0.146242,-0.091767
10.089680,2.217144,3.864439,-0.494048,-0.174472,-0.029715
9.965176,1.987289,3.668104,-0.424938,-0.206563,0.035001
9.802362,1.920248,3.428672,-0.365948,-0.222276,0.099051
10.214185,2.116582,3.251492,-0.346107,-0.191782,0.157242
11.602893,2.767838,3.404728,-0.381794,-0.112819,0.207044
13.269343,3.658527,3.965000,-0.419878,-0.063017,0.233809
14.188763,4.467808,4.937096,-0.449572,-0.130928,0.225820
14.131299,4.841322,5.296244,-0.398572,-0.259161,0.211971
13.930175,4.965827,5.056812,-0.197634,-0.471951,0.225021
13.796093,4.846111,4.099082,0.166293,-0.775290,0.274423
13.848769,4.443865,2.978539,0.612379,-1.141081,0.363241
14.169609,3.931479,2.011232,1.032366,-1.471717,0.462179
14.653262,3.213182,1.149275,1.379514,-1.726452,0.551130
14.749034,2.375169,0.550694,1.638910,-1.955754,0.624634
14.002005,1.019982,-0.177180,1.870476,-2.211022,0.698538
13.159204,-0.028732,-0.646467,1.935591,-2.387459,0.736622
12.369076,-0.852379,-0.881111,1.860622,-2.543390,0.767914
11.650779,-1.211528,-0.871534,1.642772,-2.644991,0.783094
11.095296,-1.015193,-0.560272,1.311336,-2.671889,0.767248
10.678684,-0.526751,0.043098,0.893480,-2.686537,0.713585
10.458406,0.143659,0.737452,0.418898,-2.698920,0.630759
10.597277,1.082234,1.977711,-0.218939,-2.742597,0.493471
10.855864,1.862784,3.308955,-0.675811,-2.807579,0.398129
11.143183,2.782204,4.999348,-1.080485,-2.834344,0.322627
11.684300,3.773454,6.910018,-1.381160,-2.790668,0.268963
12.450484,4.563581,8.672241,-1.496211,-2.682808,0.209707
13.575816,5.028080,9.965176,-1.329361,-2.570554,0.128346
14.059470,5.162162,10.281227,-0.955980,-2.526611,0.035534
13.915810,4.242742,9.562930,-0.295373,-2.525945,-0.091368
13.250187,3.773454,8.763225,0.091990,-2.541658,-0.176324
12.522314,3.486135,8.078449,0.341798,-2.520752,-0.241572
11.871057,3.165296,7.326631,0.507849,-2.456702,-0.300695
11.157549,3.529233,6.751993,0.628225,-2.325540,-0.361816
10.894173,3.907536,6.325803,0.798138,-2.135254,-0.427863
10.649952,4.228375,5.904402,0.976306,-1.976793,-0.483524
10.391366,4.467808,5.736800,1.209203,-1.859346,-0.531861
10.233340,4.257108,5.679336,1.284971,-1.834445,-0.547441
10.276438,4.046407,5.674547,1.268725,-1.825657,-0.555830
10.324324,4.022464,5.751165,1.225981,-1.868934,-0.566616
10.080103,3.572331,5.454269,1.160200,-1.945767,-0.567415
9.807150,4.391190,5.368074,1.053139,-1.966939,-0.572342
9.529409,4.644988,5.406383,1.084032,-1.981720,-0.542914
9.165472,4.137392,5.339342,1.218524,-1.995036,-0.478597
8.586046,3.783031,5.415960,1.393896,-1.977060,-0.375132
8.188588,3.543599,5.559619,1.547030,-1.921266,-0.284849
7.776763,3.117409,5.684124,1.697767,-1.836576,-0.189640
7.484656,2.643333,5.789474,1.816146,-1.732977,-0.106681
7.216492,2.183623,5.870882,1.898173,-1.620324,-0.035441
7.005791,1.719124,5.861304,1.952635,-1.502743,0.029009
6.814245,1.316878,5.894825,1.980865,-1.384630,0.085602
6.617911,0.967307,5.794263,1.987523,-1.262789,0.137135
6.402421,0.794915,5.688913,1.970213,-1.130162,0.190798
6.158201,0.584215,5.492578,1.933460,-0.976894,0.252052
5.913980,0.421401,5.272301,1.895244,-0.887943,0.282679
6.488617,0.253798,5.061600,1.820674,-0.907917,0.271493
6.033696,0.158025,4.860477,1.698965,-1.006855,0.247125
5.171739,0.287319,4.731184,1.572197,-1.004192,0.213569
4.237953,0.311262,4.582736,1.462873,-0.805917,0.198788
4.601890,0.545906,4.520483,1.309206,-0.546255,0.165365
4.893998,0.756606,4.391190,1.243957,-0.428275,0.109304
5.099909,0.747029,4.228375,1.234104,-0.337593,0.055241
5.540465,0.555483,3.912325,1.198150,-0.253835,-0.014002
5.971443,0.402246,3.490924,1.089092,-0.251571,-0.096827
6.028907,0.234644,3.103044,0.952071,-0.246911,-0.148760
6.119891,0.114928,2.719952,0.775101,-0.177135,-0.204421
6.440731,0.000000,2.470942,0.571233,-0.086586,-0.271001
6.862132,-0.177180,2.279396,0.347923,-0.001097,-0.353161
7.163816,-0.292108,2.020809,0.108768,0.078666,-0.449435
7.441558,-0.253798,1.781377,-0.124795,0.167217,-0.529864
7.886902,-0.143659,1.484481,-0.336519,0.237925,-0.598575
8.538159,-0.028732,1.130121,-0.509628,0.228870,-0.653570
9.256456,0.114928,0.383092,-0.666091,0.102102,-0.714823
9.821516,0.028732,-0.062252,-0.743323,-0.008155,-0.756902
10.410520,-0.196335,-0.569849,-0.817227,-0.112552,-0.816424
11.157549,-0.493231,-1.019982,-0.896724,-0.193247,-0.902313
11.938098,-0.924209,-1.532367,-0.989270,-0.246511,-0.993794
12.541468,-1.369553,-2.130948,-1.080352,-0.293650,-1.064901
12.785689,-1.498847,-2.887554,-1.179955,-0.331201,-1.107779
12.742591,-0.775761,-4.199644,-1.315379,-0.365956,-1.089935
12.503159,0.225066,-4.913152,-1.412719,-0.385664,-1.022024
12.364288,1.316878,-5.066389,-1.506331,-0.386729,-0.923885
12.349922,2.614601,-4.654565,-1.543216,-0.389658,-0.809766
12.393020,3.390362,-3.816552,-1.468247,-0.430272,-0.694317
11.985985,3.917114,-3.098255,-1.265178,-0.450646,-0.570345
11.128817,3.754300,-2.288974,-0.905646,-0.441724,-0.417876
10.104046,3.423883,-1.676027,-0.663827,-0.365823,-0.324531
9.117585,3.045580,-1.101389,-0.490453,-0.198707,-0.265142
8.068871,2.997693,-0.526751,-0.384457,0.009689,-0.234115
7.120718,2.681643,-0.220278,-0.328397,0.196246,-0.233849
6.426365,2.911498,-0.086196,-0.358491,0.377876,-0.232784
5.483001,3.466981,0.047886,-0.367279,0.508773,-0.245700
4.281051,3.878804,1.130121,-0.345042,0.675090,-0.245434
4.424710,4.070350,2.528406,-0.465418,0.735544,-0.265541
5.502156,3.845284,4.127814,-0.664360,0.849130,-0.277925
9.155895,3.198817,6.943539,-0.829744,1.246213,-0.244502
16.420272,2.446999,8.849421,-0.879546,1.581244,-0.153021
19.485006,3.845284,7.254801,-0.826415,0.951663,0.003176
17.349269,4.506117,2.715163,-0.517484,0.550185,0.230480
16.630971,5.550042,-1.575465,-0.260751,0.474284,0.319298
16.496891,8.772803,-5.166951,0.414770,0.095311,0.247791
16.420272,9.907711,-5.401594,1.137562,-0.049967,0.238337
16.836883,9.946022,-3.897959,1.593503,0.038718,0.260175
16.123374,9.017024,-0.943364,1.741444,0.070277,0.276021
14.533545,6.977059,2.576292,1.732788,0.074138,0.280415
12.498371,4.798225,5.559619,1.845308,0.140319,0.277885
10.242918,1.647295,7.446347,2.186065,0.285730,0.313439
8.020985,-1.446171,8.533370,2.559046,0.477347,0.378820
5.794263,-6.450308,7.949155,2.716841,0.753521,0.482286
4.793436,-9.898135,6.282705,2.310570,0.907853,0.457252
3.974577,-11.804017,4.477385,1.485776,1.003729,0.307447
3.083889,-11.416136,3.605851,0.477222,1.060588,0.095988
2.758261,-9.974753,3.174873,-0.468215,1.142482,-0.134778
3.466981,-7.613949,3.007271,-1.293408,1.189354,-0.316408
4.817379,-4.980193,2.968961,-1.862135,1.220913,-0.406824
7.135085,-3.036002,3.150930,-2.247633,1.166717,-0.436386
9.112796,-1.273780,3.591485,-2.627272,0.992543,-0.461819
10.937272,1.575465,4.405556,-3.051520,0.797197,-0.510156
12.019505,3.591485,5.119064,-3.228889,0.714372,-0.542248
12.507947,5.430326,5.736800,-3.258584,0.632212,-0.565950
12.029083,6.665797,5.708068,-3.142469,0.530611,-0.559958
10.884596,7.283533,5.377651,-2.907441,0.477347,-0.497639
9.577295,7.628315,5.157373,-2.612225,0.460436,-0.374599
8.413654,7.963521,4.989770,-2.258152,0.493592,-0.202024
7.786341,7.776763,4.836534,-1.889166,0.609841,-0.043696
7.561274,7.704934,4.544426,-1.469978,0.768302,0.096921
7.748032,7.714511,4.271473,-1.181820,0.912647,0.148587
8.250840,7.695356,4.060773,-0.912437,1.025700,0.166563
8.844633,7.532542,3.926691,-0.634665,1.073505,0.171091
9.218147,7.001002,3.668104,-0.346773,1.087620,0.181078
9.476734,6.124680,3.385574,-0.093769,1.083891,0.189467
9.395327,5.358497,3.131775,0.094653,1.082027,0.201451
9.251667,4.807802,3.040791,0.239265,1.100003,0.221292
9.179838,3.356842,2.873188,0.341265,1.102800,0.230081
8.906885,2.442210,2.638545,0.336738,1.133560,0.226885
9.050544,1.843629,2.758261,0.240863,1.185759,0.224621
9.069699,1.570676,3.141353,0.090125,1.187356,0.232478
9.007446,1.479692,3.040791,-0.028254,1.170046,0.249655
8.753648,1.608985,3.036002,-0.166075,1.148474,0.273225
8.629143,1.896304,3.213182,-0.291245,1.170445,0.307979
8.696185,2.427844,3.490924,-0.380729,1.174973,0.348060
8.720128,3.083889,3.744722,-0.386188,1.143414,0.392669
8.873364,3.328110,3.763877,-0.328264,1.122108,0.422763
9.189414,3.495712,3.854861,-0.296305,1.099071,0.434481
9.558140,3.548388,3.988943,-0.250099,1.054862,0.426359
9.807150,3.519656,4.008098,-0.151960,0.968575,0.395998
9.902923,3.352053,3.993732,-0.066205,0.912780,0.356583
9.902923,3.261069,3.902748,0.007167,0.866441,0.310110
9.878980,2.978539,3.744722,0.081736,0.835148,0.274290
9.778418,2.571504,3.672893,0.116624,0.807850,0.243663
9.706589,2.212355,3.519656,0.116757,0.791205,0.220227
9.620393,1.800531,3.347265,0.112230,0.773229,0.207443
9.495888,1.268992,3.237126,0.090259,0.758581,0.202916
9.347440,0.770972,3.184451,0.029138,0.759779,0.202517
9.242090,0.435767,3.328110,-0.074993,0.775625,0.198788
9.237301,0.330417,3.356842,-0.195769,0.802923,0.190932
9.309131,0.392669,3.352053,-0.325600,0.829555,0.177349
9.366595,0.785338,3.510078,-0.486058,0.849796,0.152049
9.390538,1.187584,3.500501,-0.569683,0.862046,0.133806
9.529409,1.604197,3.361630,-0.626143,0.883352,0.119957
9.730532,1.968134,3.126987,-0.666890,0.905323,0.098918
9.965176,2.274607,2.662488,-0.686730,0.920104,0.069356
10.161510,2.451787,2.399112,-0.698182,0.917840,0.032471
10.295593,2.528406,2.451787,-0.708169,0.889344,-0.014801
10.391366,2.509251,2.523617,-0.691258,0.831553,-0.057412
10.338690,2.365592,2.609813,-0.665158,0.745265,-0.091634
10.132779,2.154891,2.863611,-0.639059,0.624755,-0.123326
9.979541,1.934614,2.897132,-0.605103,0.543394,-0.127987
9.840671,1.632929,2.906709,-0.581800,0.462966,-0.128253
9.644336,1.297723,2.992905,-0.595649,0.387198,-0.128386
9.467156,0.976884,3.203605,-0.643320,0.323947,-0.126256
9.280399,0.689565,3.452615,-0.710566,0.270816,-0.119465
9.064910,0.493231,3.601063,-0.781407,0.230601,-0.108679
8.753648,0.363937,3.874016,-0.870491,0.208630,-0.095895
8.447175,0.569849,4.209221,-0.989403,0.210361,-0.082579
8.231685,1.178007,4.563581,-1.127224,0.222612,-0.050488
8.059294,1.776588,4.831745,-1.218838,0.234197,-0.023057
7.949155,2.509251,5.133430,-1.300732,0.245648,-0.007344
7.987464,3.371208,5.545254,-1.372505,0.259897,-0.007876
8.375345,4.352880,6.153412,-1.391680,0.272147,-0.023190
8.988291,5.190894,6.589179,-1.293941,0.255902,-0.050754
9.433636,5.597929,6.699318,-1.059179,0.214356,-0.081913