9.998696,0.363937,2.772627,-0.057024,0.018263,0.006480
10.003485,0.387880,2.806147,-0.062085,0.014534,0.006080
9.998696,0.397458,2.786993,-0.064481,0.012803,0.008211
10.003485,0.411824,2.763050,-0.064215,0.010673,0.010075
9.979541,0.407035,2.791781,-0.063017,0.006545,0.010741
9.974753,0.402246,2.763050,-0.063816,0.005480,0.011540
9.960387,0.378303,2.763050,-0.064082,0.003882,0.009010
9.974753,0.354360,2.806147,-0.063017,0.001352,0.007412
9.969964,0.354360,2.729529,-0.064615,0.001085,0.007012
9.960387,0.330417,2.719952,-0.066878,0.001751,0.005414
9.965176,0.335205,2.753472,-0.071273,0.001618,0.006346
9.965176,0.320839,2.719952,-0.072871,0.003216,0.006613
9.984331,0.325628,2.734318,-0.074335,0.003482,0.006480
9.998696,0.330417,2.724740,-0.075800,0.006278,0.005947
10.008274,0.325628,2.715163,-0.077664,0.006412,0.007545
9.979541,0.320839,2.724740,-0.079662,0.006012,0.005547
9.989119,0.330417,2.672065,-0.082724,0.007211,0.004216
9.974753,0.359149,2.696008,-0.084722,0.008143,0.002085
9.989119,0.402246,2.734318,-0.085654,0.006012,0.001553
9.984331,0.407035,2.715163,-0.079529,0.007344,0.000221
9.979541,0.378303,2.743895,-0.074468,0.008276,0.001419
9.984331,0.359149,2.719952,-0.072338,0.007077,0.001286
9.969964,0.335205,2.672065,-0.067278,0.008276,0.002485
9.969964,0.316051,2.681643,-0.066612,0.010273,0.001952
9.950810,0.301685,2.638545,-0.065813,0.012936,-0.000045
9.960387,0.316051,2.648122,-0.064881,0.017064,-0.002708
9.941232,0.330417,2.648122,-0.059155,0.020660,-0.003507
9.974753,0.368726,2.557138,-0.045839,0.026119,-0.003774
9.955598,0.402246,2.552349,-0.024400,0.028916,-0.002043
9.969964,0.517174,2.461365,0.009422,0.034109,-0.000711
9.969964,0.574638,2.547560,0.064684,0.035174,0.005015
9.960387,0.550694,2.657699,0.083726,0.036373,0.008477
9.969964,0.560272,2.614601,0.104099,0.037038,0.008344
9.960387,0.483653,2.672065,0.129133,0.038503,0.010208
9.974753,0.407035,2.705586,0.140718,0.035307,0.010208
9.941232,0.335205,2.681643,0.147110,0.036639,0.009010
9.922078,0.263376,2.729529,0.140186,0.039435,0.008876
9.926867,0.258587,2.748684,0.125538,0.040767,0.010741
9.922078,0.249010,2.753472,0.112089,0.043031,0.010474
9.955598,0.234644,2.815725,0.097974,0.044229,0.011140
9.965176,0.229855,2.772627,0.087854,0.045561,0.009675
9.969964,0.263376,2.758261,0.077867,0.048357,0.008876
9.965176,0.287319,2.763050,0.073073,0.048091,0.004748
9.960387,0.320839,2.753472,0.069211,0.046892,0.002485
9.950810,0.373515,2.796570,0.067347,0.045294,0.001153
9.946022,0.392669,2.815725,0.072807,0.040634,0.001020
9.941232,0.383092,2.825302,0.078399,0.040367,0.001553
9.922078,0.368726,2.782204,0.086788,0.041166,0.002485
9.888557,0.349571,2.633756,0.113554,0.054083,-0.001776
9.926867,0.344783,2.528406,0.145113,0.065268,-0.009766
10.041794,0.373515,2.537983,0.197444,0.062339,-0.022416
9.912501,0.344783,2.475731,0.246714,0.027051,-0.031604
9.946022,0.512385,2.360803,0.293586,0.021858,-0.041325
9.917289,0.521963,2.528406,0.366291,-0.010633,-0.043322
9.687434,0.560272,2.691220,0.423683,-0.025813,-0.032536
9.591661,0.651256,2.494885,0.485869,-0.013562,-0.014560
9.538986,0.526751,2.992905,0.569627,0.014801,0.008077
9.543775,0.430978,2.916286,0.603583,0.066866,0.018997
9.740109,0.129293,2.916286,0.629016,0.098425,0.029783
9.668279,-0.244221,2.940229,0.620627,0.113739,0.040702
9.711378,-0.708720,3.074312,0.591332,0.150491,0.044430
9.625182,-1.082234,3.064734,0.508240,0.179786,0.048425
9.692223,-1.077446,2.997693,0.368156,0.208815,0.046294
9.816728,-0.660833,3.059946,0.199974,0.219468,0.040036
9.984331,-0.071830,3.117409,0.072274,0.208416,0.030049
10.175876,0.502808,3.227548,-0.003627,0.190039,0.018064
10.309958,0.876322,3.380785,-0.027330,0.169000,0.007545
10.391366,1.053502,3.419094,-0.011883,0.151689,0.000754
10.343479,0.991250,3.562754,0.035788,0.132781,-0.000445
10.281227,0.847591,3.620217,0.071076,0.120530,0.006746
10.171088,0.684777,3.529233,0.099838,0.109744,0.016733
10.080103,0.622524,3.505290,0.123807,0.099224,0.022991
10.003485,0.646467,3.462192,0.146178,0.088305,0.028451
9.989119,0.651256,3.256280,0.179202,0.082180,0.031514
9.969964,0.632101,3.146141,0.210095,0.076853,0.031514
9.936444,0.622524,2.940229,0.229936,0.076853,0.029649
9.922078,0.541117,2.719952,0.237126,0.079650,0.025788
9.888557,0.454922,2.523617,0.219815,0.083112,0.019662
9.840671,0.373515,2.260241,0.185593,0.092566,0.014869
9.831093,0.344783,1.992077,0.115018,0.110010,0.006746
9.845459,0.349571,1.834052,0.054963,0.123859,0.002218
9.859826,0.354360,1.575465,-0.002695,0.143700,-0.001377
9.831093,0.387880,1.407862,-0.060087,0.168601,-0.002575
9.787996,0.464499,1.187584,-0.109090,0.199893,-0.003108
9.778418,0.593792,0.938575,-0.144111,0.232384,-0.000844
9.711378,0.675199,0.756606,-0.153166,0.264875,0.000354
9.668279,0.742240,0.378303,-0.155430,0.301494,0.000754
9.634759,0.785338,0.033521,-0.159691,0.345171,-0.003374
9.610816,0.842802,-0.114928,-0.163153,0.393375,-0.011231
9.572506,0.871534,-0.325628,-0.159425,0.447571,-0.021351
9.538986,0.790127,-0.430978,-0.157827,0.506561,-0.028808
9.538986,0.584215,-0.493231,-0.170743,0.591384,-0.041991
9.562930,0.378303,-0.512385,-0.185524,0.656499,-0.051711
9.577295,0.086196,-0.325628,-0.213221,0.721348,-0.069954
9.649125,-0.205912,-0.134082,-0.257963,0.786064,-0.088197
9.720954,-0.536328,0.076618,-0.318018,0.846652,-0.109902
9.835883,-0.861956,0.244221,-0.402841,0.906973,-0.131208
9.946022,-1.087023,0.335205,-0.503910,0.967295,-0.150649
10.084892,-1.139698,0.454922,-0.614832,1.028815,-0.164498
10.415308,-0.876322,0.656045,-0.739337,1.107512,-0.178613
10.774457,-0.545906,0.723086,-0.792734,1.165703,-0.188200
11.200647,-0.162814,0.876322,-0.805650,1.220299,-0.194326
11.636414,0.134082,0.991250,-0.771295,1.278357,-0.198853
12.048237,0.287319,1.106178,-0.705248,1.335616,-0.201383
12.397809,0.306473,1.264203,-0.623088,1.395138,-0.203780
12.689916,0.162814,1.355187,-0.540928,1.454394,-0.204979
12.905405,0.019155,1.441383,-0.465693,1.516447,-0.204979
13.202301,-0.229855,1.690392,-0.403108,1.603933,-0.203248
13.398636,-0.612947,1.977711,-0.350509,1.663855,-0.198986
13.527930,-1.158853,2.097428,-0.337992,1.704469,-0.193394
13.460888,-1.374342,2.202778,-0.400711,1.720182,-0.201383
13.259765,-1.216316,2.365592,-0.491792,1.721780,-0.229613
13.077796,-0.861956,2.652911,-0.574218,1.717386,-0.266099
12.910194,-0.493231,2.992905,-0.637736,1.695148,-0.298191
12.752168,0.234644,3.347265,-0.689402,1.637756,-0.328551
12.809632,0.675199,3.634583,-0.675420,1.573839,-0.340802
12.986812,0.861956,3.419094,-0.635205,1.476632,-0.347460
12.986812,0.876322,3.251492,-0.576349,1.353326,-0.347060
12.761746,0.732663,3.414306,-0.488596,1.210312,-0.350922
12.402597,0.526751,3.490924,-0.406969,1.061705,-0.354251
12.043449,0.134082,3.548388,-0.327473,0.895122,-0.355982
11.636414,-0.646467,3.505290,-0.271545,0.629468,-0.361175
11.301208,-1.178007,3.423883,-0.288457,0.415213,-0.370497
11.028255,-1.522790,3.313744,-0.362627,0.192170,-0.386875
10.731359,-1.632929,3.275435,-0.467690,-0.046719,-0.402721
10.463195,-1.546733,3.088678,-0.585936,-0.290003,-0.414972
10.276438,-1.350399,2.930652,-0.689801,-0.528892,-0.419899
10.171088,-0.991250,2.767838,-0.783945,-0.834494,-0.416969
10.190242,-0.723086,2.571504,-0.819366,-1.049415,-0.407781
10.161510,-0.488442,2.509251,-0.816836,-1.259275,-0.393800
10.123201,-0.354360,2.509251,-0.783679,-1.448229,-0.378486
10.075315,-0.344783,2.590658,-0.737073,-1.622269,-0.360776
10.075315,-0.335205,2.547560,-0.705647,-1.784591,-0.344397
10.132779,-0.306473,2.490097,-0.680879,-1.926673,-0.327086
10.190242,-0.172391,2.715163,-0.658375,-2.100847,-0.304050
10.190242,0.023943,2.897132,-0.640266,-2.222156,-0.286739
10.223763,0.100562,2.954596,-0.607641,-2.332146,-0.264501
10.233340,0.234644,3.088678,-0.575150,-2.428154,-0.238801
10.218974,0.411824,3.045580,-0.534403,-2.510847,-0.212302
10.233340,0.617735,3.012059,-0.464894,-2.574630,-0.182075
10.223763,0.790127,3.170084,-0.356901,-2.649999,-0.139597
10.190242,0.881111,3.217971,-0.298177,-2.693675,-0.100847
10.127989,0.914632,3.308955,-0.232929,-2.726699,-0.062231
10.127989,0.938575,3.385574,-0.159957,-2.752133,-0.026544
10.065737,0.914632,3.313744,-0.075667,-2.773438,0.011939
10.075315,0.828436,3.270646,-0.006290,-2.791282,0.050689
10.127989,0.689565,3.356842,0.036054,-2.810723,0.082381
10.166299,0.790127,3.486135,0.067081,-2.844280,0.126324
10.118412,0.742240,3.428672,0.089052,-2.882630,0.162144
10.195031,0.641679,3.294589,0.105830,-2.887690,0.190640
10.175876,0.612947,3.146141,0.108094,-2.894081,0.216340
10.003485,0.804493,2.906709,0.110624,-2.882630,0.251894
9.946022,0.871534,2.628968,0.152570,-2.844812,0.293440
9.989119,0.799704,2.552349,0.202238,-2.800337,0.333521
10.037006,0.636890,2.456576,0.211559,-2.762253,0.373069
9.859826,0.646467,2.269819,0.194515,-2.724569,0.400101
9.711378,0.474076,2.164469,0.188256,-2.649067,0.421540
9.701800,0.474076,2.030386,0.179601,-2.597800,0.430728
9.428847,0.325628,2.212355,0.202638,-2.556654,0.438318
9.289977,0.119716,2.154891,0.209163,-2.474627,0.445109
9.170260,-0.028732,2.001655,0.208097,-2.404185,0.444576
9.093642,-0.076618,1.666449,0.202638,-2.333744,0.436320
9.040966,0.047886,1.551522,0.219416,-2.258641,0.417678
8.969137,0.129293,1.470115,0.247113,-2.172487,0.400633
8.930828,0.277742,1.431806,0.266155,-2.080340,0.379727
8.796746,0.426190,1.431806,0.295983,-1.993120,0.359487
8.562102,0.565060,1.149275,0.351377,-1.866485,0.338048
8.423232,0.579426,1.144487,0.383469,-1.755163,0.322735
8.365768,0.622524,1.163641,0.399848,-1.638914,0.311150
8.327458,0.651256,1.053502,0.413963,-1.509749,0.297301
8.365768,0.636890,0.842802,0.419955,-1.382847,0.281455
8.356190,0.584215,0.727874,0.416626,-1.246758,0.265609
8.384922,0.526751,0.555483,0.392657,-1.090694,0.242839
8.466329,0.488442,0.790127,0.393856,-0.947148,0.211413
8.212531,0.191546,1.259414,0.410634,-0.800938,0.168003
7.963521,-0.090984,1.498847,0.392391,-0.639415,0.120065
7.680990,-0.339994,1.494058,0.342323,-0.489343,0.076655
7.695356,-0.708720,1.369553,0.238058,-0.301188,0.016600
7.805495,-0.636890,1.355187,0.089185,-0.167495,-0.031604
8.025774,-0.335205,1.513213,-0.062085,-0.036999,-0.086466
8.088026,0.225066,1.709547,-0.182062,0.090968,-0.140396
8.198164,0.747029,1.862784,-0.250639,0.229455,-0.186603
8.332247,1.158853,1.929825,-0.267684,0.359286,-0.230146
8.322669,1.374342,2.145314,-0.262357,0.491780,-0.270493
8.317881,1.599408,2.456576,-0.262224,0.626804,-0.311773
8.198164,1.824475,2.686431,-0.251838,0.761030,-0.355183
8.126335,1.944191,2.863611,-0.242250,0.888198,-0.400458
8.059294,2.030386,2.930652,-0.253436,1.053183,-0.464774
8.059294,2.006443,3.098255,-0.249840,1.179685,-0.510448
8.001831,2.169257,3.160507,-0.265953,1.308451,-0.555989
8.092815,2.446999,2.561926,-0.246644,1.449601,-0.580490
8.868576,2.638545,1.082234,-0.207895,1.584492,-0.547333
10.898962,2.839668,-0.742240,-0.037184,1.716986,-0.414040
13.987640,2.834879,-1.393496,0.380406,1.851345,-0.177947
17.052373,3.299378,-1.211528,0.874963,1.955343,0.085577
17.823345,3.988943,-0.919420,1.598555,1.937499,0.236580
15.788171,4.304994,-0.110139,2.093111,1.854141,0.230854
12.828787,3.869227,1.015193,2.549850,1.761994,0.173595
9.797573,2.777415,2.279396,2.919369,1.661192,0.081715
7.269167,1.441383,3.466981,3.168379,1.583693,-0.017489
5.765532,0.560272,4.218798,3.242549,1.546142,-0.098584
5.569197,0.158025,4.395978,3.224306,1.566249,-0.159305
6.474251,0.210700,4.841322,3.098603,1.599539,-0.198054
7.819861,0.167603,5.765532,2.860646,1.642683,-0.216430
10.147145,-0.335205,5.233992,2.387395,1.673975,-0.208707
11.186281,-0.675199,4.860477,1.959951,1.630965,-0.213235
11.756130,-0.603370,4.434288,1.480974,1.545209,-0.253715
11.645991,-0.220278,3.941057,1.056860,1.430825,-0.305781
11.191069,-0.138871,3.897959,0.752722,1.339211,-0.344397
10.467984,-0.440556,3.859650,0.552716,1.278889,-0.366768
9.759263,-1.015193,4.003309,0.414362,1.263576,-0.367034
9.376173,-1.771800,4.046407,0.305970,1.260114,-0.350389
9.725744,-2.399112,4.223587,0.182531,1.266239,-0.321094
10.218974,-2.279396,4.486963,0.123807,1.257983,-0.308577
10.702628,-1.767011,5.104698,0.128601,1.244401,-0.320029
10.937272,-1.163641,5.439903,0.245382,1.224693,-0.363040
10.788823,-0.909843,5.607506,0.468026,1.199925,-0.425625
10.434463,-0.919420,5.660181,0.724625,1.158513,-0.492205
10.089680,-1.019982,5.775109,0.928493,1.106048,-0.547466
9.893346,-1.192373,5.875670,1.006925,1.040799,-0.589678
9.989119,-1.302512,5.775109,0.916642,0.986869,-0.600464
10.137567,-1.221105,5.483001,0.712774,0.925616,-0.596469
10.262072,-0.818859,5.320187,0.419822,0.854375,-0.589678
10.266860,-0.162814,5.123853,0.090650,0.782069,-0.580889
10.223763,0.723086,4.889209,-0.226937,0.716288,-0.566641
10.166299,1.661661,4.640199,-0.498184,0.650640,-0.542140
10.104046,2.595447,4.400767,-0.696592,0.595778,-0.507119
10.060949,3.744722,4.304994,-0.798327,0.534924,-0.444400
10.108835,4.218798,4.070350,-0.765969,0.494177,-0.382747
10.185454,4.257108,3.897959,-0.651318,0.469942,-0.319496
10.199819,4.218798,3.840495,-0.498184,0.455161,-0.273822
9.974753,3.902748,3.854861,-0.295115,0.417876,-0.231477
9.663491,3.433460,3.792609,-0.109623,0.434654,-0.206177
9.759263,2.877977,3.816552,0.068412,0.468610,-0.190198
9.902923,2.202778,3.778243,0.207565,0.482858,-0.171689
10.104046,1.551522,3.692047,0.276408,0.488584,-0.150117
10.070526,0.675199,3.840495,0.273479,0.473138,-0.128145
10.175876,0.421401,3.404728,0.178536,0.452365,-0.112965
10.008274,0.526751,3.328110,0.071076,0.423070,-0.101247
9.922078,0.828436,3.495712,-0.047970,0.391777,-0.095255
9.989119,1.168430,3.476558,-0.155030,0.360751,-0.094589
9.893346,1.427017,3.462192,-0.204699,0.320669,-0.100847
9.840671,1.479692,3.332899,-0.216018,0.289244,-0.111234
9.692223,1.537156,3.126987,-0.210159,0.264875,-0.117226
9.749687,1.652083,2.911498,-0.215751,0.245168,-0.124284
9.883769,1.857995,2.581081,-0.167148,0.228922,-0.120422
9.878980,2.116582,2.188412,-0.033988,0.220400,-0.099516
9.826305,1.120543,2.763050,0.005294,0.253690,-0.109237
9.840671,1.101389,1.604197,-0.011484,0.264343,-0.092991
9.960387,1.345610,1.676027,-0.024400,0.259016,-0.088730
9.998696,1.249837,1.671238,-0.036651,0.298964,-0.107505
9.821516,1.211528,1.211528,-0.032922,0.328526,-0.120688
9.673069,1.168430,1.230682,-0.016011,0.378061,-0.128145
9.653914,0.943364,1.144487,-0.013082,0.420406,-0.130542
9.467156,0.277742,1.321667,-0.011351,0.474736,-0.131341
9.448001,-0.277742,1.379130,-0.079928,0.525470,-0.147453
9.409692,-0.531540,1.532367,-0.191649,0.549838,-0.178746
9.342652,-0.440556,1.594620,-0.283263,0.565151,-0.196057
9.591661,-0.268164,1.843629,-0.374478,0.619214,-0.223621
9.649125,0.000000,1.834052,-0.438262,0.664356,-0.250653
9.644336,0.244221,1.843629,-0.467956,0.701774,-0.271559
9.620393,0.622524,1.838841,-0.478343,0.739724,-0.285407
9.677857,1.010405,1.853207,-0.452909,0.773147,-0.289802
9.687434,1.302512,1.996866,-0.390857,0.805772,-0.283144
9.629970,1.379130,2.001655,-0.286193,0.861166,-0.268363
9.783207,1.249837,1.934614,-0.234793,0.884869,-0.260240
9.783207,1.235471,1.771800,-0.214287,0.906174,-0.263036
9.706589,1.350399,1.829263,-0.196310,0.962368,-0.264235
9.922078,1.336033,1.838841,-0.194446,1.021890,-0.266232
10.008274,1.245048,1.810109,-0.202169,1.056246,-0.280480
10.065737,1.139698,1.743068,-0.236125,1.101387,-0.309110
10.247706,1.805320,1.422228,-0.341188,1.128285,-0.360776
10.453618,2.250664,1.623351,-0.416290,1.159711,-0.424693
10.726571,2.030386,1.427017,-0.488197,1.188740,-0.452656
11.009100,1.321667,1.484481,-0.574085,1.227356,-0.459181
11.157549,0.751818,1.575465,-0.690334,1.271699,-0.451325
11.119239,0.608158,1.671238,-0.802188,1.312179,-0.445466
10.908539,0.627313,1.767011,-0.866771,1.356921,-0.439074
10.707416,0.526751,1.719124,-0.861311,1.416976,-0.426956
10.649952,0.459710,1.810109,-0.765436,1.504196,-0.403520
10.736148,0.249010,2.178835,-0.652117,1.574505,-0.388473
10.803189,-0.019155,2.432633,-0.538931,1.650406,-0.373826
10.817555,-0.205912,2.782204,-0.436664,1.727106,-0.357846
10.846287,-0.325628,3.227548,-0.347313,1.790890,-0.337606
10.985157,-0.383092,3.644161,-0.275540,1.847749,-0.317765
11.181492,-0.387880,4.089505,-0.220412,1.889828,-0.305115
11.464022,-0.416612,4.664143,-0.172341,1.927912,-0.296593
11.713032,-0.407035,4.855689,-0.168879,1.944690,-0.298324
11.947676,-0.301685,5.195683,-0.187521,1.947087,-0.307645
12.206263,-0.292108,5.540465,-0.209626,1.940029,-0.320162
12.412175,-0.411824,5.861304,-0.237057,1.922585,-0.334677
12.507947,-0.684777,6.004964,-0.300175,1.891159,-0.351455
12.484004,-0.785338,5.976232,-0.395784,1.854141,-0.369698
12.373866,-0.603370,5.995387,-0.544390,1.800477,-0.388473
12.273303,-0.531540,5.957077,-0.641597,1.758798,-0.395531
12.273303,-0.555483,5.674547,-0.723624,1.729104,-0.393666
12.421751,-0.703931,5.262723,-0.777154,1.702205,-0.384745
12.776112,-0.838013,4.568369,-0.888875,1.685427,-0.371296
13.901444,0.838013,2.633756,-1.136154,1.661192,-0.357314
15.414656,1.762222,2.001655,-1.154130,1.653069,-0.313637
17.186454,0.948152,0.244221,-1.049467,1.706333,-0.224953
17.564758,0.205912,-1.958557,-0.924429,1.756801,-0.144657
17.090682,-0.344783,-3.577120,-0.856118,1.821250,-0.091926
16.099431,-0.895477,-5.190894,-0.866105,1.887431,-0.076479
14.892694,-1.450960,-6.306649,-0.951993,1.959470,-0.102312
13.858346,-2.016021,-6.670586,-1.142945,2.030445,-0.163699
12.958081,-2.241087,-6.287494,-1.544423,2.101685,-0.273023
12.565411,-1.690392,-5.119064,-1.856683,2.128584,-0.350922
12.584566,-1.225894,-3.399940,-2.170941,2.107811,-0.409246
11.981196,0.023943,-1.714336,-2.420217,2.012202,-0.432949
11.320363,1.302512,0.363937,-2.358031,2.018327,-0.460380
10.333902,2.087850,2.327283,-2.054692,2.005943,-0.491539
9.060121,2.791781,4.874843,-1.847894,2.105680,-0.546135
8.322669,5.473424,6.435942,-1.699554,2.354823,-0.602994
8.576468,8.600411,7.058466,-1.401675,2.571075,-0.631091
10.070526,11.258111,8.830266,-0.843867,2.828739,-0.641611
11.885423,11.511909,10.357845,-0.051165,2.966960,-0.607522
13.618914,9.227724,9.112796,0.272680,2.910100,-0.555456
15.462543,6.172566,7.048889,0.525285,2.744183,-0.448928
15.974928,3.591485,4.812591,0.734612,2.505427,-0.386476
15.433811,2.652911,4.266685,0.925164,2.353624,-0.409113
14.164819,2.197989,5.990598,0.831819,2.096892,-0.500461
12.503159,2.245876,7.010580,0.625288,1.915261,-0.570104
11.124029,2.250664,7.250012,0.476814,1.818587,-0.615644
10.286015,2.154891,7.623527,0.356571,1.722046,-0.620172
9.946022,1.910670,7.819861,0.256701,1.590750,-0.605924
9.778418,1.987289,7.872536,0.179734,1.399399,-0.534816
9.907711,1.671238,7.307476,0.107029,1.211644,-0.457317
10.022640,1.355187,7.139873,0.031660,0.960770,-0.378886
9.452791,0.924209,7.609161,-0.150370,0.611891,-0.278483
8.997869,1.168430,7.719300,-0.331734,0.310416,-0.203647
8.255629,1.541944,7.934789,-0.418288,0.003748,-0.131607
7.738454,1.891516,7.819861,-0.422549,-0.299857,-0.054108
7.235646,2.006443,7.829439,-0.215751,-0.651932,0.015668
6.680163,1.987289,7.891691,-0.220545,-1.009200,0.072261
6.292283,2.130948,7.771975,-0.189519,-1.358612,0.111143
6.172566,2.312917,7.470290,-0.127067,-1.724936,0.136976
5.928346,2.494885,7.307476,-0.042244,-2.115628,0.160812
5.545254,2.566715,6.900441,0.120345,-2.577826,0.198763
5.162162,2.499674,7.101564,0.254037,-2.956134,0.233784
4.807802,2.456576,7.101564,0.336197,-3.163730,0.266941
4.980193,2.375169,7.250012,0.531543,-3.446163,0.340179
5.004137,2.279396,7.226069,0.740072,-3.740180,0.421673
4.951461,1.963345,7.637893,0.896002,-4.033133,0.486921
4.941884,1.723913,7.652258,1.000133,-4.280544,0.532728
4.913152,1.580254,7.901268,1.088152,-4.395061,0.574807
4.807802,1.249837,8.428020,1.117581,-4.395061,0.607431
4.573158,1.312089,8.729704,1.099071,-4.395061,0.628603
4.597102,1.115755,8.945194,1.097207,-4.395061,0.654437
4.822168,0.919420,9.433636,1.070708,-4.395061,0.671215
5.147796,0.871534,9.653914,1.004794,-4.395061,0.682400
5.119064,0.339994,9.697011,0.946337,-4.395061,0.706902
5.176528,0.014366,9.802362,0.804921,-4.395061,0.717421
5.641026,-0.143659,9.946022,0.622225,-4.395061,0.727541
5.813418,-0.172391,10.037006,0.428610,-4.395061,0.741656
6.076794,-0.143659,10.329113,0.235795,-4.395061,0.759233
6.526926,-0.028732,10.568545,0.061089,-4.395061,0.796252
7.240435,-0.081407,10.654741,-0.176336,-4.395061,0.841926
7.829439,-0.292108,10.549390,-0.360629,-4.395061,0.866294
8.212531,-0.483653,10.362633,-0.553312,-4.395061,0.871354
8.533370,-0.440556,10.204608,-0.741068,-4.395061,0.856307
8.964348,-0.478865,9.658702,-0.902325,-4.395061,0.815161
9.313920,-0.004789,9.012235,-1.038547,-4.395061,0.758834
9.629970,0.761395,8.566890,-1.120707,-4.395061,0.690789
9.716166,1.819686,8.222108,-1.096872,-4.395061,0.619016
9.783207,3.313744,7.953943,-0.894601,-4.395061,0.533394
9.931655,4.032041,7.431981,-0.599119,-4.395061,0.473871
10.051371,3.979366,7.024946,-0.209226,-4.395061,0.413017
10.286015,3.208394,6.670586,0.190387,-4.395061,0.350299
10.333902,2.011232,6.531715,0.508107,-4.395061,0.288513
10.008274,0.502808,6.522138,0.688539,-4.395061,0.220867
9.395327,-0.876322,6.637065,0.735944,-4.131804,0.160013
8.605200,-1.862784,6.708895,0.630348,-3.767212,0.104619
7.647470,-2.308128,6.684952,0.336730,-3.317131,0.026054
7.044100,-2.370380,6.910018,0.086389,-3.016189,-0.042790
6.402421,-2.011232,6.862132,-0.179931,-2.706725,-0.126148
5.985809,-1.340821,6.560447,-0.445719,-2.354250,-0.214034
5.875670,-0.445344,6.383267,-0.667563,-1.991256,-0.298324
6.019330,0.670411,6.134257,-0.801123,-1.601097,-0.372095
6.201298,1.637717,5.995387,-0.820298,-1.208674,-0.426424
5.942711,2.145314,5.722434,-0.759178,-0.784027,-0.448262
6.134257,2.533195,4.568369,-0.665167,-0.164033,-0.440406
7.020157,3.921902,1.886727,-0.573686,0.290708,-0.400724
8.356190,5.933134,2.011232,-0.057957,0.834401,-0.291799
11.406558,6.421576,5.109487,0.744999,1.611124,-0.038928
14.854385,6.000175,4.252319,1.616265,2.229652,0.248964
16.832096,5.075966,1.728702,2.586869,2.557892,0.325931
16.937446,2.796570,2.327283,3.513796,2.662023,0.316077
16.027603,-1.043925,2.873188,4.243114,2.702770,0.332455
13.800882,-4.381612,4.769493,4.243114,2.701971,0.294904
11.396982,-5.851727,6.469463,4.243114,2.738590,0.062140
9.256456,-6.340169,7.221280,3.872663,2.837395,-0.247723
8.667452,-4.759915,7.283533,2.804319,2.895186,-0.491006
8.930828,-1.910670,8.083237,1.933452,2.851510,-0.544537
10.137567,0.996039,9.074487,1.634641,2.841390,-0.464907
10.573334,3.557965,9.026600,1.698292,2.724475,-0.403787
9.955598,4.554004,8.413654,1.998301,2.562419,-0.370497
8.672241,2.073484,8.485484,2.166216,2.391042,-0.262104
8.973926,-0.976884,7.599584,1.932653,2.280386,-0.185138
9.878980,-2.897132,6.713684,1.450481,2.154417,-0.173020
10.669107,-2.968961,6.172566,0.866174,1.986236,-0.239600
10.707416,-2.226721,6.162989,0.367090,1.798746,-0.326287
10.760091,-2.083062,5.928346,0.071076,1.616850,-0.391669
10.716994,-2.384746,5.578774,-0.129863,1.472238,-0.438541
10.463195,-2.911498,5.631449,-0.347979,1.351062,-0.471166
10.477561,-3.375996,5.588352,-0.679947,1.245333,-0.493137
10.535025,-3.323321,5.420749,-0.919769,1.156382,-0.502858
10.913328,-2.169257,5.353708,-1.114715,1.078617,-0.520568
10.961215,-0.114928,5.114275,-1.143877,1.020426,-0.543738
11.023467,1.987289,5.248358,-0.972101,0.973420,-0.557586
10.501504,3.974577,5.310610,-0.643861,0.922819,-0.576362
9.893346,5.162162,5.243569,-0.140383,0.933206,-0.584618
9.404904,5.210048,5.013714,0.553248,0.987002,-0.563845
9.519831,4.688086,4.870054,0.927561,0.962235,-0.552926
9.543775,3.730356,4.372035,1.208263,0.940796,-0.513777
9.639548,2.470942,3.830918,1.271247,0.944524,-0.430818
10.166299,0.809281,3.179662,1.063518,0.911501,-0.355716
10.300381,-0.598581,2.633756,0.659377,0.845853,-0.312306
10.286015,-1.259414,2.327283,0.122076,0.766889,-0.287138
10.357845,-0.866745,2.087850,-0.432270,0.703904,-0.283543
10.209397,0.426190,1.944191,-0.977027,0.631332,-0.277551
10.123201,1.541944,1.925036,-1.209259,0.580997,-0.269162
9.960387,2.743895,1.795743,-1.270645,0.561955,-0.260107
9.792784,3.720779,1.886727,-1.158658,0.565817,-0.249987
9.529409,4.501328,1.805320,-0.898996,0.582995,-0.230279
9.347440,4.860477,1.843629,-0.520954,0.618948,-0.201916
9.289977,4.625833,2.068696,-0.086719,0.659562,-0.171955
9.438425,3.663315,2.107005,0.307568,0.699643,-0.146521
9.562930,2.241087,2.102216,0.546324,0.728672,-0.134137
9.658702,0.986461,2.332071,0.667766,0.755038,-0.134670
9.706589,0.239432,2.528406,0.640734,0.773281,-0.143059
9.591661,0.263376,2.681643,0.538601,0.780338,-0.155976
9.567718,0.162814,2.772627,0.441127,0.782735,-0.156375
9.711378,0.402246,2.715163,0.317688,0.777542,-0.145057
9.979541,0.057464,2.628968,0.183463,0.774745,-0.134004
10.314747,0.143659,2.614601,0.031660,0.778341,-0.135735
10.324324,0.368726,2.590658,-0.101633,0.766223,-0.143858
10.233340,0.694354,2.537983,-0.204033,0.750510,-0.146388
10.070526,1.000827,2.427844,-0.249574,0.738126,-0.148652
9.984331,1.479692,2.514040,-0.246112,0.735197,-0.146122
10.032217,1.661661,2.600235,-0.201903,0.749312,-0.139997
10.094470,1.723913,2.581081,-0.139317,0.769019,-0.133472
10.175876,1.585042,2.566715,-0.073803,0.790192,-0.126547
10.286015,1.221105,2.423056,-0.032789,0.818821,-0.129077
10.357845,0.742240,2.044752,-0.051964,0.847051,-0.140263
10.424886,0.349571,1.575465,-0.120542,0.880874,-0.151715
10.525447,0.076618,0.938575,-0.214153,0.924550,-0.159971
10.558968,-0.090984,-0.076618,-0.363026,0.988334,-0.177015
10.515871,-0.167603,-0.928998,-0.451844,1.049987,-0.185937
10.108835,-0.196335,-1.733490,-0.533072,1.108311,-0.200718
9.572506,-0.004789,-2.336860,-0.598054,1.212842,-0.211637
9.198992,0.153237,-2.648122,-0.640798,1.305921,-0.219094
8.552525,0.651256,-2.652911,-0.647190,1.407655,-0.229480
8.509427,1.125332,-2.322494,-0.633341,1.539617,-0.254381
8.499850,2.844457,-1.714336,-0.546121,1.659061,-0.302585
8.997869,3.069523,-0.684777,-0.429606,1.795417,-0.332812
9.783207,1.992077,-0.301685,-0.301506,1.918590,-0.326154
10.444041,0.569849,0.450133,-0.243848,2.030312,-0.314436
11.176704,-0.287319,0.976884,-0.279668,2.120328,-0.314303
11.827960,-0.560272,1.489269,-0.334264,2.187174,-0.335476
12.148799,-0.656045,1.968134,-0.384332,2.238574,-0.366901
12.325979,-0.799704,2.446999,-0.436797,2.310880,-0.396729
12.431329,-0.924209,2.719952,-0.465426,2.358019,-0.400990
12.560623,-1.067868,3.002482,-0.492857,2.405290,-0.395664
12.618086,-1.158853,3.232337,-0.520688,2.448035,-0.389405
12.551045,-1.110966,3.505290,-0.535335,2.493442,-0.385677
12.503159,-1.053502,3.711202,-0.525348,2.539249,-0.385011
12.393020,-1.063080,3.921902,-0.486998,2.575069,-0.384478
12.507947,-1.331244,3.878804,-0.422682,2.625670,-0.371961
12.723437,-1.699970,3.696836,-0.381536,2.663488,-0.361042
12.914982,-1.953768,3.783031,-0.404572,2.695979,-0.351588
13.532718,-0.933786,3.036002,-0.580077,2.725274,-0.347327
14.662838,-0.373515,2.901920,-0.632276,2.752172,-0.318165
16.185628,-0.823647,2.494885,-0.644527,2.794917,-0.268230
17.746726,-1.771800,1.173219,-0.621357,2.840191,-0.216297
18.919946,-3.117409,-0.411824,-0.641464,2.879873,-0.231744
18.972621,-4.041618,-1.398285,-0.791669,2.899980,-0.319896
18.536853,-4.707241,-2.614601,-1.060519,2.907836,-0.444800
17.823345,-4.755127,-3.452615,-1.426310,2.904641,-0.586349
16.879981,-3.998521,-3.840495,-1.864273,2.882270,-0.708723
16.180839,-2.332071,-3.835706,-2.328602,2.866424,-0.793812
15.208745,0.900266,-2.916286,-2.823159,2.784397,-0.874241
14.921425,3.548388,-1.987289,-3.064179,2.591581,-0.919116
14.179185,6.182144,0.014366,-3.100531,2.188506,-0.931899
11.866269,8.820689,3.610640,-2.707842,1.798613,-0.890087
9.246878,10.621220,7.930000,-1.683175,1.740822,-0.805397
7.724088,10.089680,10.846287,-0.483137,1.860799,-0.737752
8.111969,7.757609,9.649125,0.056827,1.849480,-0.667976
9.850248,2.734318,5.195683,0.281069,1.567181,-0.434147
12.541468,0.153237,3.615429,0.197578,1.319903,-0.211770
16.128164,0.215489,4.381612,0.070676,1.160377,-0.083004
18.541643,1.532367,5.909191,-0.108291,0.964365,-0.050912
17.607856,1.843629,6.713684,-0.229200,0.677538,-0.069155
14.782555,1.331244,6.833400,-0.331867,0.394973,-0.099116
12.215840,1.149275,6.416788,-0.463828,0.157681,-0.122952
10.673895,1.379130,6.191721,-0.550249,-0.065761,-0.137733
9.534197,2.260241,6.689741,-0.700054,-0.412776,-0.136934
9.117585,2.968961,6.589179,-0.768499,-0.643410,-0.141594
8.720128,3.672893,6.402421,-0.760509,-0.900142,-0.148519
8.006619,4.319360,6.713684,-0.652649,-1.135170,-0.153579
7.771975,4.970616,6.804668,-0.492724,-1.328385,-0.147587
7.748032,5.190894,6.622699,-0.255300,-1.540376,-0.140263
7.575640,5.238780,6.646643,0.012219,-1.770210,-0.125083
7.364940,4.874843,7.005791,0.258432,-1.992188,-0.104310
7.077621,4.415133,7.417615,0.526350,-2.268762,-0.065693
6.933961,4.036830,7.542119,0.668032,-2.489141,-0.029340
6.833400,3.543599,7.633104,0.788808,-2.701931,0.016067
6.871709,2.930652,7.364940,0.900663,-2.898209,0.071595
7.115930,2.375169,7.518177,0.960052,-3.094887,0.133115
6.584390,1.364764,7.599584,0.960452,-3.334708,0.193569
6.775936,1.259414,7.743243,0.810913,-3.448427,0.222465
6.790302,1.077446,7.963521,0.719032,-3.644305,0.278792
6.560447,0.938575,7.925211,0.643797,-3.834724,0.332056
6.335381,1.110966,8.164645,0.549120,-4.017952,0.382257
6.311437,1.331244,8.303515,0.457906,-4.205574,0.417545
6.206087,1.666449,8.269994,0.431007,-4.395061,0.448837
6.555658,2.001655,8.317881,0.389062,-4.395061,0.460555
6.641854,2.126159,8.365768,0.425414,-4.395061,0.457892
6.819034,2.169257,8.360979,0.474151,-4.395061,0.444310
7.058466,1.958557,8.327458,0.532209,-4.395061,0.427931
7.288321,1.733490,8.451963,0.580013,-4.395061,0.416080
7.551697,1.403074,8.499850,0.620893,-4.395061,0.408357
7.853382,0.972095,8.538159,0.627019,-4.395061,0.410354
7.939578,0.517174,8.519004,0.592930,-4.395061,0.418211
8.231685,0.268164,8.365768,0.522089,-4.395061,0.444576
8.346612,-0.177180,8.322669,0.389195,-4.395061,0.479198
8.346612,-0.268164,8.346612,0.243252,-4.395061,0.495177
8.437597,0.105350,8.322669,0.087854,-4.395061,0.522741
8.672241,0.416612,8.241263,-0.036251,-4.395061,0.555365
9.012235,0.656045,8.025774,-0.112819,-4.395061,0.583729
9.481522,0.818859,7.953943,-0.163952,-4.395061,0.609828
9.831093,1.125332,7.834227,-0.208960,-4.395061,0.629402
10.142355,1.297723,7.633104,-0.218015,-4.395061,0.651241
10.300381,1.230682,7.446347,-0.205897,-4.395061,0.659630
10.338690,1.178007,7.355362,-0.171808,-4.395061,0.626073
10.104046,1.178007,7.250012,-0.113618,-4.395061,0.570679
9.811939,1.206739,7.230857,-0.008554,-4.395061,0.493180
9.625182,0.919420,6.847766,0.129400,-4.395061,0.400900
9.342652,0.699142,6.282705,0.266421,-4.278813,0.305823
9.098430,0.263376,6.110314,0.371218,-4.056169,0.216473
8.418442,-0.167603,5.779897,0.409036,-3.787719,0.124459
7.795918,-0.459710,5.497367,0.355772,-3.466936,0.034843
6.876498,-0.531540,4.975405,0.240988,-3.091291,-0.057970
6.177355,-0.579426,4.836534,0.083992,-2.494867,-0.177015
5.703279,-0.598581,5.324976,-0.117479,-2.041724,-0.265167
5.176528,-0.517174,5.415960,-0.379938,-1.571668,-0.355450
4.965827,-0.234644,5.396806,-0.645459,-1.113997,-0.449860
4.893998,0.095773,5.540465,-0.870766,-0.685488,-0.532552
5.147796,0.603370,5.688913,-1.069041,-0.247525,-0.600597
5.449481,1.115755,6.048062,-1.201802,0.168201,-0.647070
5.755954,1.599408,6.550869,-1.265186,0.575405,-0.668109
5.976232,2.059118,7.068044,-1.231763,1.067032,-0.667577
6.067216,2.638545,7.211703,-1.152266,1.406457,-0.650799
6.148623,3.318533,7.527754,-0.998866,1.711260,-0.624965
6.474251,4.170912,7.815073,-0.758245,1.993027,-0.586083
7.005791,4.874843,8.370556,-0.422416,2.214738,-0.531620
8.097603,5.253146,7.154239,-0.072737,2.355888,-0.464774
11.167126,4.707241,0.426190,0.195713,2.309415,-0.347194
17.895175,5.799052,-10.357845,0.551384,1.945888,-0.025612
29.368774,5.626661,-5.660181,2.988613,1.699675,0.869890
31.289022,5.602717,-0.354360,4.243114,1.769185,1.121163
22.228900,4.984982,4.582736,4.243114,1.718318,0.862832
13.106529,2.509251,6.124680,4.243114,1.718717,0.546976
7.839016,-3.366419,7.680990,4.243114,1.794086,0.290244
3.663315,-8.509427,6.957905,4.243114,1.757067,0.121397
1.853207,-10.654741,4.372035,4.243114,1.794086,-0.030406
3.548388,-7.776763,4.688086,3.255865,1.913797,-0.189532
6.790302,-1.795743,8.092815,2.380870,2.051883,-0.398327
10.769668,2.964173,9.744898,2.283930,2.202221,-0.606456
12.948503,1.201951,9.625182,2.682611,2.261211,-0.580091
14.715514,-3.581908,9.625182,2.853855,2.265739,-0.433348
15.740284,-7.709722,8.973926,2.480474,2.174657,-0.315501
15.266208,-9.218147,7.412826,1.593894,1.988500,-0.306580
13.322017,-8.432808,6.139046,0.503579,1.718051,-0.419233
11.282053,-7.288321,5.277090,-0.592594,1.444540,-0.580889
8.504638,-5.545254,4.788647,-1.858947,1.154784,-0.748272
7.930000,-4.151757,4.697663,-2.554708,1.069295,-0.787021
8.145490,-2.174046,4.874843,-3.049664,0.985937,-0.800204
8.715339,0.153237,5.123853,-3.426374,0.978081,-0.775170
9.663491,3.366419,5.583563,-3.443019,0.999653,-0.707658
10.429675,6.574813,5.751165,-3.044471,1.041465,-0.610851
11.171915,9.275610,5.641026,-2.311291,1.078350,-0.507119
11.296420,10.563756,5.411171,-1.244147,1.093797,-0.462643
10.621220,9.625182,4.984982,0.230601,1.108578,-0.411110
9.634759,8.001831,4.668931,1.141283,1.095927,-0.358779
8.940405,6.230030,4.405556,1.803621,1.099922,-0.284209
8.993081,3.653738,3.663315,2.367155,1.104982,-0.193127
9.649125,1.216316,3.194028,2.571555,1.116834,-0.105242
10.630798,-1.795743,2.648122,2.393254,1.102452,-0.049314
11.310786,-4.534849,2.111793,1.761143,1.045193,-0.066226
11.282053,-5.779897,1.671238,0.872566,0.946122,-0.136668
10.535025,-4.740761,1.355187,-0.380870,0.819887,-0.267830
10.017850,-2.767838,1.364764,-1.101266,0.748646,-0.341601
9.596450,-0.502808,1.393496,-1.593559,0.689656,-0.375424
9.366595,1.652083,1.379130,-1.839372,0.644648,-0.377021
9.515043,3.543599,1.369553,-1.851356,0.578734,-0.355183
9.371383,5.138219,1.369553,-1.608206,0.550371,-0.323624
9.682645,5.588352,1.336033,-1.265585,0.561157,-0.282478
9.754475,5.827784,1.163641,-0.843601,0.577269,-0.244128
9.701800,5.971443,1.087023,-0.392588,0.596311,-0.200851
9.304343,5.578774,1.034348,0.223810,0.651572,-0.153978
9.060121,4.951461,1.182796,0.648191,0.693917,-0.129211
8.945194,4.247530,1.259414,0.962982,0.737460,-0.103111
8.835055,3.217971,1.465326,1.198808,0.778207,-0.099915
9.050544,1.786165,1.632929,1.281368,0.829341,-0.102445
9.668279,0.354360,1.728702,1.221712,0.861433,-0.102579
10.041794,-0.694354,1.752645,1.047405,0.880075,-0.108171
10.175876,-1.436594,1.704759,0.789474,0.895522,-0.112965
10.132779,-1.623351,1.546733,0.479877,0.905375,-0.123352
10.151933,-1.048714,1.249837,0.110358,0.922287,-0.143192
10.233340,-0.220278,1.048714,-0.079529,0.930809,-0.153313
10.185454,0.665622,0.905054,-0.183393,0.948120,-0.163166
10.166299,1.326455,0.747029,-0.184858,0.982741,-0.172221
9.984331,1.498847,0.550694,-0.130662,1.019360,-0.187002
9.878980,1.412651,0.483653,-0.101100,1.071692,-0.204712
9.787996,0.972095,0.545906,-0.086453,1.135742,-0.220825
9.644336,0.421401,0.426190,-0.114550,1.186476,-0.225219
9.663491,-0.579426,0.105350,-0.210425,1.269435,-0.243062
9.400115,-0.861956,-0.110139,-0.341987,1.319370,-0.266232
9.471945,-0.747029,-0.071830,-0.497385,1.384352,-0.291799
9.462368,-0.191546,-0.052675,-0.626816,1.441611,-0.323092
9.323497,0.517174,0.201123,-0.672357,1.503530,-0.338405
9.457579,1.029559,0.550694,-0.653049,1.581030,-0.346927
9.759263,1.249837,0.957729,-0.595923,1.651338,-0.351588
10.247706,1.436594,1.110966,-0.562900,1.711926,-0.354651
10.860652,1.249837,1.618563,-0.495254,1.785963,-0.384612
11.152760,1.862784,1.527578,-0.516427,1.805537,-0.427622
11.210224,1.632929,1.891516,-0.519223,1.854274,-0.476758
11.253322,0.536328,1.905882,-0.612302,1.888230,-0.504322
11.191069,-0.646467,1.762222,-0.754916,1.927512,-0.501526
11.162338,-1.130121,1.996866,-0.960116,1.967726,-0.488476
11.124029,-0.775761,2.145314,-1.129629,2.002215,-0.484881
10.831921,0.349571,2.763050,-1.181561,2.054813,-0.491140
10.942060,1.067868,3.486135,-1.285693,2.120860,-0.519636
10.568545,0.004789,2.063907,-0.799126,2.127918,-0.465972
11.358672,-0.440556,4.568369,-0.607775,2.223660,-0.463842
12.081758,-1.110966,3.438249,-0.542659,2.281718,-0.452257
12.345133,-1.838841,3.854861,-0.438528,2.312211,-0.450259
12.689916,-2.408690,3.988943,-0.479541,2.338178,-0.455985
12.871885,-2.619390,3.088678,-0.550383,2.348031,-0.461179
12.862307,-2.705586,3.083889,-0.585803,2.365475,-0.468103
12.857519,-2.748684,2.978539,-0.709243,2.400896,-0.477957
13.379482,-1.235471,1.762222,-0.980356,2.453361,-0.494469
14.495236,-0.589004,1.441383,-1.062916,2.517012,-0.481286
15.893521,-1.450960,0.909843,-1.083422,2.633793,-0.443202
17.416311,-2.897132,-0.488442,-1.087550,2.788259,-0.410711
18.556009,-4.779070,-2.466153,-1.090746,2.977746,-0.429353
19.006141,-6.095948,-3.730356,-1.179298,3.059506,-0.506719
18.867271,-7.566063,-4.779070,-1.392087,3.088801,-0.626830
18.546430,-7.815073,-6.129469,-1.815270,3.023020,-0.774504
17.708417,-7.135085,-6.139046,-2.350441,2.909834,-0.919516
16.712379,-4.721606,-6.230030,-3.007586,2.791188,-1.030438
14.974101,-0.311262,-2.399112,-3.691762,2.583991,-1.043887
13.815248,3.965000,1.417440,-4.160086,2.430990,-0.963725
12.934137,8.902096,4.357669,-4.301103,2.295567,-0.830964
11.909366,13.120894,7.115930,-3.670057,2.220065,-0.644806
10.831921,15.285363,8.839843,-2.409297,2.226456,-0.421231
10.875019,15.242265,7.853382,-1.117112,2.238441,-0.223222
12.493581,11.914155,6.057639,0.372949,2.101286,0.017532
14.552700,8.739282,5.779897,1.314524,1.916327,0.163342
16.731534,5.985809,5.818207,2.016944,1.708597,0.229922
17.655742,3.543599,6.124680,2.397648,1.466911,0.223664
16.918291,2.049541,6.143835,2.412296,1.199659,0.185447
15.304517,1.178007,6.153412,2.292851,0.924151,0.136311
13.503986,0.579426,6.397633,2.084855,0.662758,0.075190
12.148799,0.095773,6.713684,1.809480,0.422271,0.025655
11.119239,-0.282530,6.502983,1.347681,0.087772,-0.009766
10.558968,-0.363937,6.263551,0.946869,-0.197323,-0.012562
9.883769,-0.258587,6.081582,0.523953,-0.506654,-0.005505
9.031390,0.124505,6.215664,0.113554,-0.831698,0.012072
8.313093,0.924209,6.282705,-0.258096,-1.116927,0.045495
7.743243,1.891516,6.158201,-0.529743,-1.378054,0.098094
7.408038,2.834879,6.392844,-0.702984,-1.650765,0.160546
6.866920,3.701624,6.570024,-0.783013,-1.912958,0.230721
6.502983,4.582736,6.536504,-0.817635,-2.151314,0.304758
6.095948,5.612295,7.077621,-0.680613,-2.468369,0.425401
5.990598,5.952289,7.259590,-0.352773,-2.665446,0.518613
5.937923,6.100737,7.484656,-0.065813,-2.866650,0.611026
6.095948,5.870882,7.350574,0.215821,-3.056670,0.698379
6.301860,5.435115,7.455924,0.476681,-3.248820,0.782670
6.474251,4.975405,7.580429,0.682680,-3.436842,0.862033
6.680163,4.156546,7.724088,0.808516,-3.608485,0.922887
6.665797,3.936268,8.236474,0.897733,-3.811288,0.982942
6.292283,3.366419,8.322669,0.970039,-3.966952,1.050854
6.311437,3.222760,8.547736,0.970439,-4.138595,1.093865
6.110314,2.681643,8.758437,0.963248,-4.382012,1.126489
6.033696,2.906709,8.796746,1.009188,-4.395061,1.167369
5.952289,2.935441,9.084065,0.973368,-4.395061,1.179087
6.330592,2.542772,9.151105,0.949533,-4.395061,1.151124
6.411999,2.729529,9.040966,0.962316,-4.395061,1.128753
6.450308,2.514040,8.897307,1.005593,-4.395061,1.122894
6.852554,2.193201,8.815900,1.015447,-4.395061,1.112907
7.101564,1.838841,8.763225,0.981091,-4.395061,1.095729
7.379306,1.518001,8.835055,0.880422,-4.395061,1.067899
7.853382,1.216316,8.710550,0.704651,-4.395061,1.039402
8.222108,1.182796,8.672241,0.413031,-4.395061,0.995726
8.648298,1.029559,8.662664,0.238724,-4.395061,0.962436
8.720128,1.192373,8.538159,0.059757,-4.395061,0.926349
8.724916,1.503635,8.298727,-0.085521,-4.395061,0.888132
8.854209,1.661661,8.126335,-0.162887,-4.395061,0.855775
8.768013,1.838841,7.977887,-0.223874,-4.395061,0.807970
8.705761,1.747856,8.131124,-0.244381,-4.395061,0.760831
8.413654,1.479692,8.131124,-0.220811,-4.395061,0.696515
8.375345,0.794915,7.953943,-0.193647,-4.395061,0.614755
8.461541,0.095773,7.891691,-0.200172,-4.395061,0.523940
9.103219,-0.933786,7.733665,-0.270214,-4.395061,0.401832
9.347440,-1.570676,7.599584,-0.414293,-4.395061,0.295703
9.424058,-1.728702,7.566063,-0.624819,-4.395061,0.192504
9.395327,-1.546733,7.293110,-0.816303,-4.395061,0.104885
9.515043,-1.494058,7.072832,-0.993939,-4.373356,0.003550
9.251667,-1.369553,6.742415,-1.175170,-4.189063,-0.105641
8.562102,-1.039137,6.282705,-1.364790,-3.954701,-0.200851
7.973098,-0.684777,5.521310,-1.561600,-3.664679,-0.274355
7.206914,-0.205912,4.597102,-1.805550,-3.231642,-0.351055
7.024946,0.354360,3.965000,-1.962412,-2.872509,-0.399792
6.910018,0.938575,3.390362,-2.077862,-2.502058,-0.447729
6.546081,1.546733,3.194028,-2.123270,-2.102178,-0.480087
6.383267,1.786165,2.988116,-2.066676,-1.661818,-0.502858
6.086371,1.834052,2.839668,-1.975062,-1.209739,-0.520568
5.703279,1.690392,2.777415,-1.870532,-0.755264,-0.536015
5.339342,1.503635,3.002482,-1.790103,-0.297060,-0.559051
5.937923,1.125332,3.490924,-1.767732,0.251027,-0.614313
5.732011,1.484481,3.682470,-1.810743,0.611225,-0.651464
5.981020,2.039964,4.070350,-1.813539,0.991530,-0.667444
6.349746,2.997693,4.510906,-1.734575,1.343206,-0.659987
6.646643,4.328937,4.980193,-1.513796,1.677837,-0.610717
7.120718,5.612295,5.506945,-1.136420,1.991429,-0.531221
7.953943,6.268340,5.439903,-0.624686,2.233647,-0.433348
10.357845,6.392844,1.130121,-0.181795,2.326859,-0.332013
19.207263,8.346612,-13.250187,0.244716,1.876512,-0.054774
28.233865,10.319536,-7.427192,2.234660,1.753472,0.548707
32.730403,8.940405,-2.059118,4.243114,2.008473,0.993196
24.623224,7.058466,1.690392,4.243114,2.133378,0.869091
14.447350,3.830918,3.596274,4.243114,2.135641,0.629935
8.528581,-1.762222,6.881286,4.243114,2.224592,0.456960
4.611467,-7.724088,6.421576,4.243114,2.211542,0.312215
1.082234,-11.277265,5.703279,4.243114,2.158678,0.210614
2.547560,-9.998696,4.870054,4.243114,2.189837,0.050955
5.492578,-4.850900,4.592313,3.524049,2.208480,-0.134004
7.733665,1.120543,6.359324,2.731481,2.243101,-0.334543
10.056160,6.201298,7.767186,2.432403,2.297164,-0.496732
12.191897,8.566890,7.762397,2.744397,2.337512,-0.554124
13.911021,7.819861,7.867748,3.396482,2.364543,-0.524829
14.677205,5.028080,7.891691,4.021269,2.361880,-0.448795
14.088201,0.220278,6.613122,4.243114,2.289974,-0.334144
11.904578,-7.216492,4.798225,3.541227,2.076518,-0.210172
9.572506,-9.998696,4.702452,2.251705,1.883569,-0.257577
8.327458,-10.089680,5.018503,0.729019,1.761994,-0.394066
8.471117,-8.844633,5.377651,-0.603647,1.654933,-0.532286
9.155895,-6.991425,5.497367,-1.656943,1.537220,-0.642276
9.840671,-4.367247,5.717645,-2.379070,1.450932,-0.715248
10.831921,-1.795743,5.775109,-2.731278,1.397535,-0.727232
11.382616,1.125332,5.540465,-2.712902,1.369571,-0.705394
11.756130,4.659354,4.970616,-2.124335,1.284615,-0.671039
10.702628,6.684952,4.491751,-1.355335,1.230552,-0.650133
9.649125,7.307476,4.223587,-0.404972,1.233748,-0.623368
8.768013,6.445519,4.089505,0.506642,1.264508,-0.585284
8.423232,5.176528,4.175701,1.336096,1.332020,-0.545868
8.370556,3.941057,4.012887,1.877126,1.382621,-0.514043
9.266034,2.585870,3.816552,2.196843,1.437350,-0.488343
10.180665,0.838013,3.299378,2.172208,1.420305,-0.489275
11.215013,-1.508424,2.839668,1.768467,1.356655,-0.487278
11.272477,-2.600235,2.542772,1.198276,1.270101,-0.501127
10.827133,-3.012059,2.284185,0.513300,1.162108,-0.505920
10.333902,-2.437422,2.135737,-0.201370,1.054115,-0.508850
10.075315,-1.015193,2.159680,-0.797661,0.954378,-0.500061
9.965176,0.646467,2.250664,-1.209525,0.860367,-0.482218
9.898135,2.178835,2.403901,-1.416855,0.791923,-0.459581
9.835883,3.529233,2.442210,-1.440158,0.746649,-0.434946
9.711378,5.104698,2.681643,-1.185290,0.725343,-0.393134
9.615605,5.664970,2.858823,-0.820964,0.736395,-0.352121
9.515043,5.588352,3.012059,-0.378207,0.764492,-0.308843
9.519831,4.846111,3.036002,0.064018,0.803375,-0.268363
9.538986,3.735145,3.016848,0.441527,0.832936,-0.240000
9.629970,2.116582,2.959384,0.685476,0.857305,-0.228415
9.663491,1.053502,2.820513,0.786411,0.868623,-0.228814
9.754475,0.330417,2.657699,0.772030,0.864229,-0.226684
9.811939,-0.177180,2.557138,0.687207,0.852644,-0.224287
9.926867,-0.541117,2.523617,0.524219,0.832670,-0.230279
10.041794,-0.450133,2.423056,0.234596,0.803641,-0.249987
9.936444,-0.105350,2.432633,0.031660,0.781936,-0.263303
9.802362,0.440556,2.451787,-0.138119,0.757834,-0.272624
9.682645,0.881111,2.327283,-0.244647,0.740656,-0.280214
9.582084,1.350399,2.107005,-0.320282,0.738659,-0.278350
9.495888,1.470115,2.073484,-0.323478,0.753040,-0.271292
9.524621,1.465326,1.881938,-0.303637,0.785398,-0.265700
9.452791,1.561099,1.881938,-0.278736,0.805505,-0.268629
9.304343,1.604197,1.886727,-0.229733,0.844654,-0.272224
9.304343,1.580254,1.972923,-0.158626,0.905242,-0.279415
9.414482,1.441383,2.221932,-0.120542,0.944125,-0.289668
9.476734,1.149275,2.279396,-0.107226,0.970890,-0.305248
9.462368,0.589004,2.475731,-0.127333,0.989932,-0.322293
9.443213,0.114928,2.518829,-0.219347,1.002183,-0.343465
9.567718,-0.019155,2.537983,-0.341588,1.006178,-0.371296
9.677857,0.172391,2.810936,-0.485800,1.001384,-0.405385
9.826305,0.330417,2.901920,-0.621224,0.992196,-0.436544
9.917289,0.521963,2.849245,-0.729882,0.985671,-0.464641
10.046583,0.675199,2.830090,-0.848794,0.986337,-0.501659
10.080103,0.871534,2.925864,-0.902458,0.989533,-0.528558
10.147145,1.019982,3.055157,-0.930155,1.005112,-0.551195
10.223763,1.225894,3.141353,-0.939876,1.020825,-0.575829
10.137567,1.412651,3.313744,-0.925894,1.035340,-0.600730
10.041794,1.484481,3.562754,-0.916173,1.049055,-0.627629
9.912501,1.580254,3.783031,-0.922299,1.056512,-0.658256
9.826305,1.604197,4.075139,-0.937745,1.068097,-0.688483
9.505466,1.613774,4.410344,-0.996336,1.066632,-0.723637
9.266034,1.537156,4.654565,-1.061451,1.065301,-0.739217
9.069699,1.494058,4.712029,-1.136021,1.061705,-0.747473
8.973926,1.647295,4.740761,-1.222708,1.051452,-0.757593
8.854209,1.977711,4.879631,-1.290619,1.053982,-0.762120
8.782380,2.490097,5.066389,-1.329103,1.049321,-0.765583
8.844633,2.777415,5.296244,-1.328836,1.051052,-0.756927
9.074487,2.877977,5.334553,-1.329902,1.043862,-0.758658
9.256456,2.696008,5.272301,-1.334695,1.040266,-0.763585
9.371383,2.547560,5.123853,-1.367586,1.019227,-0.778765
9.294765,2.485308,4.961039,-1.392487,1.023755,-0.791016
9.352229,2.341649,4.841322,-1.420584,1.028815,-0.808460
9.486311,2.293762,4.549215,-1.490759,1.039601,-0.830165
10.295593,3.189239,3.773454,-1.654413,1.044261,-0.855599
11.392192,4.573158,3.840495,-1.736306,1.040799,-0.874374
12.555834,5.214837,4.367247,-1.708609,1.048123,-0.879035
13.350749,5.075966,4.601890,-1.589031,1.063570,-0.870513
13.341172,3.577120,4.826957,-1.383299,1.072624,-0.872510
12.718648,1.848418,4.788647,-1.329502,1.068230,-0.918317
11.909366,0.316051,4.635411,-1.407534,1.054381,-1.005537
11.128817,-0.718297,4.563581,-1.612334,1.032144,-1.120454
10.539813,-1.221105,4.295417,-1.906618,1.009107,-1.241630
10.099258,-1.235471,4.233164,-2.227667,0.990332,-1.359077
9.946022,-0.967307,4.142180,-2.540593,0.984739,-1.463341
10.175876,-0.277742,3.763877,-2.881749,0.999120,-1.571734
10.458406,0.167603,3.572331,-3.037946,1.048656,-1.642708
10.932482,0.383092,3.797397,-3.123168,1.126288,-1.714082
11.353883,0.756606,3.821341,-3.186686,1.192335,-1.774270
11.952465,1.082234,4.137392,-3.228365,1.232283,-1.819278
12.622875,1.029559,4.199644,-3.253133,1.240140,-1.873208
13.087374,0.536328,4.075139,-3.296942,1.202988,-1.921279
13.369904,-0.402246,4.046407,-3.433165,1.084476,-1.972013
13.063430,-0.780550,4.439076,-3.597485,0.948253,-2.009963
12.383442,-0.938575,4.999348,-3.759141,0.795119,-2.050977
11.392192,-1.154064,5.751165,-3.867001,0.622943,-2.087596
10.147145,-1.455749,6.191721,-3.988443,0.462751,-2.122750
8.696185,-1.685604,6.751993,-4.124666,0.321868,-2.155774
7.168605,-1.733490,7.647470,-4.234123,0.216805,-2.189863
5.329764,-1.642506,8.480695,-4.372343,0.169533,-2.222887
4.922729,-1.034348,7.494233,-4.483532,0.126522,-2.245657
5.214837,-0.301685,6.661008,-4.483532,0.026918,-2.257375
6.373690,0.502808,5.784686,-4.483532,-0.084270,-2.259505
7.594795,1.604197,5.674547,-4.483532,-0.202783,-2.280145
8.413654,2.590658,6.440731,-4.335857,-0.290402,-2.322623
9.040966,2.130948,6.450308,-3.963142,-0.374027,-2.360041
8.969137,1.704759,6.354535,-3.614662,-0.494403,-2.378817
9.088853,-0.909843,6.445519,-3.319580,-0.609986,-2.414504
8.878152,-0.890688,5.789474,-3.247540,-0.845547,-2.500392
8.519004,-0.368726,6.823822,-3.082821,-0.994686,-2.593471
8.246051,0.311262,7.125507,-2.864172,-1.131441,-2.683354
8.006619,0.225066,7.436769,-2.475212,-1.250620,-2.774169
7.987464,-0.584215,7.355362,-2.084387,-1.373659,-2.858060
8.279572,-1.738279,7.039312,-1.837242,-1.522399,-2.937157
8.413654,-2.595447,7.163816,-1.727251,-1.696573,-3.001074
8.605200,-4.156546,7.154239,-1.725653,-1.894315,-3.064059
8.571680,-4.932307,7.388883,-1.853887,-2.052110,-3.105205
8.432808,-5.463847,7.657047,-2.039379,-2.204578,-3.136897
8.360979,-6.004964,7.843804,-2.258294,-2.351853,-3.159002
8.337036,-6.732838,8.322669,-2.487862,-2.487677,-3.157138
8.246051,-7.532542,8.777591,-2.771892,-2.616043,-3.145952
8.068871,-8.356190,8.988291,-3.122103,-2.734156,-3.124646
7.810284,-8.993081,9.299553,-3.559401,-2.858794,-3.098414
7.254801,-9.347440,9.692223,-4.174601,-3.014858,-3.054471
7.226069,-9.237301,9.974753,-4.483532,-3.111532,-3.033698
6.804668,-8.595623,9.965176,-4.483532,-3.226981,-3.003471
6.593967,-7.896480,10.046583,-4.483532,-3.299021,-2.976972
6.728050,-7.182971,9.883769,-4.483532,-3.380914,-2.968716
6.919596,-6.081582,9.749687,-4.483532,-3.431782,-2.973377
7.273955,-5.143007,9.385749,-4.483532,-3.467868,-2.966585
7.494233,-3.720779,9.184626,-4.483532,-3.477323,-2.939554
7.752820,-1.355187,8.973926,-4.483532,-3.445231,-2.880031
7.958732,-0.119716,8.566890,-4.483532,-3.399557,-2.814383
8.222108,0.239432,8.212531,-4.483532,-3.342298,-2.728762
8.475907,-0.129293,7.906057,-4.118141,-3.284773,-2.626894
8.600411,-0.900266,7.613949,-3.565393,-3.215530,-2.500925
8.782380,-1.953768,7.206914,-3.144474,-3.147884,-2.350720
8.858998,-3.275435,6.972270,-2.892935,-3.088362,-2.187066
8.973926,-5.401594,7.101564,-2.871230,-3.013526,-1.961493
8.964348,-6.981848,7.317053,-3.129960,-2.968784,-1.804364
8.806324,-8.049716,7.570851,-3.609070,-2.930567,-1.677995
8.662664,-8.495061,7.877325,-4.225734,-2.897677,-1.596901
8.418442,-8.107180,8.040140,-4.483532,-2.874240,-1.573731
8.155067,-6.957905,7.953943,-4.483532,-2.846010,-1.596235
7.939578,-5.262723,7.958732,-4.483532,-2.802733,-1.638314
7.810284,-3.380785,8.054506,-4.483532,-2.730827,-1.686385
7.848593,-0.962518,7.867748,-4.483532,-2.598732,-1.749636
7.853382,0.852379,7.590006,-4.483532,-2.475027,-1.793712
7.767186,2.466153,7.226069,-4.483532,-2.333877,-1.824072
7.676202,3.969789,7.048889,-4.483532,-2.173952,-1.832861
7.522965,5.032868,7.331419,-4.483532,-2.007635,-1.805430
7.408038,5.238780,7.460712,-4.483532,-1.833461,-1.734056
7.259590,4.745550,7.048889,-4.483532,-1.668875,-1.623533
6.996214,3.998521,6.593967,-4.206293,-1.513611,-1.502490
6.565236,3.399940,6.388056,-3.714133,-1.320528,-1.338970
6.402421,3.179662,6.579602,-3.397612,-1.176050,-1.217927
6.522138,2.959384,6.756782,-3.098134,-1.054208,-1.106472
6.761570,2.772627,6.608334,-2.867634,-0.936628,-1.010331
6.972270,2.696008,6.522138,-2.660171,-0.831032,-0.930967
7.106353,2.528406,6.450308,-2.455238,-0.739152,-0.863455
7.120718,2.322494,6.421576,-2.269080,-0.655394,-0.807927
7.115930,1.982500,6.325803,-2.095306,-0.580957,-0.759191
7.250012,1.398285,5.698491,-1.898229,-0.485482,-0.719509
7.245223,1.048714,5.430326,-1.818466,-0.422763,-0.710188
6.857343,0.775761,6.134257,-1.801821,-0.380552,-0.712052
6.493406,0.895477,6.306649,-1.977459,-0.311974,-0.727366
6.675374,1.474903,5.545254,-2.116079,-0.276021,-0.701799
7.235646,2.030386,5.233992,-2.144442,-0.264303,-0.620571
8.169433,3.371208,4.903575,-2.053094,-0.226219,-0.541075
8.739282,4.913152,4.688086,-1.782513,-0.217297,-0.472897
8.959560,5.075966,4.108659,-1.102464,-0.211305,-0.377421
8.978714,4.132603,3.783031,-0.548918,-0.191731,-0.287138
9.017024,2.777415,3.557965,-0.102832,-0.140997,-0.177947
9.495888,1.556310,2.686431,0.201040,-0.062432,-0.058902
10.745725,0.928998,1.326455,0.355239,0.038104,0.048026
12.795267,1.163641,-0.186757,0.435002,0.155551,0.119266
15.021987,1.953768,-1.393496,0.575885,0.274596,0.151624
16.568719,2.782204,-1.297723,0.820634,0.331056,0.126856
16.496891,2.509251,0.282530,1.332900,0.305356,-0.001244
14.835230,0.890688,1.417440,1.611072,0.248364,-0.144391
12.230206,-1.115755,2.672065,1.637171,0.174859,-0.276086
9.361806,-3.031214,3.859650,1.366057,0.092699,-0.343332
7.431981,-4.190066,4.630622,0.844869,0.041566,-0.336940
7.111141,-4.032041,5.166951,0.199708,0.018662,-0.315368
7.858170,-2.303339,5.296244,-0.385131,0.006811,-0.327086
8.768013,-0.047886,5.248358,-0.769963,-0.017957,-0.367567
9.524621,2.025598,4.999348,-0.938544,-0.056307,-0.406982
9.922078,4.108659,4.328937,-0.850392,-0.093059,-0.430419
9.898135,5.210048,3.826129,-0.600318,-0.106774,-0.422562
9.716166,5.880459,3.572331,-0.233195,-0.110902,-0.402721
9.538986,5.540465,3.174873,0.250176,-0.094124,-0.371562
9.476734,4.328937,3.189239,0.699458,-0.086667,-0.340136
9.543775,2.518829,3.146141,1.002131,-0.084270,-0.299922
9.754475,0.723086,3.141353,1.075502,-0.079743,-0.263702
9.917289,-0.450133,3.083889,0.905323,-0.091994,-0.251318
10.022640,-0.718297,3.074312,0.591066,-0.108905,-0.264634
10.037006,0.469287,3.481347,0.147243,-0.149918,-0.307645
9.979541,1.666449,3.773454,-0.056492,-0.170691,-0.335609
9.965176,2.619390,4.127814,-0.138252,-0.188268,-0.349457
9.979541,3.136564,4.419921,-0.120808,-0.202517,-0.349990
9.998696,3.136564,4.558792,-0.039980,-0.219960,-0.339204
9.984331,2.753472,4.630622,0.045109,-0.247391,-0.319230
9.931655,2.188412,4.654565,0.093580,-0.277752,-0.294196
9.931655,1.585042,4.453442,0.099705,-0.301588,-0.272757
9.950810,1.206739,4.032041,0.036054,-0.336476,-0.252783
10.017850,1.273780,3.701624,-0.016943,-0.356849,-0.241864
10.060949,1.513213,3.270646,-0.049568,-0.373228,-0.236671
10.022640,1.819686,2.935441,-0.044108,-0.381617,-0.234940
9.907711,2.159680,2.619390,-0.022536,-0.383215,-0.236671
9.816728,2.514040,2.389535,0.036454,-0.380019,-0.234008
9.787996,2.739106,2.241087,0.116350,-0.376823,-0.230013
9.740109,2.758261,2.006443,0.203969,-0.367502,-0.226950
9.625182,2.499674,1.762222,0.302774,-0.360711,-0.221491
9.562930,2.217144,1.747856,0.336464,-0.353387,-0.220825
9.529409,1.838841,1.532367,0.316889,-0.345530,-0.222822
9.510254,1.666449,1.340821,0.219682,-0.337275,-0.227882
9.462368,1.723913,1.302512,0.074671,-0.337008,-0.232942
9.500677,2.011232,1.359976,-0.082591,-0.333413,-0.236804
9.462368,2.408690,1.345610,-0.215219,-0.323958,-0.238668
9.414482,2.911498,1.369553,-0.326141,-0.311974,-0.240266
9.352229,3.385574,1.393496,-0.381669,-0.300522,-0.241864
9.337862,3.696836,1.446171,-0.370084,-0.282146,-0.235605
9.376173,3.605851,1.522790,-0.327073,-0.265634,-0.228415
9.385749,3.371208,1.484481,-0.271013,-0.250854,-0.219360
9.395327,2.973750,1.541944,-0.215884,-0.231679,-0.207642
9.452791,2.557138,1.585042,-0.188986,-0.209707,-0.199785
9.538986,2.116582,1.618563,-0.186722,-0.185738,-0.193793
9.682645,1.709547,1.661661,-0.207362,-0.165099,-0.191796
9.826305,1.470115,1.532367,-0.257830,-0.140064,-0.194193
9.869402,1.489269,1.379130,-0.333997,-0.113033,-0.195258
9.787996,1.522790,1.312089,-0.363026,-0.095056,-0.199253
9.692223,1.618563,1.096600,-0.389259,-0.078145,-0.207242
9.606027,1.824475,0.914632,-0.408700,-0.066960,-0.218161
9.582084,2.063907,0.742240,-0.413760,-0.051247,-0.228282
9.567718,2.221932,0.483653,-0.411896,-0.028210,-0.233075
9.457579,2.351226,0.277742,-0.423348,0.003083,-0.230945
9.409692,2.509251,0.019155,-0.458103,0.038770,-0.230279
9.428847,2.801359,-0.009577,-0.498850,0.071793,-0.230412
9.333074,3.117409,0.167603,-0.512032,0.111874,-0.232543
9.222935,3.213182,0.287319,-0.507771,0.146496,-0.232276
9.131951,3.203605,0.565060,-0.501779,0.188175,-0.232010
9.079276,2.964173,0.938575,-0.518690,0.236912,-0.233475
9.184626,2.676854,1.115755,-0.582208,0.296701,-0.249188
9.203781,2.260241,1.714336,-0.664634,0.340244,-0.263702
9.376173,1.723913,2.102216,-0.737872,0.381257,-0.262104
9.807150,1.058291,2.245876,-0.813107,0.415879,-0.245726
10.324324,0.694354,2.116582,-0.903523,0.440647,-0.228947
10.602066,0.938575,1.939402,-1.018041,0.459822,-0.243062
10.305170,1.508424,1.810109,-1.039879,0.461153,-0.260773
9.979541,2.121371,1.647295,-0.996602,0.469276,-0.275154
9.821516,2.624179,1.407862,-0.894069,0.488318,-0.284209
9.668279,3.050368,1.412651,-0.757580,0.507626,-0.292198
9.505466,3.366419,1.513213,-0.611370,0.536788,-0.303517
9.361806,3.366419,1.441383,-0.483403,0.569679,-0.311240
9.414482,3.098255,1.484481,-0.393387,0.602702,-0.318165
9.572506,2.705586,1.498847,-0.344384,0.635993,-0.329883
9.845459,2.135737,1.484481,-0.347846,0.680601,-0.354651
9.989119,1.848418,1.383919,-0.419087,0.710163,-0.387408
10.060949,1.853207,1.240260,-0.532805,0.736395,-0.432283
10.089680,1.929825,1.010405,-0.653582,0.755970,-0.492471
10.147145,2.293762,0.972095,-0.797661,0.778341,-0.555056
10.204608,2.743895,0.871534,-0.922032,0.802176,-0.615911
10.324324,2.935441,0.861956,-1.020837,0.821085,-0.667976
10.496716,2.820513,0.799704,-1.084621,0.838662,-0.719376
10.669107,2.212355,1.302512,-1.183026,0.870221,-0.776635
10.769668,1.470115,1.814897,-1.320447,0.897785,-0.810990
10.822343,0.727874,2.193201,-1.482370,0.919357,-0.839087
10.807977,0.205912,2.432633,-1.672256,0.943459,-0.864920
10.793612,0.330417,2.619390,-1.860411,0.977015,-0.885560
10.693050,0.445344,3.012059,-1.985715,1.015765,-0.899675
11.104874,1.278569,2.854034,-2.079060,1.053316,-0.887424
11.128817,1.503635,4.008098,-1.887043,1.115901,-0.871179
11.171915,1.790954,3.428672,-1.784910,1.120296,-0.860526
11.358672,1.613774,4.012887,-1.593692,1.144797,-0.850272
11.444868,1.331244,4.530060,-1.453341,1.163040,-0.844147
11.526275,1.130121,4.951461,-1.340022,1.166236,-0.847210
11.502331,0.852379,5.344130,-1.255998,1.159977,-0.851604
11.487966,0.502808,5.875670,-1.223640,1.142533,-0.853601
11.487966,-0.148448,6.129469,-1.249872,1.105515,-0.842815
11.516697,-0.483653,6.134257,-1.339223,1.066765,-0.830831
11.516697,-0.550694,5.875670,-1.451210,1.030013,-0.824972
11.430501,-0.383092,5.573986,-1.558804,0.995125,-0.817115
11.401770,-0.258587,5.205260,-1.632308,0.972621,-0.799672
11.377827,-0.296896,4.688086,-1.671457,0.959838,-0.776901
11.464022,-0.392669,4.022464,-1.681711,0.962235,-0.754930
11.535852,-1.019982,3.222760,-1.683442,0.980611,-0.729496
11.770496,-1.728702,2.336860,-1.747092,1.018828,-0.716580
12.349922,-2.174046,1.067868,-1.860811,1.058909,-0.703530
13.058642,-3.131775,0.292108,-1.920600,1.118831,-0.684089
13.829614,-4.903575,-0.383092,-1.974929,1.209113,-0.659987
14.495236,-7.058466,-1.302512,-2.093575,1.301260,-0.648002
14.739458,-9.275610,-2.212355,-2.302237,1.383820,-0.662250
14.423406,-11.899789,-3.036002,-2.888274,1.481958,-0.742013
13.729053,-12.747380,-3.347265,-3.515724,1.535888,-0.850139
12.843152,-12.134433,-3.399940,-4.292181,1.591416,-0.974511
11.990774,-9.663491,-3.332899,-4.483532,1.650273,-1.091292
11.215013,-5.636238,-3.007271,-4.483532,1.689022,-1.195024
10.587700,1.331244,-1.953768,-4.483532,1.704069,-1.290500
10.621220,6.713684,-0.809281,-4.483532,1.712459,-1.300620
10.855864,11.234168,0.354360,-4.483532,1.630965,-1.248021
11.320363,14.059470,1.158853,-4.295776,1.545209,-1.152945
11.612470,15.759439,1.302512,-2.962844,1.457191,-1.006602
11.918944,14.916637,3.534022,-1.373578,1.484888,-0.840685
12.287670,11.895001,6.316226,0.015148,1.651205,-0.718311
13.714687,7.024946,6.761570,1.091881,1.864927,-0.642543
14.686782,3.821341,6.225242,1.430906,1.949217,-0.615245
16.530410,0.014366,5.181316,1.449682,1.932439,-0.607122
17.607856,-1.795743,4.917941,1.096009,1.721380,-0.662250
16.927867,-2.662488,4.874843,0.585473,1.631098,-0.741214
16.482524,-1.786165,4.870054,0.055762,1.511121,-0.788220
15.639723,-0.766184,4.865266,-0.303637,1.276359,-0.794611
13.714687,0.330417,5.324976,-0.614299,0.930143,-0.770643
12.771323,1.010405,5.564408,-0.833081,0.744252,-0.760922
12.316402,1.905882,5.732011,-1.072237,0.505496,-0.743611
11.674723,2.528406,5.827784,-1.199005,0.233316,-0.745609
11.056987,3.002482,5.703279,-1.253867,-0.002643,-0.751334
10.669107,3.285012,5.387228,-1.255998,-0.236472,-0.745475
10.271649,3.596274,5.760743,-1.158525,-0.490542,-0.714183
9.448001,3.452615,6.325803,-0.871565,-0.799606,-0.660519
9.012235,3.342476,6.167778,-0.659840,-1.022383,-0.614046
8.653086,2.945018,6.613122,-0.491925,-1.263136,-0.543738
8.293938,2.317705,7.015368,-0.385530,-1.510282,-0.454787
7.939578,1.561099,6.847766,-0.331601,-1.751435,-0.356515
7.671413,1.000827,6.977059,-0.392721,-2.010165,-0.259175
7.307476,0.598581,7.240435,-0.471818,-2.280213,-0.147187
7.221280,0.316051,7.384094,-0.617229,-2.568771,-0.028275
7.053678,0.253798,7.551697,-0.902857,-2.956666,0.135112
7.106353,0.493231,7.618738,-1.134822,-3.249619,0.241773
7.230857,0.545906,7.546908,-1.304601,-3.514607,0.331523
7.431981,0.948152,7.561274,-1.469853,-3.751632,0.393842
7.431981,1.527578,7.795918,-1.552945,-3.995182,0.442179
7.293110,2.193201,7.992252,-1.527911,-4.219956,0.478665
7.393671,2.916286,8.044928,-1.396615,-4.395061,0.481195
6.943539,3.428672,8.528581,-1.186488,-4.395061,0.448305
6.689741,4.285840,8.705761,-0.878888,-4.395061,0.413949
6.795091,4.721606,9.007446,-0.308031,-4.395061,0.400767
6.957905,4.467808,8.993081,0.166019,-4.395061,0.400234
7.192548,3.835706,8.858998,0.605713,-4.395061,0.396639
7.475079,3.122198,8.921251,0.934619,-4.395061,0.394109
7.642681,2.241087,8.935617,1.224508,-4.395061,0.413284
8.111969,1.345610,8.820689,1.415726,-4.395061,0.456161
8.705761,0.545906,8.609989,1.486034,-4.395061,0.524739
9.141529,-0.354360,8.260417,1.431572,-4.395061,0.615021
9.620393,-1.125332,8.193376,1.256200,-4.395061,0.705570
9.893346,-1.666449,8.116758,0.964580,-4.395061,0.791192
9.917289,-1.594620,8.298727,0.456973,-4.395061,0.884803
10.127989,-1.580254,8.088026,0.063086,-4.395061,0.925550
9.907711,-1.158853,7.685779,-0.347047,-4.395061,0.934472
9.615605,-0.928998,7.350574,-0.690067,-4.395061,0.932608
9.457579,-0.526751,7.293110,-0.985949,-4.395061,0.883339
9.428847,-0.071830,7.479867,-1.173971,-4.395061,0.792257
9.064910,-0.009577,7.575640,-1.257995,-4.395061,0.677740
8.576468,0.201123,7.704934,-1.280899,-4.395061,0.538188
8.241263,0.282530,7.661836,-1.200736,-4.395061,0.375732
7.757609,0.708720,7.910845,-1.035085,-4.395061,0.154021
7.326631,1.292935,7.719300,-0.837875,-4.277481,0.002884
7.015368,1.800531,7.374517,-0.601649,-3.985728,-0.109237
6.914807,2.087850,7.015368,-0.384598,-3.665078,-0.155976
7.240435,2.384746,6.517349,-0.188986,-3.319794,-0.163300
7.326631,2.633756,6.354535,0.012618,-2.938024,-0.127346
7.230857,2.605024,6.124680,0.213690,-2.527492,-0.063030
7.058466,2.360803,6.033696,0.375213,-2.085134,0.010341
6.929173,2.030386,5.937923,0.485603,-1.630658,0.073060
6.622699,1.565888,6.009752,0.599055,-1.032636,0.105018
6.321014,1.259414,6.186933,0.637272,-0.595738,0.080916
5.942711,1.154064,6.450308,0.621692,-0.170025,0.023125
5.660181,1.297723,6.388056,0.581345,0.240108,-0.057437
5.506945,1.470115,6.613122,0.567763,0.620945,-0.142660
5.497367,1.580254,7.264378,0.574154,0.975418,-0.210705
5.550042,1.661661,7.594795,0.583476,1.297266,-0.257311
5.645815,1.589831,7.728877,0.567097,1.580896,-0.292065
6.057639,1.398285,7.441558,0.499984,1.831770,-0.314037
7.575640,1.484481,4.491751,0.329939,2.003014,-0.322692
13.906232,2.293762,-7.570851,0.158429,1.879042,-0.212968
21.156244,1.939402,-5.799052,0.916376,1.808201,0.221000
27.247404,2.059118,-1.144487,1.762741,2.005810,0.645648
26.711074,3.658527,0.550694,2.463562,2.120727,0.575206
19.269517,4.870054,2.245876,3.095008,2.047622,0.270003
12.086546,2.911498,5.119064,3.768132,2.054813,0.030981
7.752820,-0.603370,5.985809,3.966807,2.018327,-0.084469
4.783859,-2.968961,5.851727,3.635637,1.930841,-0.154644
3.605851,-3.821341,5.602717,2.979824,1.881439,-0.210838
5.253146,-1.470115,6.847766,2.233994,1.948551,-0.297259
7.470290,1.743068,9.553352,2.164086,2.071857,-0.411643
9.878980,2.940229,10.707416,2.454508,2.197694,-0.492338
12.120067,0.914632,10.132779,2.836544,2.268668,-0.465440
13.700321,-2.494885,9.692223,2.880620,2.239506,-0.377288
14.500025,-4.889209,8.969137,2.476213,2.111939,-0.347726
14.270170,-6.000175,7.724088,1.813076,1.904076,-0.395264
12.867096,-6.196510,6.617911,1.027032,1.650672,-0.489542
10.410520,-5.760743,5.904402,0.003563,1.371302,-0.610984
9.266034,-5.411171,5.377651,-0.690467,1.225226,-0.666645
8.648298,-4.889209,5.195683,-1.380369,1.134278,-0.711653
8.777591,-3.783031,5.047235,-1.967738,1.078617,-0.735755
9.998696,-2.159680,4.937096,-2.427540,1.023888,-0.728964
10.262072,0.043098,4.774281,-2.687868,0.980744,-0.703264
10.779246,2.624179,4.999348,-2.697190,0.988734,-0.659720
11.143183,5.755954,4.946673,-2.303701,0.967961,-0.610318
11.004312,7.360151,4.692874,-1.715933,0.949584,-0.576628
10.520659,8.207742,4.400767,-0.976362,0.924284,-0.530422
9.883769,8.557313,4.218798,-0.107359,0.908704,-0.468636
9.289977,7.542119,3.936268,0.705317,0.892059,-0.388473
9.074487,5.971443,3.433460,1.343287,0.895388,-0.296060
9.098430,4.410344,3.098255,1.723060,0.910702,-0.211503
9.586873,2.466153,2.739106,1.912147,0.928412,-0.149584
10.060949,0.397458,2.475731,1.847830,0.930942,-0.115761
10.654741,-1.896304,2.260241,1.389760,0.893258,-0.130409
10.611643,-2.968961,2.121371,0.844736,0.840926,-0.175550
10.400942,-2.892343,1.958557,0.223011,0.799779,-0.229746
10.127989,-2.164469,1.958557,-0.312292,0.755970,-0.279815
9.941232,-1.019982,1.853207,-0.727752,0.711228,-0.312439
9.840671,0.311262,1.704759,-1.002195,0.669815,-0.321893
9.816728,1.585042,1.565888,-1.103396,0.638523,-0.315901
9.859826,2.643333,1.355187,-1.059853,0.616285,-0.300454
9.835883,3.629795,1.249837,-0.823627,0.602170,-0.270360
9.735321,4.008098,1.340821,-0.542393,0.610026,-0.245859
9.610816,4.103871,1.350399,-0.215219,0.623475,-0.224553
9.620393,3.591485,1.350399,0.112621,0.635460,-0.204047
9.577295,3.294589,1.412651,0.375613,0.654235,-0.201916
9.716166,2.810936,1.656872,0.612771,0.673410,-0.192728
9.811939,2.078273,1.901093,0.745531,0.701507,-0.193660
9.922078,1.268992,2.049541,0.775759,0.729870,-0.201117
9.965176,0.507597,2.169257,0.682413,0.756103,-0.213767
10.041794,0.071830,2.336860,0.526350,0.802842,-0.223355
10.147145,-0.153237,2.542772,0.275343,0.826545,-0.222822
10.161510,-0.191546,2.719952,0.090384,0.838396,-0.212968
10.132779,0.023943,2.490097,-0.073803,0.847850,-0.206177
10.171088,0.162814,2.317705,-0.197375,0.863297,-0.204446
10.204608,0.435767,1.996866,-0.299509,0.867824,-0.209373
10.214185,0.732663,1.546733,-0.353838,0.886200,-0.213368
10.333902,1.058291,1.096600,-0.380737,0.921088,-0.218161
10.391366,1.403074,0.799704,-0.370084,0.953180,-0.225752
10.357845,1.575465,0.464499,-0.317219,1.009507,-0.236804
10.305170,1.403074,0.239432,-0.274741,1.055447,-0.243595
10.324324,1.149275,0.047886,-0.254368,1.106847,-0.253582
10.286015,0.751818,-0.090984,-0.256765,1.164372,-0.265566
10.228551,0.349571,-0.100562,-0.304436,1.221364,-0.281812
10.190242,0.062252,-0.071830,-0.356768,1.286613,-0.302851
10.329113,-0.239432,0.090984,-0.428674,1.341475,-0.334144
10.309958,1.292935,-0.292108,-0.598986,1.352394,-0.420432
9.883769,1.996866,0.158025,-0.649720,1.398201,-0.485414
9.730532,1.623351,0.421401,-0.708444,1.448136,-0.501393
9.730532,0.718297,0.502808,-0.775024,1.520974,-0.463575
9.993907,0.454922,0.804493,-0.858515,1.608460,-0.403254
10.338690,0.775761,0.972095,-0.893536,1.688090,-0.356914
10.520659,1.015193,1.039137,-0.851591,1.767187,-0.336541
10.592489,1.039137,1.077446,-0.763172,1.850146,-0.326820
10.918116,0.952941,1.110966,-0.622955,1.952546,-0.318298
11.258111,0.656045,1.192373,-0.505907,2.028847,-0.304316
11.531064,0.205912,1.240260,-0.410564,2.098223,-0.294462
11.689088,-0.129293,1.383919,-0.355703,2.157879,-0.294063
11.770496,-0.440556,1.541944,-0.312958,2.218334,-0.301120
11.847114,-0.775761,1.862784,-0.298044,2.270399,-0.308843
11.952465,-1.091812,2.102216,-0.305368,2.319402,-0.315768
12.096124,-1.455749,2.303339,-0.334796,2.381987,-0.328551
12.201474,-1.628140,2.442210,-0.367021,2.425264,-0.338139
12.297247,-1.867572,2.628968,-0.407369,2.462549,-0.350922
12.373866,-2.298551,2.605024,-0.474615,2.506891,-0.370363
12.536680,-2.743895,2.413478,-0.569957,2.542845,-0.389539
12.642029,-3.304167,2.130948,-0.664767,2.574670,-0.399259
12.709071,-4.233164,2.269819,-0.853721,2.643381,-0.420298
13.470465,-3.251492,1.331244,-1.294614,2.691585,-0.459448
14.356366,-2.686431,0.919420,-1.492224,2.701438,-0.448129
15.883944,-3.941057,0.684777,-1.642562,2.813692,-0.391536
17.823345,-5.224414,-0.751818,-1.850025,2.876411,-0.338671
18.867271,-6.354535,-2.552349,-2.061749,2.886664,-0.316034
19.054027,-6.866920,-3.864439,-2.383731,2.872016,-0.347726
17.842500,-6.201298,-4.889209,-2.961645,2.830604,-0.449594
16.875192,-3.821341,-5.717645,-3.516390,2.853774,-0.556388
16.022813,-0.028732,-6.004964,-4.085117,2.798246,-0.657723
15.701975,4.372035,-5.923557,-4.483532,2.629266,-0.720308
14.878328,8.973926,-3.012059,-4.483532,2.320734,-0.708590
13.259765,14.164819,1.297723,-4.194708,2.123790,-0.636284
10.851076,19.288671,6.335381,-2.091311,2.130581,-0.443468
9.553352,18.431503,10.683473,0.136723,2.304488,-0.296326
9.926867,13.269343,10.286015,1.735843,2.355888,-0.145722
11.531064,7.503810,6.881286,2.414959,2.247496,-0.058236
14.322845,2.566715,5.109487,2.759045,2.057876,0.017798
17.646165,-1.197162,5.162162,2.784611,1.899948,0.062806
20.126684,-2.609813,6.191721,2.361029,1.723644,0.016200
18.785863,-2.279396,6.780725,1.490296,1.321501,-0.141328
15.826480,-1.709547,6.766359,0.909318,0.966096,-0.244527
13.307652,-1.359976,6.914807,0.459237,0.668750,-0.309776
11.559795,-1.019982,7.374517,0.072940,0.393109,-0.335742
10.381788,-0.608158,7.484656,-0.307365,0.126788,-0.336940
9.864614,0.028732,7.130296,-0.708976,-0.155777,-0.323225
9.380961,0.900266,6.881286,-1.069574,-0.485082,-0.299256
8.394499,2.025598,6.632277,-1.352539,-0.922247,-0.269428
7.810284,2.873188,6.570024,-1.426576,-1.205212,-0.251718
7.537331,3.902748,6.732838,-1.361727,-1.473396,-0.222689
7.168605,4.635411,7.039312,-1.248008,-1.776602,-0.187801
6.823822,5.267512,7.130296,-1.091945,-2.032669,-0.156642
6.708895,5.679336,7.139873,-0.838408,-2.272224,-0.119090
6.440731,5.564408,7.254801,-0.525748,-2.516572,-0.086732
6.258762,5.358497,7.613949,-0.212955,-2.728164,-0.059568
6.306649,4.884420,7.839016,0.208097,-2.994617,-0.013095
6.531715,4.400767,7.791129,0.474551,-3.212334,0.020994
6.641854,3.974577,8.068871,0.710244,-3.417400,0.066801
6.886075,3.174873,8.140701,0.904258,-3.633652,0.125125
7.029735,2.159680,8.289149,1.005460,-3.841915,0.191039
7.077621,1.211528,8.595623,0.992543,-4.043252,0.251627
7.293110,0.742240,8.935617,0.903592,-4.274152,0.318474
6.704106,-0.411824,8.897307,0.730751,-4.395061,0.365612
6.555658,-0.205912,9.064910,0.484138,-4.395061,0.395041
6.550869,-0.028732,9.017024,0.319952,-4.395061,0.441114
6.546081,0.244221,9.079276,0.189854,-4.395061,0.478133
6.517349,0.416612,9.074487,0.129799,-4.395061,0.479331
6.512560,0.981673,9.002657,0.136058,-4.395061,0.475070
6.675374,1.029559,8.926039,0.182797,-4.395061,0.476535
7.106353,0.962518,8.954771,0.234197,-4.395061,0.469344
7.542119,0.833225,8.983503,0.225142,-4.395061,0.446440
7.977887,0.622524,8.868576,0.203304,-4.395061,0.401299
8.653086,0.383092,8.700973,0.153635,-4.395061,0.361484
9.227724,0.047886,8.705761,0.063086,-4.395061,0.324599
9.606027,0.047886,8.662664,-0.083257,-4.395061,0.279325
9.893346,0.201123,8.375345,-0.236791,-4.395061,0.231254
10.204608,0.684777,7.728877,-0.374744,-4.395061,0.176392
10.209397,1.388708,7.379306,-0.419220,-4.395061,0.145099
10.573334,1.853207,7.091987,-0.412562,-4.395061,0.107015
10.506293,2.533195,6.953116,-0.313757,-4.395061,0.096629
10.626009,2.691220,6.919596,-0.129863,-4.395061,0.100491
10.659529,2.341649,7.024946,0.087454,-4.395061,0.103154
10.405732,1.580254,7.072832,0.325811,-4.395061,0.134713
10.118412,0.019155,7.063255,0.584008,-4.395061,0.172131
9.749687,-1.178007,7.130296,0.656980,-4.395061,0.176259
9.400115,-2.097428,7.139873,0.626619,-4.395061,0.152024
9.007446,-2.609813,6.910018,0.512368,-4.395061,0.101822
8.566890,-2.609813,6.680163,0.345385,-4.336604,0.043099
8.059294,-1.934614,6.220453,0.195181,-4.107569,-0.009633
7.527754,-0.938575,5.463847,0.143381,-3.843246,-0.047583
7.077621,-0.158025,4.568369,0.191452,-3.536978,-0.067025
6.488617,0.249010,4.012887,0.273878,-3.173984,-0.076612
5.799052,0.268164,3.481347,0.356837,-2.572500,-0.085401
5.463847,0.047886,3.040791,0.392258,-2.071418,-0.093524
5.243569,-0.186757,2.652911,0.393057,-1.582854,-0.103244
4.961039,-0.282530,3.016848,0.337928,-1.098151,-0.123085
4.702452,-0.129293,3.476558,0.228870,-0.622903,-0.147054
4.515695,0.067041,3.864439,0.143381,-0.129678,-0.159172
4.659354,0.320839,4.352880,0.077467,0.351163,-0.157840
5.056812,0.450133,5.042446,0.047240,0.809766,-0.145323
5.435115,0.909843,5.449481,-0.017210,1.245599,-0.131874
6.014541,1.915459,5.401594,-0.110289,1.654534,-0.116161
7.125507,3.375996,5.722434,-0.060620,2.146161,-0.076612
7.982675,4.621045,6.115103,0.114086,2.465079,-0.051845
8.523793,5.597929,6.613122,0.421686,2.745381,-0.037996
9.534197,6.373690,5.554831,0.769101,2.923150,-0.028142
14.380309,6.253973,-5.018503,0.888146,2.778671,-0.007502
21.946371,8.902096,-12.464850,1.579380,2.228853,0.209016
29.976932,6.584390,-6.388056,3.426843,2.196629,0.678139
30.518049,6.531715,-1.977711,4.243114,2.349496,0.761364
16.961389,5.104698,3.203605,4.243114,2.409818,0.347636
9.079276,0.622524,7.297899,4.243114,2.579863,0.087041
5.195683,-3.179662,7.858170,4.243114,2.650838,-0.010831
2.763050,-6.100737,7.278744,4.243114,2.593845,-0.052377
1.632929,-7.561274,7.661836,4.243114,2.496106,-0.062631
3.012059,-6.996214,8.533370,4.219145,2.460285,-0.099116
5.320187,-5.894825,9.021812,3.710474,2.436050,-0.182874
7.657047,-6.656220,8.389711,3.180230,2.439779,-0.285407
10.487138,-6.823822,7.455924,2.288324,2.493576,-0.407781
14.126510,-1.977711,9.318708,0.971637,2.497038,-0.601796
15.931830,2.332071,9.888557,0.500250,2.388113,-0.746141
15.606203,3.778243,8.844633,0.521689,2.198759,-0.854800
13.762573,2.217144,7.680990,0.656181,2.023254,-0.890886
11.665145,-0.344783,6.819034,0.559107,1.844953,-0.841484
9.653914,-2.059118,6.392844,0.266288,1.671712,-0.770509
8.519004,-2.514040,6.570024,-0.185258,1.562654,-0.708856
8.490272,-2.748684,6.809457,-0.665433,1.504063,-0.671838
8.993081,-2.791781,6.584390,-1.326972,1.416444,-0.641877
9.759263,-1.709547,6.129469,-1.716598,1.397135,-0.588746
10.716994,-0.076618,6.081582,-1.895033,1.367707,-0.553991
11.004312,2.288974,6.316226,-1.872662,1.327226,-0.565177
11.061776,4.151757,5.942711,-1.540428,1.307119,-0.583686
10.554180,5.286667,5.348919,-1.005524,1.278889,-0.598467
9.787996,5.923557,4.860477,-0.377408,1.242803,-0.581955
9.155895,5.875670,4.338514,0.506642,1.192868,-0.513510
9.189414,5.430326,4.410344,1.167116,1.167568,-0.449061
9.577295,3.490924,4.127814,1.641432,1.157314,-0.402455
10.161510,1.513213,3.778243,1.795365,1.134943,-0.375823
10.525447,-0.153237,3.457403,1.686574,1.107912,-0.363306
10.769668,-1.561099,3.141353,1.390292,1.077684,-0.369964
10.750514,-2.169257,2.964173,0.937681,1.021757,-0.397661
10.506293,-1.929825,2.949807,0.410234,0.955710,-0.430285
10.142355,-0.857168,2.672065,-0.231597,0.868490,-0.457583
9.878980,0.196335,2.523617,-0.611769,0.804307,-0.457450
9.773630,1.431806,2.298551,-0.867703,0.745983,-0.442137
9.725744,2.470942,2.044752,-0.989278,0.681400,-0.414573
9.740109,3.328110,2.006443,-0.975030,0.636525,-0.379551
9.797573,3.811763,1.786165,-0.871165,0.617750,-0.346128
9.701800,4.199644,1.743068,-0.678216,0.609893,-0.313238
9.615605,4.295417,1.704759,-0.411230,0.625739,-0.284475
9.572506,4.055984,1.786165,-0.127866,0.646912,-0.262104
9.596450,3.237126,1.910670,0.174674,0.680601,-0.251851
9.697011,2.308128,1.905882,0.364827,0.716421,-0.242663
9.515043,1.872361,1.862784,0.487201,0.737061,-0.232676
9.443213,1.000827,1.867572,0.597058,0.764758,-0.220825
9.328286,0.474076,1.872361,0.629016,0.795385,-0.213101
9.534197,-0.660833,1.762222,0.586538,0.832404,-0.215099
9.759263,-1.254626,1.814897,0.455908,0.874349,-0.244527
9.878980,-1.321667,1.752645,0.237526,0.889263,-0.281279
9.840671,-1.024770,1.628140,0.030329,0.917493,-0.316434
9.754475,0.119716,1.925036,-0.187255,0.939464,-0.356515
9.668279,0.881111,2.197989,-0.264222,0.943992,-0.364238
9.591661,1.407862,2.423056,-0.295248,0.948120,-0.363972
9.462368,1.757434,2.403901,-0.283130,0.968760,-0.357314
9.462368,1.800531,2.547560,-0.243582,1.001251,-0.350389
9.495888,1.503635,2.681643,-0.207629,1.036538,-0.337872
9.524621,1.101389,2.514040,-0.177534,1.071160,-0.323757
9.639548,0.593792,2.499674,-0.178999,1.103784,-0.311906
9.912501,0.196335,2.485308,-0.236791,1.136808,-0.302984
10.127989,0.124505,2.715163,-0.362227,1.165037,-0.306846
10.199819,0.306473,2.791781,-0.464361,1.179419,-0.319629
10.151933,0.392669,2.700797,-0.549983,1.197795,-0.338272
10.161510,0.531540,2.533195,-0.639600,1.213108,-0.356781
10.247706,0.694354,2.250664,-0.710308,1.236145,-0.375157
10.228551,0.885900,2.011232,-0.753319,1.266239,-0.389539
10.314747,0.972095,1.934614,-0.769431,1.294336,-0.407781
10.439251,1.690392,1.216316,-0.849860,1.302725,-0.459980
10.075315,3.419094,1.350399,-0.880753,1.332952,-0.597668
9.859826,3.251492,1.192373,-0.914043,1.380491,-0.673835
9.936444,1.795743,1.254626,-0.942938,1.455726,-0.678230
10.309958,0.052675,1.551522,-1.072903,1.524570,-0.629892
10.678684,-0.790127,1.977711,-1.253068,1.583160,-0.578759
10.712204,-0.818859,2.427844,-1.404871,1.641617,-0.552926
10.760091,-0.459710,2.983327,-1.470119,1.695414,-0.547067
11.013890,0.172391,3.524445,-1.399411,1.765323,-0.539876
11.598105,0.354360,3.778243,-1.271711,1.803407,-0.526827
11.947676,0.234644,3.787820,-1.081558,1.860799,-0.481019
12.182319,-0.033521,3.725568,-0.883283,1.924316,-0.426024
12.498371,-0.301685,3.749511,-0.717498,1.993160,-0.373559
12.527102,-0.512385,3.644161,-0.581808,2.014998,-0.338139
12.474427,-0.603370,3.519656,-0.456238,2.038434,-0.318165
12.321190,-0.723086,3.409517,-0.331601,2.067863,-0.295927
12.311613,-0.814070,3.246703,-0.268483,2.096226,-0.280880
12.330767,-0.919420,2.940229,-0.232796,2.131646,-0.264368
12.436118,-1.077446,2.796570,-0.209226,2.175190,-0.254248
12.594143,-1.350399,2.557138,-0.209759,2.227122,-0.253316
12.785689,-1.723913,2.049541,-0.229467,2.287044,-0.264634
12.972446,-2.379958,1.728702,-0.292851,2.373066,-0.284875
13.298074,-2.178835,0.919420,-0.533072,2.449233,-0.304716
14.365942,-0.905054,-0.134082,-0.796862,2.499301,-0.315501
15.625357,-1.178007,-0.114928,-0.928291,2.546973,-0.286606
17.310960,-1.623351,-1.417440,-1.081558,2.604897,-0.243062
18.632627,-1.838841,-3.026425,-1.190084,2.638720,-0.211770
19.326980,-1.757434,-3.988943,-1.319515,2.654433,-0.233209
19.355712,-1.661661,-5.047235,-1.558671,2.664686,-0.336008
18.881637,-1.288146,-5.641026,-1.789836,2.652036,-0.443468
17.971794,-0.756606,-5.516522,-2.049232,2.627135,-0.555589
17.066740,-0.134082,-4.874843,-2.395582,2.591315,-0.651597
16.132953,1.326455,-4.017675,-2.887875,2.504095,-0.726833
15.414656,3.270646,-2.485308,-3.316118,2.392374,-0.753332
14.629319,6.507772,0.229855,-3.327436,2.166401,-0.681825
13.590182,9.050544,2.399112,-2.666962,1.933904,-0.557453
12.297247,9.993907,5.497367,-1.724588,1.788493,-0.415771
10.257284,10.621220,10.376999,-0.898330,1.873316,-0.264901
9.850248,10.827133,12.474427,0.049770,2.116599,-0.150117
10.477561,9.040966,12.072180,0.648458,2.276125,-0.095388
13.403425,7.135085,9.606027,0.657912,2.269068,-0.035333
18.077144,5.334553,5.119064,0.916908,1.926180,0.189042
19.614299,5.162162,4.544426,1.149938,1.591549,0.311816
18.761920,5.147796,6.067216,1.516528,1.292871,0.330325
16.707590,3.787820,7.005791,1.752355,0.944258,0.308753
14.274958,2.729529,7.738454,1.817204,0.536256,0.273066
11.636414,2.016021,8.753648,1.821598,0.180851,0.215674
9.831093,1.738279,9.716166,1.743832,-0.015427,0.107015
8.724916,1.661661,9.893346,1.495356,-0.179214,-0.013628
7.906057,1.297723,8.892518,1.064050,-0.461513,-0.129344
7.647470,0.948152,8.126335,0.805187,-0.685355,-0.171689
7.910845,0.881111,7.680990,0.582277,-0.904936,-0.180344
8.308303,1.230682,7.527754,0.387064,-1.142094,-0.167428
8.523793,2.030386,7.513388,0.279871,-1.396563,-0.143192
8.399288,2.418267,8.064083,0.271481,-1.653961,-0.110568
8.030562,2.413478,8.897307,0.213424,-1.891652,-0.084735
7.561274,2.418267,9.198992,0.159494,-2.142260,-0.051445
7.125507,1.963345,9.112796,0.133927,-2.407914,-0.016024
6.373690,1.618563,9.443213,0.115817,-2.780762,0.036307
6.349746,0.751818,9.601239,0.175606,-3.019917,0.086109
6.426365,0.349571,9.706589,0.134193,-3.249219,0.134580
6.426365,0.033521,9.510254,0.060290,-3.460944,0.162011
6.728050,-0.076618,9.457579,-0.012815,-3.661749,0.160546
5.770320,0.411824,9.543775,-0.150769,-3.909294,0.168535
5.162162,-0.459710,9.510254,-0.243315,-4.037793,0.197298
5.688913,-0.699142,9.610816,-0.446651,-4.174948,0.138708
5.492578,-0.282530,9.620393,-0.645459,-4.387072,0.071595
5.435115,0.373515,9.476734,-0.748525,-4.395061,0.035109
5.554831,0.861956,9.361806,-0.782081,-4.395061,-0.022150
5.822995,1.331244,9.371383,-0.707511,-4.395061,-0.078477
5.765532,1.599408,9.266034,-0.557706,-4.395061,-0.136534
5.894825,1.450960,9.323497,-0.369152,-4.395061,-0.180211
5.851727,1.173219,9.309131,-0.196443,-4.395061,-0.220159
6.186933,0.665622,9.443213,-0.051831,-4.395061,-0.274488
6.191721,0.057464,9.548563,0.030994,-4.395061,-0.352121
6.201298,-0.311262,9.697011,0.057760,-4.395061,-0.409246
5.981020,-0.550694,9.998696,0.073206,-4.395061,-0.452790
5.779897,-0.718297,10.113624,0.067880,-4.395061,-0.481552
5.813418,-0.512385,9.993907,0.033791,-4.395061,-0.482218
6.014541,-0.502808,9.883769,-0.012815,-4.395061,-0.478756
5.995387,-0.268164,9.859826,-0.047304,-4.395061,-0.472764
5.597929,0.134082,10.013062,-0.024267,-4.395061,-0.433481
5.301033,0.459710,10.013062,0.071209,-4.395061,-0.333212
5.760743,0.359149,9.754475,0.205967,-4.395061,-0.223754
5.775109,0.196335,9.553352,0.421553,-4.395061,-0.047450
6.062427,0.316051,9.649125,0.535937,-4.395061,0.125392
6.421576,0.383092,9.673069,0.553648,-4.395061,0.282787
6.335381,0.282530,9.744898,0.496389,-4.395061,0.451900
5.942711,0.004789,9.768841,0.372284,-4.395061,0.650575
6.301860,-0.675199,9.409692,0.195580,-4.395061,0.834070
6.555658,-1.077446,8.839843,-0.016677,-4.395061,0.963235
7.398460,-1.273780,8.164645,-0.245180,-4.182405,1.020627
7.748032,-1.178007,7.590006,-0.424946,-3.976406,1.024622
8.092815,-0.909843,6.938750,-0.515761,-3.730593,1.017564
8.226897,-0.785338,6.244396,-0.435998,-3.416868,0.977083
7.977887,-1.077446,6.201298,-0.301240,-3.159469,0.941396
7.891691,-1.225894,5.866093,-0.212156,-2.908596,0.895989
7.771975,-1.637717,5.569197,-0.114283,-2.679028,0.854177
7.269167,-1.824475,5.257935,-0.109889,-2.466771,0.792524
6.771147,-1.197162,4.295417,-0.117213,-2.196589,0.715557
6.675374,-0.359149,3.481347,-0.067544,-1.936261,0.618350
6.215664,0.857168,3.677681,-0.094043,-1.651032,0.501835
6.244396,3.562754,2.968961,-0.011351,-1.204812,0.367610
6.000175,5.473424,3.122198,0.255369,-0.861259,0.307022
6.095948,6.474251,3.179662,0.707448,-0.469103,0.281988
6.344958,5.856516,3.356842,1.280435,-0.079343,0.279990
6.665797,3.644161,4.051196,1.817736,0.276194,0.255622
6.790302,0.579426,4.975405,2.186856,0.648376,0.228591
6.842977,-3.040791,5.162162,2.163020,1.016165,0.155486
6.953116,-6.373690,4.980193,1.764073,1.377827,0.058279
7.250012,-8.274784,4.702452,0.942076,1.709263,-0.053576
7.671413,-7.130296,4.482174,-0.129064,1.968259,-0.209639
7.862959,-2.030386,4.965827,-1.382100,2.199824,-0.416437
7.839016,2.619390,6.139046,-1.961746,2.374397,-0.508450
8.653086,7.111141,3.026425,-2.625549,2.575602,-0.549730
12.464850,14.188763,-1.541944,-2.555108,2.635258,-0.375157
16.401117,23.507469,-3.907536,-1.544689,2.440311,-0.063563
21.553701,29.454969,-3.519656,0.750858,2.283715,0.243904
22.487487,26.969661,-0.512385,3.932052,2.215005,0.408357
16.994909,13.671588,3.529233,4.243114,2.448567,0.325265
13.571027,3.639372,3.797397,4.243114,2.670279,0.097428
12.694705,-6.512560,4.391190,4.243114,2.800376,-0.073683
13.671588,-18.168128,4.448653,4.243114,2.864027,0.010075
16.851249,-24.833925,1.728702,4.151233,2.826875,0.209416
18.278266,-21.548913,1.805320,1.753819,2.692384,0.145499
18.709245,-18.010103,4.276262,0.131397,2.523536,-0.040526
17.536026,-13.465677,6.062427,-1.286891,2.266404,-0.309110
15.400291,-8.873364,5.267512,-1.952025,1.984638,-0.393001
12.038661,-4.846111,5.219625,-2.216482,1.717386,-0.456651
9.103219,-1.498847,6.263551,-2.179463,1.497805,-0.536680
6.445519,2.375169,7.130296,-1.801155,1.380757,-0.607788
5.487790,5.095121,7.331419,-1.015111,1.392475,-0.588080
6.162989,5.478213,7.034523,-0.021071,1.426830,-0.531221
8.188588,4.051196,6.225242,1.151936,1.457723,-0.502325
9.673069,1.810109,6.028907,1.610406,1.450799,-0.524563
10.716994,-0.818859,6.048062,1.629182,1.399133,-0.566508
11.310786,-2.825302,5.827784,1.241952,1.323365,-0.607122
11.420925,-3.275435,5.353708,0.540598,1.186077,-0.624965
10.980369,-2.399112,4.558792,-0.233994,1.043729,-0.601130
10.539813,-0.632101,4.166123,-0.850126,0.931741,-0.541874
10.688261,2.197989,3.701624,-1.296878,0.848782,-0.432949
10.784034,3.998521,3.352053,-1.316053,0.792322,-0.355982
10.946848,4.946673,2.854034,-1.150668,0.757834,-0.296726
10.942060,5.262723,2.317705,-0.869567,0.728672,-0.267697
10.535025,5.023291,1.709547,-0.554910,0.698844,-0.267697
10.008274,4.678508,1.326455,-0.287391,0.681666,-0.268629
9.649125,4.338514,0.991250,-0.041045,0.677405,-0.256645
9.471945,3.912325,0.718297,0.289724,0.675807,-0.232276
9.333074,3.093466,0.411824,0.522355,0.677006,-0.177681
9.294765,2.767838,0.483653,0.586804,0.689789,-0.144657
9.400115,2.423056,0.373515,0.663372,0.708032,-0.119224
9.572506,2.107005,0.541117,0.696928,0.722413,-0.106840
9.725744,2.083062,0.694354,0.675223,0.731735,-0.105908
9.802362,2.236298,0.967307,0.638071,0.729338,-0.108438
9.874192,2.317705,1.407862,0.621027,0.723345,-0.106973
9.998696,2.303339,1.613774,0.617831,0.722014,-0.107772
10.056160,2.193201,1.652083,0.635275,0.707499,-0.112299
9.974753,1.872361,1.771800,0.679084,0.695116,-0.111367
9.931655,1.546733,1.814897,0.677886,0.685395,-0.110968
9.922078,1.249837,1.896304,0.679750,0.679136,-0.109370
9.706589,0.943364,1.666449,0.690270,0.697912,-0.112166
9.677857,0.493231,1.556310,0.735278,0.743453,-0.110302
9.740109,-0.134082,1.518001,0.761111,0.789526,-0.108304
9.864614,-0.770972,1.383919,0.736743,0.822417,-0.104842
10.032217,-1.383919,1.278569,0.640601,0.839062,-0.104043
10.051371,-1.436594,1.221105,0.490796,0.851978,-0.116693
10.046583,-1.225894,0.967307,0.342988,0.872352,-0.134803
9.950810,-0.373515,0.732663,0.235262,0.887132,-0.154910
9.778418,0.818859,0.550694,0.217019,0.909770,-0.179412
9.529409,1.604197,0.574638,0.272680,0.922686,-0.185670
9.601239,2.102216,0.761395,0.411566,0.948120,-0.191796
9.697011,2.107005,0.857168,0.568695,0.972754,-0.193261
9.601239,1.834052,1.168430,0.648324,1.004580,-0.204845
9.409692,1.292935,1.613774,0.668831,1.054115,-0.224819
9.299553,0.708720,1.987289,0.602118,1.095128,-0.238136
9.309131,0.354360,2.432633,0.457506,1.126687,-0.242530
9.476734,0.330417,2.777415,0.280536,1.147727,-0.246125
9.615605,0.498019,3.088678,0.110491,1.159844,-0.252384
9.658702,0.474076,3.471769,-0.064082,1.166902,-0.267298
9.601239,0.450133,3.519656,-0.183127,1.166502,-0.282611
9.553352,0.526751,3.466981,-0.273143,1.170364,-0.296326
9.558140,0.445344,3.605851,-0.312825,1.165437,-0.309376
9.663491,0.172391,3.538810,-0.335995,1.170098,-0.320695
9.744898,-0.129293,3.270646,-0.366355,1.164505,-0.335342
9.802362,-0.579426,3.179662,-0.410298,1.164372,-0.356781
9.706589,-0.742240,2.949807,-0.511100,1.161975,-0.382082
9.629970,-0.646467,2.825302,-0.613767,1.165037,-0.399526
9.548563,-0.071830,2.676854,-0.748125,1.178087,-0.415372
9.500677,0.498019,2.614601,-0.800191,1.186077,-0.422962
9.443213,0.986461,2.763050,-0.814306,1.205785,-0.428288
9.510254,1.374342,2.772627,-0.799259,1.226691,-0.434813
9.567718,1.565888,3.050368,-0.767167,1.246931,-0.444134
9.610816,1.594620,3.246703,-0.759311,1.264908,-0.455719
9.673069,1.714336,3.237126,-0.762240,1.283017,-0.478489
9.754475,1.747856,3.572331,-0.796862,1.306054,-0.510181
9.979541,2.528406,3.184451,-0.890074,1.297266,-0.562513
10.147145,2.705586,3.275435,-0.945602,1.297931,-0.612981
10.424886,2.107005,3.002482,-0.984218,1.307785,-0.622302
10.472772,1.067868,2.988116,-1.042276,1.321101,-0.615777
10.405732,0.526751,2.882766,-1.155462,1.341208,-0.604858
10.247706,0.459710,2.901920,-1.246677,1.365976,-0.592874
10.180665,0.622524,2.911498,-1.283429,1.405125,-0.578093
10.132779,0.804493,3.055157,-1.257995,1.452397,-0.559318
10.099258,1.110966,3.285012,-1.135754,1.525635,-0.534417
10.228551,1.235471,3.428672,-1.006589,1.584891,-0.516839
10.424886,1.077446,3.749511,-0.859713,1.643482,-0.497664
10.611643,0.885900,4.094294,-0.732945,1.696213,-0.474361
10.831921,0.545906,4.395978,-0.636803,1.751208,-0.451058
10.994735,0.153237,4.592313,-0.574618,1.790091,-0.425891
11.186281,-0.272953,4.659354,-0.559437,1.826044,-0.398593
11.454445,-0.488442,4.467808,-0.608574,1.855206,-0.365437
11.622048,-0.191546,4.180489,-0.731081,1.869055,-0.337473
12.167954,1.857995,3.447826,-0.915774,1.892091,-0.310575
12.900616,2.796570,4.118237,-0.848128,1.929776,-0.266499
13.949331,2.418267,3.893170,-0.724556,1.995956,-0.215099
14.897482,1.273780,2.609813,-0.534004,2.065599,-0.157973
15.457755,-0.124505,1.518001,-0.380603,2.131646,-0.124284
16.104221,-1.551522,-0.301685,-0.355569,2.240705,-0.148918
16.477735,-2.394324,-1.757434,-0.422283,2.326193,-0.201383
16.889558,-3.040791,-2.758261,-0.553712,2.415810,-0.275820
17.272651,-3.481347,-3.299378,-0.735342,2.509288,-0.363839
17.540815,-3.687258,-3.687258,-0.961581,2.592114,-0.467437
17.526449,-3.605851,-3.701624,-1.222175,2.668681,-0.585550
17.670108,-2.490097,-3.538810,-1.829785,2.752172,-0.761721
17.564758,-1.168430,-3.696836,-1.974929,2.749775,-0.800870
17.277439,0.636890,-2.154891,-2.282130,2.785329,-0.854800
16.554353,2.327283,-1.015193,-2.574150,2.680932,-0.873176
15.764227,3.783031,-0.536328,-2.724754,2.616083,-0.871179
15.141703,6.397633,0.196335,-2.808378,2.315807,-0.883429
13.096951,8.202954,3.136564,-2.576280,1.842689,-0.866118
9.031390,8.337036,11.277265,-1.810743,1.731101,-0.769311
8.217319,8.428020,9.840671,-1.241483,1.842156,-0.645339
7.259590,7.743243,8.672241,-0.586602,1.799412,-0.532819
7.020157,5.425538,7.412826,-0.388194,1.669981,-0.381682
8.835055,4.041618,5.392017,-0.104829,1.530695,-0.215765
10.736148,4.285840,5.152585,0.212492,1.331221,-0.136002
12.570199,4.644988,6.857343,0.489198,1.191004,-0.116294
13.853557,4.199644,7.417615,0.720897,1.032943,-0.125882
12.733014,2.868400,7.446347,0.934752,0.736262,-0.175683
11.143183,2.130948,7.125507,0.937948,0.488851,-0.244394
9.840671,2.379958,6.584390,0.758980,0.191371,-0.307778
8.911673,2.892343,6.402421,0.638471,-0.084803,-0.343465
8.360979,3.639372,6.531715,0.549919,-0.335543,-0.372494
7.594795,4.209221,7.240435,0.602517,-0.528359,-0.394998
6.905230,4.702452,7.915634,0.727155,-0.674968,-0.415771
6.407210,4.822168,8.246051,0.914511,-0.831698,-0.430552
5.856516,4.103871,8.633932,1.192683,-1.058336,-0.426424
5.669758,2.978539,8.993081,1.347015,-1.236638,-0.401656
5.684124,1.532367,9.313920,1.406538,-1.448229,-0.360909
5.473424,0.234644,9.491100,1.311861,-1.684588,-0.309776
5.186105,-0.924209,9.663491,1.089750,-1.921347,-0.248921
4.769493,-1.886727,9.649125,0.778156,-2.154643,-0.171555
4.391190,-2.475731,9.639548,0.409568,-2.348658,-0.065427
4.209221,-2.542772,9.845459,-0.003760,-2.534416,0.068532
3.998521,-2.039964,9.811939,-0.425345,-2.694607,0.221533
3.797397,-0.603370,10.060949,-0.820564,-2.892883,0.442313
3.965000,0.000000,10.104046,-1.016177,-3.021382,0.588256
3.893170,1.249837,10.108835,-1.108590,-3.170655,0.688126
3.907536,2.322494,10.252494,-1.028028,-3.272389,0.756703
3.744722,3.371208,10.262072,-0.785277,-3.370395,0.809834
3.773454,4.041618,10.276438,-0.419753,-3.440038,0.833670
3.816552,4.209221,10.070526,0.000368,-3.503155,0.825015
3.993732,3.921902,9.883769,0.461368,-3.567605,0.788129
4.161334,3.079100,9.955598,0.933154,-3.658287,0.753774
4.568369,2.413478,9.974753,1.185892,-3.720206,0.758834
5.133430,1.829263,9.888557,1.354206,-3.813818,0.789594
5.669758,1.613774,9.826305,1.422251,-3.878933,0.831007
5.942711,1.498847,9.883769,1.479909,-3.924740,0.886002
6.268340,1.733490,9.711378,1.536902,-3.939388,0.963501