9.289977,2.111793,4.017675,-0.003290,0.000790,-0.000967
9.275610,2.092639,4.060773,0.000971,-0.000675,-0.001233
9.266034,2.083062,4.041618,0.001237,0.001455,-0.000967
9.280399,2.073484,4.012887,-0.003424,0.001722,0.000498
9.275610,2.078273,4.041618,-0.010082,-0.006800,0.001297
9.242090,2.063907,4.055984,-0.009815,-0.009331,0.000498
9.232513,2.049541,4.022464,-0.013411,-0.005735,-0.000168
9.242090,2.059118,4.070350,-0.021001,-0.002673,-0.002298
9.251667,2.078273,4.041618,-0.027792,0.000124,-0.004828
9.242090,2.087850,4.075139,-0.032186,0.000923,-0.007891
9.242090,2.083062,4.118237,-0.036980,0.002521,-0.008157
9.246878,2.121371,4.118237,-0.040442,0.005051,-0.007758
9.232513,2.150103,4.137392,-0.034317,0.006516,-0.005095
9.246878,2.150103,4.084716,-0.025395,0.008646,-0.004163
9.270822,2.145314,4.060773,-0.020601,0.009179,-0.001366
9.266034,2.130948,4.075139,-0.012478,0.006249,-0.000434
9.261244,2.092639,4.055984,-0.002625,0.003719,-0.000967
9.246878,2.059118,4.046407,-0.001559,0.005184,-0.001766
9.275610,2.049541,4.032041,-0.006619,0.004784,-0.002432
9.313920,2.049541,3.984155,-0.015408,-0.000009,-0.003230
9.309131,2.054330,4.008098,-0.029656,-0.005602,-0.001899
9.309131,2.030386,3.993732,-0.034983,-0.006934,-0.002432
9.313920,2.030386,3.969789,-0.034583,-0.007866,-0.005095
9.299553,2.054330,4.012887,-0.032053,-0.009331,-0.004163
9.261244,2.068696,4.027253,-0.020335,-0.001607,-0.004562
9.280399,2.097428,4.041618,-0.016473,0.005850,-0.003763
9.270822,2.121371,4.108659,-0.016074,0.005983,-0.004296
9.246878,2.145314,4.089505,-0.017272,0.004385,-0.005361
9.242090,2.178835,4.103871,-0.017539,0.002787,-0.004828
9.237301,2.174046,4.113448,-0.018204,-0.001075,-0.004562
9.227724,2.145314,4.065562,-0.018604,-0.001607,-0.002432
9.218147,2.107005,4.075139,-0.020335,-0.001740,-0.001100
9.222935,2.063907,4.051196,-0.021400,-0.000142,-0.000035
9.232513,2.030386,4.008098,-0.025928,0.002654,-0.001633
9.251667,2.030386,4.017675,-0.029922,0.005184,-0.003630
9.261244,2.025598,3.998521,-0.031121,0.007314,-0.003763
9.289977,2.049541,3.979366,-0.027126,0.010910,-0.004562
9.299553,2.083062,3.993732,-0.023664,0.010643,-0.002165
9.313920,2.097428,3.993732,-0.018071,0.011309,-0.000834
9.328286,2.121371,4.051196,-0.017139,0.005583,-0.001100
9.299553,2.126159,4.075139,-0.020601,-0.002539,-0.000967
9.304343,2.126159,4.084716,-0.022599,-0.008398,-0.000301
9.280399,2.135737,4.127814,-0.023264,-0.015855,-0.001233
9.242090,2.116582,4.123025,-0.026327,-0.018519,-0.002298
9.213358,2.078273,4.055984,-0.030455,-0.017586,-0.003097
9.203781,2.035175,4.070350,-0.038578,-0.016388,-0.003364
9.194204,2.011232,4.008098,-0.046434,-0.014257,-0.004429
9.227724,1.992077,4.012887,-0.061348,-0.017453,-0.005894
9.251667,2.001655,4.036830,-0.081189,-0.024511,-0.008157
9.275610,2.054330,4.012887,-0.100098,-0.033299,-0.010821
9.289977,2.054330,4.113448,-0.118074,-0.049145,-0.015614
9.318708,2.054330,4.214010,-0.137249,-0.071649,-0.018278
9.242090,2.011232,4.319360,-0.174135,-0.099347,-0.021740
9.213358,1.977711,4.386401,-0.197837,-0.110266,-0.026134
9.189414,1.925036,4.343303,-0.213683,-0.115592,-0.024936
9.179838,1.848418,4.218798,-0.225268,-0.118255,-0.025735
9.203781,1.819686,4.142180,-0.244976,-0.118122,-0.025601
9.242090,1.862784,4.003309,-0.259357,-0.119321,-0.026400
9.318708,1.905882,3.864439,-0.270809,-0.131172,-0.026933
9.333074,1.925036,3.759088,-0.279065,-0.148882,-0.031993
9.448001,1.987289,3.644161,-0.291183,-0.176580,-0.043178
9.476734,2.006443,3.663315,-0.298373,-0.201614,-0.051168
9.443213,2.020809,3.730356,-0.296908,-0.209736,-0.057427
9.400115,1.987289,3.749511,-0.284658,-0.198285,-0.055829
9.357017,1.996866,3.864439,-0.280530,-0.176180,-0.051301
9.313920,2.054330,3.998521,-0.291183,-0.154475,-0.045575
9.251667,2.150103,4.065562,-0.309958,-0.139428,-0.038385
9.184626,2.279396,4.036830,-0.319945,-0.126778,-0.031594
9.098430,2.346437,3.969789,-0.294512,-0.106271,-0.026134
8.969137,2.351226,3.950634,-0.271874,-0.088428,-0.023071
8.863787,2.327283,3.993732,-0.251101,-0.060331,-0.016546
8.863787,2.322494,3.917114,-0.221007,-0.036362,-0.009090
8.906885,2.269819,3.840495,-0.186386,-0.011861,-0.003097
9.103219,2.154891,3.730356,-0.155759,0.005850,0.001563
9.299553,2.006443,3.514867,-0.128727,0.017035,0.003294
9.524621,1.800531,3.356842,-0.109419,0.019166,0.003960
9.716166,1.594620,3.131775,-0.103560,0.017035,0.001297
9.869402,1.369553,3.012059,-0.113547,0.010777,-0.003097
10.017850,1.240260,2.844457,-0.156425,-0.003072,-0.012285
10.084892,1.240260,2.753472,-0.195973,-0.011461,-0.019875
10.132779,1.350399,2.719952,-0.230062,-0.022913,-0.026134
10.099258,1.532367,2.715163,-0.250036,-0.036495,-0.031194
10.037006,1.743068,2.628968,-0.254963,-0.044884,-0.036121
9.969964,2.001655,2.667277,-0.249237,-0.056869,-0.040515
9.855037,2.226721,2.657699,-0.234057,-0.072715,-0.046241
9.673069,2.466153,2.696008,-0.206360,-0.085365,-0.051301
9.448001,2.763050,2.758261,-0.147236,-0.100146,-0.055562
9.318708,2.901920,2.791781,-0.103160,-0.108002,-0.056628
9.208569,3.050368,2.796570,-0.060017,-0.108002,-0.056761
9.175049,3.174873,2.810936,-0.008084,-0.102543,-0.055829
9.165472,3.241914,2.739106,0.053169,-0.096151,-0.052633
9.194204,3.280223,2.691220,0.120815,-0.086563,-0.048239
9.270822,3.304167,2.619390,0.194985,-0.072315,-0.038118
9.337862,3.289801,2.499674,0.281006,-0.058733,-0.023604
9.428847,3.241914,2.446999,0.376083,-0.039425,-0.005095
9.572506,3.165296,2.360803,0.517765,-0.017187,0.028328
9.697011,3.126987,2.217144,0.631484,-0.000675,0.057091
9.845459,3.074312,2.174046,0.745202,0.006382,0.087452
9.955598,3.098255,2.054330,0.860519,0.003453,0.119277
10.099258,3.146141,2.001655,0.969311,-0.010529,0.151368
10.266860,3.184451,1.996866,1.068382,-0.042221,0.182395
10.367423,3.265857,1.934614,1.145348,-0.095485,0.211823
10.506293,3.414306,1.958557,1.208733,-0.151279,0.234194
10.654741,3.543599,1.972923,1.275579,-0.225050,0.260826
10.798400,3.433460,1.915459,1.371587,-0.328116,0.294116
10.908539,3.251492,1.881938,1.422721,-0.404550,0.309962
11.037833,3.184451,1.786165,1.468661,-0.472328,0.328604
11.109663,3.165296,1.599408,1.491565,-0.544767,0.345649
11.167126,3.174873,1.403074,1.510473,-0.620935,0.366955
11.301208,2.901920,1.120543,1.502351,-0.692841,0.383466
11.612470,2.437422,0.938575,1.464799,-0.772471,0.401709
11.928522,1.891516,0.756606,1.370389,-0.851035,0.411031
12.292458,2.063907,0.651256,1.200477,-0.982464,0.414360
12.378654,2.360803,0.617735,1.093949,-1.109899,0.409033
12.512736,2.552349,0.517174,1.005930,-1.242393,0.393587
12.618086,2.834879,0.402246,0.935621,-1.371159,0.376808
12.800055,3.112621,0.450133,0.899668,-1.491669,0.360297
12.986812,3.179662,0.502808,0.899135,-1.608050,0.344717
13.087374,3.289801,0.589004,0.913650,-1.727096,0.330336
13.106529,3.165296,0.679988,0.922039,-1.866914,0.319550
12.867096,2.796570,0.866745,0.852529,-2.038157,0.300108
12.613298,2.590658,1.134909,0.703390,-2.108067,0.280001
12.436118,2.935441,1.589831,0.566102,-2.113925,0.267351
12.440906,2.964173,1.948979,0.566368,-2.106069,0.263889
12.335556,2.394324,2.164469,0.680220,-2.122714,0.263356
12.086546,1.494058,2.236298,0.793540,-2.142821,0.260293
11.842326,0.464499,2.159680,0.846005,-2.169586,0.253103
11.334729,0.205912,2.169257,0.832422,-2.223117,0.260693
10.635586,-0.474076,2.547560,0.886219,-2.272652,0.279335
10.008274,-1.604197,2.820513,0.886752,-2.296222,0.291187
9.275610,-1.958557,3.002482,0.752127,-2.285835,0.300907
8.744071,-1.838841,2.815725,0.593533,-2.210733,0.308098
8.686607,-1.561099,2.408690,0.452650,-2.049077,0.299442
8.993081,-0.718297,2.030386,0.310302,-1.842412,0.270547
9.448001,-0.402246,1.685604,0.200311,-1.644803,0.231930
9.629970,-0.043098,1.513213,0.090987,-1.494332,0.189319
9.625182,0.392669,1.436594,0.022809,-1.373156,0.160423
9.400115,0.708720,1.312089,-0.051361,-1.238931,0.127799
9.256456,0.871534,1.383919,-0.091975,-1.129606,0.097705
8.858998,1.441383,1.388708,-0.115012,-1.059564,0.072404
8.772803,1.680815,1.245048,-0.083852,-0.966751,0.068809
8.715339,1.738279,1.259414,-0.069604,-0.914952,0.062817
8.619565,2.049541,1.091812,-0.069205,-0.912689,0.048036
8.428020,2.174046,0.708720,-0.047233,-0.932130,0.039780
8.332247,2.183623,0.272953,-0.053359,-0.918148,0.024067
8.380133,2.279396,-0.047886,-0.093972,-0.905897,0.007822
8.327458,2.356014,-0.148448,-0.143774,-0.911623,-0.003230
8.102392,2.379958,-0.067041,-0.182124,-0.916550,-0.001366
7.920423,2.360803,-0.014366,-0.173070,-0.884725,0.011284
7.877325,2.466153,0.033521,-0.147103,-0.830529,0.021005
8.001831,2.638545,-0.191546,-0.115012,-0.786985,0.022336
8.169433,2.696008,-0.450133,-0.091709,-0.759554,0.015146
8.404077,2.672065,-0.550694,-0.081056,-0.745706,0.007289
8.571680,2.542772,-0.689565,-0.060949,-0.740379,0.005025
8.758437,2.351226,-0.656045,-0.047100,-0.762084,0.010219
8.413654,1.987289,-0.651256,-0.061348,-0.803098,0.018741
8.111969,1.786165,-0.713508,-0.081455,-0.766745,0.033122
8.059294,1.642506,-0.761395,-0.081455,-0.707622,0.045373
8.116758,1.623351,-0.991250,-0.079991,-0.667274,0.043908
8.226897,1.656872,-1.316878,-0.083453,-0.643172,0.035519
8.480695,1.699970,-1.398285,-0.089445,-0.631987,0.028728
8.691395,1.714336,-1.422228,-0.082920,-0.629723,0.027796
8.820689,1.676027,-1.379130,-0.071868,-0.617206,0.034054
8.988291,1.527578,-1.379130,-0.068006,-0.602026,0.029127
8.882942,1.494058,-1.518001,-0.125531,-0.580854,0.006623
8.576468,1.518001,-1.728702,-0.176798,-0.599895,-0.025202
8.293938,1.522790,-1.972923,-0.226467,-0.587512,-0.049703
8.638720,1.881938,-2.265030,-0.299572,-0.540240,-0.060889
9.108008,1.838841,-2.533195,-0.305164,-0.600561,-0.073140
9.323497,1.929825,-2.743895,-0.298107,-0.649298,-0.071408
9.744898,1.767011,-2.681643,-0.268812,-0.596167,-0.055962
10.099258,1.575465,-2.432633,-0.259890,-0.503621,-0.039317
10.094470,1.580254,-2.265030,-0.266415,-0.402286,-0.046907
9.759263,1.623351,-2.308128,-0.259091,-0.347690,-0.060889
9.433636,1.647295,-2.384746,-0.233657,-0.308941,-0.076602
9.179838,1.604197,-2.628968,-0.193976,-0.283507,-0.087787
9.036178,1.585042,-2.820513,-0.136051,-0.269925,-0.089918
9.040966,1.570676,-3.021636,-0.077727,-0.260470,-0.075936
9.103219,1.666449,-3.270646,-0.022865,-0.251948,-0.055829
9.222935,1.848418,-3.342476,0.037323,-0.233039,-0.018278
9.227724,2.006443,-3.174873,0.075940,-0.211201,0.005425
9.304343,2.217144,-3.021636,0.116154,-0.179509,0.024067
9.323497,2.461365,-2.858823,0.170084,-0.153942,0.037517
9.361806,2.614601,-2.791781,0.257837,-0.125047,0.047104
9.361806,2.566715,-2.820513,0.361169,-0.099746,0.054428
9.366595,2.408690,-2.767838,0.439733,-0.086697,0.055893
9.299553,2.174046,-2.734318,0.500454,-0.091623,0.053096
9.084065,1.781377,-2.576292,0.541334,-0.098415,0.048569
8.858998,1.283357,-2.332071,0.568632,-0.064192,0.050699
8.868576,0.933786,-2.255453,0.586342,-0.007466,0.062151
8.854209,0.703931,-2.092639,0.585144,0.038740,0.077465
8.772803,0.651256,-2.044752,0.571961,0.088143,0.093044
8.729704,0.670411,-2.087850,0.554783,0.146067,0.102499
8.787168,0.761395,-2.107005,0.536008,0.210517,0.106094
8.858998,0.809281,-2.145314,0.530948,0.266178,0.098371
8.868576,0.708720,-2.169257,0.527352,0.326499,0.079995
8.854209,0.545906,-2.188412,0.500055,0.401601,0.048169
8.949982,0.373515,-2.308128,0.479415,0.462056,0.001164
8.791957,0.148448,-2.298551,0.381675,0.525440,-0.052633
8.471117,-0.234644,-2.183623,0.216291,0.620117,-0.138654
8.121546,-0.435767,-2.145314,0.082731,0.691358,-0.205501
7.815073,-0.493231,-2.087850,-0.048565,0.762332,-0.281668
8.073660,-0.517174,-2.528406,-0.187051,0.840364,-0.358235
9.586873,-0.632101,-3.299378,-0.351770,0.923589,-0.423084
12.402597,-0.407035,-3.763877,-0.587597,0.949156,-0.472087
15.543950,0.536328,-3.759088,-0.884677,0.783238,-0.519758
18.038835,1.814897,-3.083889,-1.213982,0.478568,-0.573955
19.264728,3.519656,-2.202778,-1.510529,0.144469,-0.642665
18.120241,4.166123,-2.365592,-1.489357,0.052855,-0.702055
15.792960,4.180489,-2.509251,-1.339285,0.088276,-0.781951
13.096951,4.055984,-2.130948,-1.055921,0.183618,-0.848531
10.262072,3.596274,-1.149275,-0.666161,0.324235,-0.868771
7.920423,2.633756,0.526751,-0.356165,0.515986,-0.869570
6.321014,1.757434,2.370380,-0.285590,0.656070,-0.872233
4.223587,0.660833,4.218798,-0.526743,0.710666,-0.873432
3.217971,-0.071830,5.138219,-0.904651,0.728376,-0.874896
3.179662,-0.617735,5.229203,-1.234755,0.731173,-0.862113
4.046407,-0.857168,4.362458,-1.375905,0.770588,-0.810713
5.856516,-0.550694,3.227548,-1.335158,0.866330,-0.700057
7.968309,-0.253798,2.657699,-1.278565,0.999623,-0.566231
9.965176,0.627313,3.126987,-1.401871,1.157684,-0.447053
11.559795,2.006443,4.003309,-1.617590,1.250630,-0.351444
12.565411,4.233164,4.850900,-1.687233,1.230123,-0.274211
12.354711,5.037657,4.769493,-1.480968,1.135313,-0.262759
11.645991,5.138219,4.252319,-1.184021,1.048360,-0.267953
10.707416,4.807802,3.759088,-0.898659,1.004817,-0.252373
9.859826,4.300205,3.648949,-0.672553,1.006681,-0.218151
9.251667,3.548388,3.586697,-0.532868,1.048227,-0.169547
8.643509,2.696008,3.505290,-0.483732,1.086976,-0.098040
8.274784,2.130948,3.476558,-0.513560,1.142504,-0.011220
8.116758,1.795743,3.294589,-0.629276,1.216674,0.107559
8.107180,1.968134,3.136564,-0.775086,1.258353,0.173207
8.102392,2.446999,3.251492,-0.930085,1.288581,0.208894
8.164645,3.040791,3.380785,-1.056054,1.311085,0.218481
8.222108,3.783031,3.553176,-1.141543,1.334521,0.197841
8.246051,4.324149,3.534022,-1.173368,1.367411,0.154165
8.418442,4.697663,3.553176,-1.141942,1.410955,0.091180
8.542947,4.755127,3.514867,-1.097866,1.442913,0.022336
8.581256,4.803013,3.366419,-1.035015,1.468080,-0.034656
8.638720,4.295417,3.112621,-0.951124,1.486457,-0.066215
8.945194,3.538810,2.791781,-0.884943,1.514287,-0.093646
9.232513,2.968961,2.590658,-0.858444,1.527470,-0.102168
9.491100,2.446999,2.413478,-0.843930,1.519880,-0.100038
9.639548,1.929825,2.197989,-0.857113,1.504433,-0.096709
9.673069,1.608985,2.078273,-0.890935,1.477934,-0.085124
9.639548,1.379130,2.193201,-0.949393,1.457295,-0.065549
9.524621,1.546733,2.327283,-1.040341,1.454631,-0.051967
9.232513,1.795743,2.494885,-1.119571,1.457960,-0.030129
8.959560,2.154891,2.763050,-1.182689,1.482595,-0.010554
8.586046,2.925864,2.978539,-1.253664,1.509493,0.005958
8.317881,3.648949,3.031214,-1.292147,1.511624,0.018475
8.088026,4.434288,3.098255,-1.289750,1.511757,0.034454
7.977887,5.267512,3.213182,-1.242345,1.522942,0.052963
8.011407,6.009752,3.261069,-1.145671,1.533462,0.067877
8.212531,6.541292,3.103044,-0.992004,1.536791,0.076532
8.432808,6.771147,2.887554,-0.806512,1.520279,0.090248
8.547736,6.771147,2.959384,-0.608103,1.505232,0.113950
8.700973,6.507772,3.002482,-0.397711,1.505632,0.142047
8.906885,5.837361,2.834879,-0.151364,1.497243,0.177867
8.983503,5.272301,2.672065,-0.029257,1.496044,0.197974
9.079276,4.740761,2.523617,0.073010,1.498574,0.212755
9.175049,4.161334,2.437422,0.155969,1.505365,0.223541
9.404904,3.596274,2.260241,0.217622,1.518814,0.228335
9.701800,3.045580,1.982500,0.269688,1.526804,0.235526
9.998696,2.475731,1.838841,0.304709,1.521877,0.244714
10.228551,1.920248,1.814897,0.314296,1.523076,0.255100
10.396154,1.431806,1.862784,0.298317,1.531465,0.267484
10.309958,1.058291,1.944191,0.267158,1.545713,0.284129
10.137567,0.665622,1.972923,0.179672,1.585128,0.304902
9.979541,0.790127,1.987289,0.093650,1.632933,0.297445
9.941232,0.857168,1.968134,0.018548,1.694719,0.264022
9.639548,1.082234,1.795743,-0.054823,1.710698,0.227136
9.495888,1.398285,1.767011,-0.114479,1.759568,0.196243
9.467156,1.771800,1.886727,-0.166412,1.800315,0.179998
9.548563,2.217144,2.020809,-0.227532,1.836934,0.177068
9.687434,2.662488,2.298551,-0.296908,1.840929,0.169611
9.917289,3.036002,2.561926,-0.327136,1.831208,0.173073
10.003485,3.251492,2.887554,-0.313287,1.786999,0.174006
10.008274,3.414306,3.150930,-0.270809,1.709633,0.171076
9.898135,3.433460,3.217971,-0.236054,1.671416,0.163220
10.075315,3.562754,3.352053,-0.204895,1.637993,0.150703
9.907711,3.557965,3.428672,-0.149234,1.549042,0.141248
10.175876,3.409517,3.419094,-0.097301,1.460757,0.114350
10.060949,3.093466,3.380785,-0.022998,1.328262,0.077331
10.008274,2.662488,3.270646,0.024407,1.220536,0.050167
10.094470,2.298551,3.088678,0.051838,1.119467,0.015945
10.147145,1.580254,2.648122,0.039987,0.976587,-0.026933
10.151933,1.288146,2.418267,-0.028458,0.866197,-0.071275
10.022640,0.871534,2.140525,-0.119406,0.765927,-0.106829
10.286015,0.569849,2.332071,-0.262287,0.704274,-0.141451
10.362633,0.593792,2.581081,-0.453638,0.590955,-0.181665
10.300381,0.751818,2.988116,-0.630608,0.506132,-0.216287
10.434463,1.043925,3.572331,-0.814502,0.476038,-0.261428
10.793612,1.474903,4.218798,-0.974427,0.449006,-0.311097
11.076142,1.877150,5.004137,-1.113180,0.395343,-0.383136
11.305997,2.078273,5.152585,-1.166577,0.335954,-0.434136
11.420925,2.255453,4.908364,-1.175365,0.252196,-0.469557
11.440079,2.446999,4.688086,-1.151397,0.175629,-0.477280
11.425713,2.662488,4.644988,-1.127161,0.105453,-0.456507
11.329940,2.882766,4.798225,-1.119704,0.036876,-0.417225
11.195858,3.036002,5.037657,-1.119971,-0.020116,-0.367956
11.277265,3.246703,5.157373,-1.110117,-0.079506,-0.296449
11.210224,3.361630,5.186105,-1.065508,-0.127976,-0.238657
11.066565,3.433460,5.133430,-1.002524,-0.163929,-0.185793
10.831921,3.419094,4.855689,-0.948993,-0.196154,-0.137988
10.573334,3.428672,4.712029,-0.940205,-0.226381,-0.105897
10.424886,3.495712,4.539638,-0.930617,-0.259671,-0.085657
10.410520,3.428672,4.199644,-0.860309,-0.294293,-0.062886
10.434463,2.930652,3.375996,-0.653378,-0.330379,-0.005761
10.046583,2.614601,2.628968,-0.484664,-0.335972,0.055094
9.744898,2.753472,2.044752,-0.387724,-0.286969,0.124470
10.491927,3.653738,2.054330,-0.415554,-0.157671,0.192115
12.527102,5.200471,2.873188,-0.557636,-0.010396,0.255500
14.528757,6.857343,4.199644,-0.719558,0.028221,0.300241
15.366770,8.193376,5.090332,-0.795193,-0.093221,0.316886
14.907060,8.542947,4.616256,-0.551644,-0.461542,0.321680
14.365942,7.810284,3.438249,-0.167210,-0.780194,0.332333
14.227072,6.785513,1.934614,0.259035,-1.121484,0.359498
14.169609,5.588352,0.244221,0.683816,-1.465436,0.407568
13.973274,4.084716,-1.245048,1.103137,-1.787817,0.451511
13.317229,2.241087,-2.466153,1.455478,-2.062526,0.476013
12.263727,0.598581,-3.150930,1.668934,-2.212597,0.477744
11.382616,-0.517174,-3.050368,1.714475,-2.254942,0.467357
10.357845,-0.866745,-2.078273,1.560142,-2.239895,0.444321
9.926867,-0.545906,-0.976884,1.336300,-2.243757,0.431804
9.965176,-0.138871,0.253798,1.060259,-2.306608,0.432869
10.329113,0.445344,1.374342,0.721766,-2.411006,0.431404
10.793612,1.340821,2.499674,0.359304,-2.541103,0.427809
11.267688,2.552349,3.725568,0.041851,-2.666939,0.428474
11.904578,3.998521,4.822168,-0.172803,-2.782788,0.434200
13.005967,6.110314,6.000175,-0.281196,-2.894110,0.427143
13.901444,7.182971,6.886075,-0.194908,-2.960424,0.383600
14.466505,7.436769,7.417615,0.005099,-3.035127,0.303304
14.466505,7.068044,7.489445,0.278343,-3.116221,0.206630
14.313267,6.249185,7.178183,0.596862,-3.162694,0.133392
13.978062,5.267512,6.641854,0.940015,-3.181470,0.087585
13.484831,4.228375,6.052850,1.272516,-3.166423,0.072271
13.073008,3.562754,5.430326,1.561740,-3.106900,0.064282
12.742591,3.126987,5.042446,1.840178,-2.979999,0.020738
12.608510,3.184451,5.080755,1.973205,-2.893844,-0.028930
12.622875,3.222760,5.147796,2.041915,-2.845907,-0.067813
12.665973,3.299378,5.233992,1.984923,-2.853230,-0.092448
12.574989,3.227548,5.540465,1.919141,-2.880262,-0.111490
12.541468,3.395151,5.923557,1.767073,-2.934325,-0.137056
12.359499,3.581908,6.641854,1.723130,-3.002503,-0.157563
11.856692,2.681643,7.130296,1.737778,-3.074143,-0.142782
11.282053,2.102216,7.015368,1.678388,-3.074409,-0.117349
10.812767,1.498847,6.699318,1.581581,-3.020213,-0.096842
10.376999,1.106178,6.335381,1.449087,-2.950038,-0.080596
9.697011,0.981673,6.048062,1.327378,-2.892779,-0.076868
8.892518,1.158853,5.803841,1.185030,-2.824867,-0.078732
8.064083,1.503635,5.583563,1.031896,-2.706621,-0.089651
7.484656,1.580254,5.483001,0.879161,-2.545364,-0.108693
6.962693,1.364764,5.396806,0.679954,-2.341762,-0.145046
6.651431,1.307301,5.219625,0.522292,-2.175046,-0.184461
6.364112,1.374342,5.128642,0.371555,-2.008463,-0.222412
6.100737,1.283357,4.994559,0.237064,-1.833224,-0.266754
5.784686,0.981673,4.831745,0.145449,-1.684617,-0.310298
5.473424,1.953768,4.999348,0.056632,-1.483679,-0.354906
5.253146,1.867572,5.152585,0.113358,-1.325618,-0.384601
4.735972,1.767011,5.415960,0.205371,-1.204043,-0.411366
4.199644,1.829263,5.708068,0.329210,-1.053439,-0.441727
3.615429,1.805320,5.741588,0.518164,-0.835056,-0.474484
3.265857,1.790954,5.631449,0.634680,-0.678859,-0.499784
3.150930,1.896304,5.473424,0.736813,-0.536378,-0.537868
3.179662,1.953768,5.277090,0.849733,-0.424257,-0.570892
3.174873,1.872361,5.080755,0.947206,-0.332643,-0.594994
3.371208,1.853207,4.889209,1.023640,-0.247288,-0.609375
3.735145,1.733490,4.616256,1.083029,-0.178976,-0.606845
3.735145,1.594620,4.501328,1.111659,-0.130240,-0.601652
3.960211,1.340821,4.357669,1.111526,-0.003338,-0.594062
4.257108,1.087023,4.190066,1.072510,0.158984,-0.567563
4.621045,0.799704,3.965000,0.993146,0.263381,-0.548121
5.104698,0.785338,3.500501,0.864381,0.264979,-0.537602
5.439903,0.866745,2.810936,0.692205,0.167639,-0.526683
5.928346,0.861956,1.800531,0.448255,0.010777,-0.517095
6.694529,0.828436,0.407035,0.116420,-0.183637,-0.519758
7.839016,0.670411,-1.072657,-0.281062,-0.381646,-0.530411
9.409692,0.325628,-2.667277,-0.678812,-0.554488,-0.549320
11.037833,-0.138871,-4.175701,-1.006785,-0.680457,-0.568362
12.838364,-0.679988,-5.736800,-1.272306,-0.758622,-0.573688
13.413002,-0.799704,-6.680163,-1.384560,-0.780327,-0.547056
13.082585,-0.330417,-7.633104,-1.432098,-0.731990,-0.504844
12.622875,0.416612,-8.346612,-1.463923,-0.567804,-0.460635
11.952465,1.494058,-8.566890,-1.457532,-0.351019,-0.400447
11.018678,2.691220,-8.174221,-1.363121,-0.172984,-0.349047
10.635586,3.811763,-7.278744,-1.220773,0.013307,-0.313760
10.156722,5.233992,-5.602717,-0.918233,0.100926,-0.277141
9.874192,5.506945,-4.429499,-0.677347,0.139409,-0.285663
9.390538,5.885248,-3.519656,-0.409029,0.202927,-0.301243
8.983503,5.846939,-3.021636,-0.106756,0.349270,-0.292987
9.175049,5.511733,-2.461365,0.154771,0.561660,-0.251041
9.764053,5.123853,-1.790954,0.350782,0.739295,-0.186326
10.084892,4.726395,-1.120543,0.521893,0.864066,-0.102967
10.089680,4.199644,-0.526751,0.706053,0.957145,-0.027865
9.601239,3.433460,0.038309,0.996609,1.046629,0.011284
8.691395,2.968961,0.110139,1.212461,1.061410,0.015279
7.546908,2.475731,-0.023943,1.405011,1.049026,0.007023
6.498195,1.977711,0.311262,1.436969,1.014670,-0.020808
6.249185,1.848418,0.909843,1.220584,0.932111,-0.045709
7.436769,1.666449,1.805320,0.811383,0.898688,-0.049703
11.904578,0.799704,3.816552,0.329876,1.134248,-0.046641
19.221630,2.111793,5.224414,-0.270410,1.269539,-0.065017
23.684650,4.640199,3.538810,-0.674417,0.961939,-0.097641
22.315097,8.313093,-0.703931,-0.912108,0.494814,-0.156231
18.915157,9.826305,-3.045580,-0.579607,0.333557,-0.215621
15.127338,9.237301,-2.935441,0.147979,0.294274,-0.249976
11.804017,7.834227,-1.297723,1.145748,0.291611,-0.182597
8.854209,4.563581,0.407035,2.251775,0.470179,-0.030528
8.020985,1.364764,2.772627,2.901597,0.807340,0.150969
8.035351,-0.579426,5.655393,2.828092,0.948224,0.298111
7.259590,-2.030386,8.274784,2.328875,0.884307,0.372414
6.134257,-4.075139,9.835883,1.694101,0.842494,0.329537
5.348919,-7.355362,9.500677,0.912451,1.002020,0.151502
5.679336,-9.400115,7.575640,0.452383,1.187645,-0.018810
5.679336,-9.754475,4.908364,-0.045769,1.349435,-0.207898
5.329764,-9.088853,2.490097,-0.675882,1.507096,-0.399515
5.617084,-7.245223,1.896304,-1.413722,1.681936,-0.587137
6.775936,-4.707241,3.328110,-2.120669,1.746785,-0.738940
8.212531,-2.102216,5.253146,-2.682471,1.658632,-0.840408
9.414482,0.703931,6.129469,-3.019899,1.486457,-0.878358
10.549390,3.639372,5.650604,-3.043335,1.304027,-0.850794
10.898962,4.735972,5.147796,-2.904316,1.237048,-0.763841
10.865442,5.253146,4.846111,-2.736401,1.233586,-0.611106
10.659529,5.329764,4.625833,-2.541055,1.273267,-0.421353
10.367423,5.281878,4.199644,-2.329464,1.323469,-0.228804
9.529409,4.898786,3.830918,-2.139444,1.360221,-0.057160
8.475907,4.812591,3.601063,-2.013342,1.423738,0.086253
7.561274,4.721606,3.514867,-1.913472,1.512689,0.189718
6.814245,5.119064,3.620217,-1.848090,1.681669,0.231930
6.699318,5.942711,3.783031,-1.799753,1.828678,0.202369
6.948328,6.823822,3.950634,-1.681906,1.953715,0.147507
7.216492,7.786341,4.156546,-1.475908,2.032413,0.089582
7.633104,7.963521,4.170912,-1.202131,2.082614,0.046971
8.145490,7.441558,4.041618,-0.943800,2.093533,0.023801
8.475907,6.795091,3.936268,-0.731143,2.117502,-0.006426
8.586046,5.875670,3.706413,-0.574148,2.132017,-0.025069
8.432808,4.798225,3.486135,-0.461627,2.133481,-0.020275
8.126335,3.945845,3.294589,-0.391186,2.162777,0.000764
7.987464,3.098255,3.055157,-0.351504,2.208051,0.055493
7.973098,2.628968,2.772627,-0.363622,2.229357,0.112885
8.183799,2.499674,2.542772,-0.386126,2.232952,0.173606
8.432808,2.509251,2.317705,-0.397711,2.217505,0.241784
8.729704,2.600235,2.265030,-0.412358,2.202458,0.312226
9.064910,2.628968,2.446999,-0.395979,2.197798,0.382534
9.452791,2.652911,2.782204,-0.377204,2.201127,0.436464
9.649125,2.753472,3.031214,-0.352569,2.186080,0.471352
9.730532,2.782204,3.088678,-0.327935,2.154787,0.485866
9.606027,2.719952,2.897132,-0.305564,2.098993,0.483070
9.491100,2.729529,2.523617,-0.298773,2.067035,0.472950
9.476734,2.830090,2.020809,-0.289185,2.045729,0.456704
9.582084,3.007271,1.690392,-0.280530,2.023358,0.430072
9.725744,3.237126,1.556310,-0.274271,2.005115,0.392255
10.008274,3.443037,1.685604,-0.272274,1.986739,0.342986
10.161510,3.663315,2.001655,-0.281062,1.970227,0.301040
10.582911,3.644161,2.346437,-0.281861,1.934540,0.250839
10.578123,3.682470,2.796570,-0.327269,1.847853,0.198108
10.324324,3.816552,3.725568,-0.431267,1.722549,0.131927
9.950810,3.883593,4.443865,-0.528074,1.643319,0.075068
9.802362,3.965000,5.205260,-0.611166,1.598178,0.016477
10.065737,3.955423,5.645815,-0.649383,1.549441,-0.037719
10.357845,3.620217,5.411171,-0.629809,1.456229,-0.077401
10.645164,3.194028,4.735972,-0.572683,1.340779,-0.089785
10.750514,2.652911,3.553176,-0.459364,1.210149,-0.083792
10.688261,2.111793,2.274607,-0.366551,1.088974,-0.075270
10.549390,1.570676,0.909843,-0.371611,0.962205,-0.084458
10.424886,1.254626,0.201123,-0.478539,0.877116,-0.110957
10.228551,1.087023,-0.148448,-0.656041,0.820789,-0.154367
10.175876,1.125332,-0.033521,-0.839935,0.813466,-0.208031
10.247706,1.245048,0.349571,-1.013043,0.819857,-0.267287
10.329113,1.518001,1.240260,-1.198136,0.796288,-0.319752
10.444041,2.111793,2.384746,-1.376970,0.771653,-0.373282
10.400942,2.825302,3.648949,-1.464856,0.667256,-0.404575
10.501504,3.256280,4.290628,-1.436359,0.596148,-0.394588
10.736148,3.543599,4.601890,-1.355132,0.510926,-0.357703
11.028255,3.826129,4.644988,-1.253397,0.410257,-0.308433
11.167126,4.084716,4.597102,-1.139545,0.302397,-0.253705
11.267688,4.343303,4.482174,-1.033150,0.200130,-0.201905
11.224590,4.424710,4.295417,-0.928354,0.090273,-0.161425
11.085720,4.376824,3.998521,-0.827951,0.016369,-0.128534
11.138394,4.099082,3.466981,-0.667227,-0.031435,-0.090184
11.310786,3.701624,3.074312,-0.542189,-0.076576,-0.060090
11.550218,3.198817,2.710374,-0.432066,-0.129441,-0.029197
11.760918,2.595447,2.174046,-0.340851,-0.189896,0.005958
11.861480,2.073484,1.479692,-0.269477,-0.273121,0.046838
11.971619,1.733490,0.699142,-0.223537,-0.365267,0.097971
12.699493,1.886727,0.158025,-0.221007,-0.428385,0.160956
14.686782,2.863611,0.268164,-0.260689,-0.520133,0.244048
15.850423,3.538810,0.885900,-0.305431,-0.665543,0.290121
16.381961,4.103871,1.585042,-0.354434,-0.871808,0.328072
16.578296,4.530060,1.920248,-0.316350,-1.144920,0.360829
16.415483,4.525272,1.589831,-0.077993,-1.514039,0.403707
15.792960,3.907536,0.584215,0.382874,-1.961058,0.473749
14.969312,2.643333,-1.082234,1.005530,-2.438703,0.581342
14.179185,0.972095,-2.786993,1.579583,-2.868810,0.716633
13.293286,-0.928998,-4.252319,1.924335,-3.239394,0.861911
12.991600,-1.379130,-4.486963,1.789843,-3.349251,0.887211
12.656395,-0.933786,-3.993732,1.370389,-3.370690,0.830085
12.512736,0.095773,-2.734318,0.724296,-3.357507,0.703317
12.431329,1.503635,-0.847591,-0.055622,-3.386004,0.529942
12.416963,2.930652,1.498847,-0.827684,-3.409040,0.343652
12.713859,4.458231,4.386401,-1.505736,-3.412503,0.161355
13.264554,5.985809,8.863787,-2.077658,-3.343792,-0.070476
13.891866,6.881286,11.938098,-2.110415,-3.181603,-0.224942
15.218322,7.149451,13.882289,-1.710935,-3.040586,-0.326410
16.487312,6.814245,14.040314,-0.953121,-3.034861,-0.353708
16.717168,6.119891,12.651607,0.030133,-3.147780,-0.293653
15.989295,5.037657,10.362633,0.944809,-3.281739,-0.185660
14.466505,3.921902,7.470290,1.673461,-3.305176,-0.053831
13.523140,3.773454,5.808629,1.831389,-3.194386,-0.022006
12.953291,4.558792,4.812591,1.827394,-3.012223,-0.055030
12.881462,4.783859,4.137392,1.832588,-2.837651,-0.091649
12.881462,4.568369,3.921902,1.857355,-2.729924,-0.111223
12.809632,4.319360,4.017675,1.865878,-2.660015,-0.123873
12.594143,3.960211,4.233164,1.869872,-2.604221,-0.130665
12.445695,3.170084,4.549215,1.765741,-2.609947,-0.129999
11.962041,2.466153,4.850900,1.638041,-2.673864,-0.123474
11.363461,1.714336,4.999348,1.445358,-2.749365,-0.123341
10.784034,1.158853,5.176528,1.237229,-2.772668,-0.156897
10.195031,0.593792,5.013714,0.935089,-2.770937,-0.209762
9.567718,0.435767,5.075966,0.615238,-2.729125,-0.277807
8.878152,0.574638,5.348919,0.371422,-2.667206,-0.347982
7.968309,0.794915,5.784686,0.207635,-2.536043,-0.416559
7.470290,0.775761,6.115103,0.171549,-2.403682,-0.455442
6.991425,0.756606,6.407210,0.160230,-2.279310,-0.485936
6.541292,1.077446,6.565236,0.145449,-2.137362,-0.502181
6.091159,1.359976,6.728050,0.142919,-1.981165,-0.496589
5.636238,1.680815,6.675374,0.150509,-1.809522,-0.479677
5.253146,2.269819,6.684952,0.181403,-1.604056,-0.458105
4.855689,1.771800,6.474251,0.284069,-1.438138,-0.408170
4.261896,1.953768,6.186933,0.332539,-1.272887,-0.348115
3.950634,2.485308,6.139046,0.481945,-1.020282,-0.276209
3.572331,2.537983,6.110314,0.631217,-0.892581,-0.211626
3.160507,2.379958,5.947500,0.789012,-0.768343,-0.156365
2.700797,2.365592,5.818207,0.934955,-0.635716,-0.114153
2.351226,2.269819,5.588352,1.085959,-0.507083,-0.081928
2.097428,2.054330,5.281878,1.205270,-0.390302,-0.065150
2.049541,1.972923,5.018503,1.284101,-0.290032,-0.066082
1.891516,1.786165,4.726395,1.328044,-0.203744,-0.076602
1.786165,1.652083,4.506117,1.336167,-0.127710,-0.096975
1.714336,1.604197,4.271473,1.311266,-0.038626,-0.135592
1.790954,1.661661,4.094294,1.265991,0.056051,-0.174208
2.164469,1.843629,4.051196,1.196215,0.175895,-0.224010
2.868400,2.087850,3.969789,1.122711,0.286019,-0.282068
3.883593,2.126159,3.610640,1.023374,0.344875,-0.336397
5.119064,2.039964,2.911498,0.878629,0.334356,-0.384601
6.589179,1.925036,1.857995,0.689941,0.262449,-0.422818
8.356190,1.877150,0.459710,0.479015,0.125960,-0.441993
10.458406,1.934614,-1.585042,0.255440,-0.092689,-0.456907
13.805671,2.298551,-5.425538,0.040919,-0.551425,-0.451714
16.185628,2.231510,-8.734494,-0.006753,-0.992318,-0.414029
17.176877,1.953768,-11.564584,0.044647,-1.399255,-0.344387
16.300556,1.661661,-12.847942,0.122013,-1.495797,-0.261028
14.701148,1.771800,-12.359499,0.178873,-1.166891,-0.195780
13.245399,2.317705,-11.224590,0.246385,-0.711883,-0.126936
11.751341,2.274607,-9.515043,0.306973,-0.215063,-0.011353
10.879807,2.360803,-7.719300,0.196583,0.004385,0.040047
10.252494,2.705586,-5.698491,0.149577,0.130488,0.091580
9.893346,2.777415,-3.821341,0.198847,0.267776,0.153099
10.606855,2.849245,-2.020809,0.255573,0.406662,0.198907
11.191069,3.064734,-0.756606,0.306706,0.481498,0.214353
11.200647,3.107832,-0.253798,0.375683,0.528370,0.195711
10.424886,3.146141,-0.512385,0.449720,0.563790,0.143379
9.352229,3.174873,-1.187584,0.563439,0.511858,0.058156
6.340169,2.332071,0.100562,0.526420,0.306792,-0.165952
4.032041,1.699970,2.552349,0.022676,0.206788,-0.477547
2.585870,2.408690,2.652911,-0.513693,0.262316,-0.732149
3.687258,0.881111,4.362458,-0.556038,0.853014,-0.835481
11.071353,-1.412651,7.163816,-0.491722,1.710032,-0.834149
21.333423,-0.469287,7.546908,-0.673885,1.764894,-0.805786
25.786867,2.241087,4.089505,-0.747389,0.709867,-0.764373
22.453968,5.746377,0.043098,-0.561231,-0.159269,-0.790473
16.161685,7.293110,-2.408690,0.178739,0.105853,-0.812977
12.393020,5.957077,-2.341649,0.940415,0.374703,-0.706848
9.304343,4.027253,-0.249010,1.609944,0.725180,-0.486202
8.586046,2.796570,3.103044,1.914614,1.061410,-0.170613
8.250840,2.241087,6.694529,1.747099,1.018399,0.099303
6.852554,0.909843,9.438425,1.172513,0.747951,0.301573
5.703279,-1.053502,10.788823,0.508577,0.689893,0.426344
6.234819,-2.236298,9.797573,0.422555,0.934641,0.515694
6.852554,-4.333726,7.340996,0.871704,1.227860,0.553911
6.201298,-6.651431,3.634583,0.752926,1.577272,0.361495
6.230030,-5.339342,2.384746,-0.117142,1.822020,0.109689
6.809457,-2.552349,3.232337,-1.029821,1.928015,-0.132529
7.867748,0.100562,4.554004,-1.560331,1.953050,-0.338661
8.940405,1.857995,4.903575,-1.708938,1.890198,-0.524286
9.160683,3.352053,4.692874,-1.678844,1.743322,-0.692467
8.811112,4.506117,4.319360,-1.642757,1.604570,-0.806053
8.384922,5.344130,4.108659,-1.629575,1.548376,-0.839209
8.327458,5.406383,3.974577,-1.529838,1.555433,-0.770765
8.480695,4.774281,3.534022,-1.322374,1.611627,-0.573688
8.633932,3.845284,3.261069,-1.197071,1.693920,-0.388729
8.945194,3.112621,3.423883,-1.182157,1.799250,-0.194715
9.040966,2.820513,3.682470,-1.226765,1.872887,0.008088
9.074487,2.911498,3.840495,-1.252066,1.953449,0.193048
9.237301,3.323321,3.897959,-1.241679,2.059178,0.307299
9.218147,3.926691,3.792609,-1.161916,2.143202,0.345915
9.175049,4.472597,3.759088,-1.023163,2.212312,0.332333
9.184626,4.712029,3.744722,-0.823956,2.267574,0.277471
9.333074,5.018503,3.792609,-0.553242,2.320971,0.176802
9.213358,5.363285,3.830918,-0.312089,2.322702,0.113151
9.079276,4.506117,3.514867,-0.072267,2.300065,0.084256
8.849421,3.730356,3.294589,0.072344,2.267174,0.083057
8.825478,2.739106,3.375996,0.151841,2.256122,0.097838
8.858998,1.862784,3.361630,0.146515,2.262514,0.107958
8.815900,1.369553,3.308955,0.059028,2.302062,0.108890
8.796746,1.163641,3.189239,-0.063346,2.343874,0.111554
8.614777,1.254626,3.016848,-0.188383,2.356125,0.135522
8.404077,1.561099,3.021636,-0.297841,2.361185,0.187854
8.408865,2.154891,3.112621,-0.385993,2.366245,0.286925
8.547736,2.657699,3.131775,-0.405434,2.359854,0.364291
8.700973,3.194028,3.337687,-0.375207,2.348269,0.430738
8.835055,3.634583,3.577120,-0.294911,2.333088,0.479741
8.940405,3.979366,3.816552,-0.191446,2.317509,0.501180
9.026600,4.156546,4.008098,-0.075197,2.292874,0.503577
9.136739,4.079927,4.003309,0.048908,2.268639,0.482404
9.452791,3.802186,3.965000,0.137726,2.249464,0.442589
9.993907,3.538810,3.806975,0.192721,2.224563,0.384665
10.558968,3.122198,3.577120,0.228541,2.170766,0.304636
10.865442,2.265030,2.954596,0.203374,2.070896,0.192781
10.966003,1.786165,2.332071,0.120815,2.013771,0.117546
10.966003,1.403074,1.723913,0.002702,1.960906,0.047504
10.970791,1.197162,1.312089,-0.140312,1.889665,-0.019609
10.894173,1.082234,0.991250,-0.291981,1.786866,-0.095777
10.827133,1.067868,0.861956,-0.453771,1.658899,-0.167949
10.736148,1.125332,0.852379,-0.606905,1.512822,-0.234796
10.616432,1.297723,0.876322,-0.744326,1.369143,-0.291655
10.314747,1.407862,0.885900,-0.894265,1.166473,-0.332402
10.070526,1.479692,0.823647,-0.997064,1.024657,-0.336264
9.917289,1.412651,0.713508,-1.105856,0.916265,-0.335731
9.883769,1.345610,0.627313,-1.240880,0.838500,-0.335065
10.051371,1.388708,0.521963,-1.405866,0.767792,-0.348115
10.166299,1.613774,0.622524,-1.600146,0.701744,-0.381938
10.175876,2.030386,1.149275,-1.816798,0.675645,-0.426680
10.252494,2.576292,1.987289,-2.011477,0.683368,-0.501782
10.242918,3.567542,3.280223,-2.195372,0.662196,-0.606446
10.362633,4.395978,4.175701,-2.173800,0.617720,-0.660775
10.606855,4.999348,4.712029,-1.980718,0.561260,-0.666368
10.683473,5.176528,4.913152,-1.669256,0.463255,-0.622558
10.736148,5.071177,4.807802,-1.348607,0.351533,-0.542662
10.697838,4.922729,4.419921,-1.086281,0.240611,-0.451980
10.616432,4.803013,4.065562,-0.904651,0.151926,-0.364760
10.515871,4.750338,3.692047,-0.789867,0.085613,-0.288593
10.386577,4.740761,3.361630,-0.679211,0.020897,-0.203636
10.458406,4.640199,3.170084,-0.584934,-0.005069,-0.144646
10.606855,4.357669,2.959384,-0.469883,-0.027973,-0.082194
10.688261,3.864439,2.777415,-0.336723,-0.044218,-0.014815
10.860652,3.270646,2.466153,-0.198237,-0.076976,0.055094
10.903751,2.806147,1.939402,-0.081722,-0.123715,0.125402
11.382616,2.696008,1.561099,0.010425,-0.119720,0.200105
13.480043,3.165296,1.556310,0.089123,-0.092822,0.291719
14.816076,3.514867,1.939402,0.114956,-0.159935,0.333398
15.112972,3.567542,2.652911,0.095115,-0.294826,0.348845
14.844807,3.380785,3.021636,0.082198,-0.460344,0.362427
14.614953,3.016848,2.561926,0.235066,-0.689912,0.397715
14.346788,2.202778,1.532367,0.583679,-1.041987,0.466026
13.877501,0.976884,0.110139,1.020178,-1.437206,0.569092
13.930175,-0.349571,-1.326455,1.360269,-1.760386,0.694129
14.552700,-1.771800,-2.633756,1.409804,-2.063591,0.821430
14.567066,-2.183623,-2.868400,1.116320,-2.205540,0.839140
14.083413,-1.891516,-2.475731,0.625358,-2.285036,0.783479
13.484831,-0.943364,-1.489269,0.025206,-2.344825,0.670027
12.948503,0.306473,-0.076618,-0.580806,-2.458277,0.535402
12.340345,1.709547,1.752645,-1.130491,-2.615140,0.396383
11.775284,3.280223,3.826129,-1.586431,-2.783721,0.259361
11.617259,5.550042,6.814245,-1.982049,-2.938586,0.098371
11.890212,7.230857,9.237301,-2.037976,-3.002236,-0.005761
12.589354,8.619565,11.267688,-1.842631,-2.951236,-0.100038
13.599760,9.668279,12.412175,-1.332095,-2.828862,-0.174474
14.863962,10.089680,12.527102,-0.518753,-2.741243,-0.191652
15.678032,9.625182,11.487966,0.497525,-2.786517,-0.146511
15.165647,8.111969,9.328286,1.736313,-2.936855,-0.047306
13.987640,6.823822,7.570851,2.323815,-2.958027,0.044707
13.010755,6.153412,6.019330,2.613705,-2.861353,0.120742
12.618086,5.732011,4.745550,2.758583,-2.699563,0.162154
12.431329,5.411171,3.840495,2.868174,-2.557881,0.193181
12.426541,4.731184,3.289801,2.960320,-2.457479,0.232063
12.388232,3.945845,3.251492,3.029164,-2.417531,0.278137
12.292458,2.317705,3.476558,3.044078,-2.453484,0.353239
12.359499,0.474076,3.471769,2.867508,-2.487306,0.379472
12.426541,-1.000827,3.534022,2.505046,-2.495030,0.334996
12.220628,-1.479692,3.931479,2.109427,-2.492500,0.240319
11.717821,-1.144487,4.606679,1.780389,-2.478784,0.131794
10.827133,-1.000827,5.296244,1.501418,-2.468131,0.006357
9.634759,0.909843,5.808629,1.195683,-2.393029,-0.081662
8.926039,2.327283,6.306649,1.060659,-2.279177,-0.132662
8.308303,1.948979,6.531715,1.014985,-2.238297,-0.184595
7.618738,2.068696,6.421576,0.934556,-2.238164,-0.194448
7.063255,1.963345,6.139046,0.842542,-2.196884,-0.168882
6.613122,1.910670,5.827784,0.707784,-2.114059,-0.137855
6.239607,1.920248,5.377651,0.583013,-2.015254,-0.115618
5.894825,1.948979,5.152585,0.492331,-1.881694,-0.104299
5.645815,1.666449,5.004137,0.450652,-1.737748,-0.101902
5.348919,1.656872,4.850900,0.393393,-1.589941,-0.107495
5.075966,1.513213,4.683297,0.332539,-1.395128,-0.114552
4.917941,1.585042,4.573158,0.308704,-1.263565,-0.123873
4.621045,1.944191,4.496540,0.337599,-1.158369,-0.130931
4.482174,2.193201,4.352880,0.406443,-1.056368,-0.136923
4.405556,2.332071,4.113448,0.497791,-0.968882,-0.149973
4.367247,2.083062,3.960211,0.607781,-0.918414,-0.175007
4.295417,1.881938,3.773454,0.692737,-0.893380,-0.210960
4.218798,1.843629,3.581908,0.754790,-0.870210,-0.247313
4.175701,1.877150,3.275435,0.794472,-0.853299,-0.278606
4.185278,1.987289,3.016848,0.811117,-0.803098,-0.300177
4.496540,2.006443,3.155719,0.756521,-0.643971,-0.305238
4.793436,1.977711,3.318533,0.676225,-0.487375,-0.292587
5.080755,2.169257,3.462192,0.557047,-0.288434,-0.266621
5.363285,2.499674,3.759088,0.422689,-0.065924,-0.236527
5.526099,2.705586,3.969789,0.279408,0.133018,-0.207099
5.459058,2.949807,3.945845,0.133332,0.287750,-0.180866
5.435115,3.112621,3.811763,0.015086,0.379097,-0.150372
5.425538,2.959384,3.270646,-0.076395,0.405463,-0.110158
5.674547,2.633756,2.327283,-0.141910,0.373771,-0.056894
6.297071,1.757434,0.531540,-0.194109,0.208786,0.015945
6.924384,1.067868,-1.087023,-0.220608,0.032881,0.076399
7.700145,0.646467,-2.638545,-0.214349,-0.143822,0.154964
8.643509,1.067868,-3.969789,-0.091842,-0.293095,0.263889
9.491100,1.589831,-5.382440,0.222815,-0.407612,0.409566
10.223763,2.552349,-6.364112,0.597262,-0.416401,0.562034
11.119239,3.165296,-7.029735,1.032162,-0.334241,0.680946
12.302036,3.945845,-7.044100,1.352679,-0.172585,0.744463
14.437772,4.668931,-6.143835,1.615670,0.010643,0.729949
16.104221,4.434288,-5.277090,1.678921,0.051524,0.640465
16.970966,4.477385,-4.338514,1.637242,-0.065657,0.484402
16.118587,3.610640,-4.008098,1.673861,-0.216128,0.288523
14.638895,2.360803,-4.237953,1.710213,-0.185501,0.101700
13.322017,0.694354,-4.338514,1.658148,-0.139162,-0.043711
11.851902,-0.512385,-4.055984,1.511272,-0.046482,-0.155832
10.745725,-1.340821,-3.332899,1.389697,0.109315,-0.235328
9.117585,-2.418267,-1.948979,1.317791,0.285220,-0.330538
7.403249,-2.973750,-0.967307,1.275446,0.431562,-0.380074
7.254801,-3.557965,0.009577,1.138025,0.566054,-0.443990
6.502983,-3.567542,1.043925,0.860918,0.511991,-0.499918
6.637065,-3.328110,1.403074,0.523757,0.413320,-0.533873
8.437597,-3.629795,1.767011,-0.007285,0.466184,-0.534939
12.120067,-3.486135,4.194855,-0.714632,0.863800,-0.501782
15.927042,-0.809281,5.870882,-1.230094,1.074859,-0.440794
21.328636,2.978539,4.223587,-1.396544,0.662728,-0.457573
22.406082,6.335381,0.775761,-1.617990,-0.044352,-0.647459
19.518526,11.559795,-1.982500,-1.638097,-0.541705,-1.028829
14.337211,13.594970,-2.241087,-1.130624,-0.510811,-1.420320
9.864614,11.215013,-1.130121,-0.267613,-0.110532,-1.641632
7.154239,6.919596,0.981673,0.618301,0.218107,-1.623789
6.000175,2.446999,5.842150,1.473588,0.305194,-1.258397
6.019330,-0.933786,9.112796,1.889713,0.162845,-0.840142
5.775109,-3.912325,9.730532,1.669999,0.105853,-0.490596
5.660181,-5.147796,8.020985,1.026037,0.380562,-0.254237
6.780725,-4.214010,6.344958,0.474088,0.903215,-0.111756
7.925211,-2.767838,5.990598,0.272617,1.340779,-0.051701
7.843804,-1.877150,5.933134,0.004699,1.569415,-0.054763
7.527754,-0.450133,5.526099,-0.472946,1.704440,-0.085523
7.633104,1.541944,5.540465,-0.882680,1.682734,-0.121876
8.250840,3.069523,5.612295,-1.052725,1.483927,-0.211093
9.031390,4.175701,5.506945,-0.913173,1.285917,-0.334133
8.969137,4.769493,4.903575,-0.658838,1.107749,-0.456241
8.897307,4.893998,4.022464,-0.459896,1.061410,-0.555312
8.916462,4.750338,3.395151,-0.321543,1.064605,-0.583143
8.921251,3.672893,3.040791,-0.189848,1.118402,-0.524685
9.069699,2.576292,2.547560,-0.109020,1.247168,-0.407771
9.495888,1.642506,2.078273,-0.089179,1.362485,-0.260629
9.787996,1.278569,1.699970,-0.168143,1.398438,-0.111889
9.634759,1.015193,1.460537,-0.372676,1.395242,0.067478
9.467156,1.115755,1.446171,-0.530737,1.428133,0.164684
9.328286,1.455749,1.470115,-0.672020,1.471143,0.202236
9.385749,1.867572,1.561099,-0.785739,1.533462,0.172674
9.524621,2.494885,1.800531,-0.862173,1.565953,0.090914
9.505466,3.112621,2.068696,-0.866035,1.570614,-0.011753
9.462368,2.988116,2.174046,-0.806778,1.572078,-0.127735
9.610816,2.921075,2.356014,-0.752183,1.587525,-0.225475
9.811939,2.269819,2.308128,-0.709571,1.595648,-0.297647
9.874192,1.814897,2.399112,-0.758974,1.591786,-0.365160
9.811939,1.431806,2.528406,-0.835408,1.577005,-0.381272
9.759263,0.838013,2.504462,-0.946463,1.557564,-0.378209
9.625182,0.498019,2.566715,-1.103459,1.537723,-0.367024
9.352229,0.603370,2.624179,-1.306395,1.518015,-0.340259
8.964348,1.230682,2.676854,-1.485229,1.506697,-0.295650
8.653086,1.877150,2.686431,-1.603342,1.498175,-0.244383
8.595623,2.514040,2.537983,-1.669523,1.479532,-0.193649
8.609989,3.136564,2.365592,-1.672718,1.435856,-0.142250
8.887730,3.969789,2.303339,-1.588029,1.361686,-0.063153
9.045756,4.592313,2.241087,-1.471913,1.298834,-0.000967
9.198992,5.224414,2.284185,-1.321975,1.243972,0.049368
9.165472,5.679336,2.332071,-1.157522,1.194170,0.087851
9.218147,5.957077,2.360803,-1.015573,1.155953,0.111687
9.266034,6.206087,2.499674,-0.884943,1.092036,0.115815
9.165472,6.263551,2.595447,-0.725551,1.028386,0.105029
9.151105,5.981020,2.686431,-0.540059,1.004683,0.087984
9.151105,5.454269,2.777415,-0.368948,0.994830,0.060021
9.093642,4.870054,2.748684,-0.226467,0.996028,0.030859
9.012235,4.103871,2.605024,-0.074931,1.012274,-0.006293
9.026600,3.696836,2.552349,-0.008750,1.041436,-0.032393
9.170260,3.423883,2.581081,0.029733,1.069266,-0.068878
9.409692,3.217971,2.662488,0.037590,1.063807,-0.107628
9.558140,3.050368,2.657699,0.023075,1.016402,-0.144114
9.615605,2.791781,2.595447,0.053702,0.941166,-0.165153
9.500677,2.356014,2.605024,0.118817,0.842894,-0.165286
9.285188,1.867572,2.566715,0.164092,0.740361,-0.149174
9.098430,1.350399,2.657699,0.155703,0.665658,-0.125072
9.021812,0.914632,2.916286,0.084329,0.602940,-0.095244
8.906885,0.407035,3.227548,-0.100764,0.530101,-0.071009
8.887730,0.095773,3.414306,-0.298373,0.495746,-0.063153
8.911673,-0.191546,3.529233,-0.506369,0.491085,-0.063685
8.959560,-0.416612,3.433460,-0.695590,0.510526,-0.071009
9.031390,-0.488442,3.433460,-0.867366,0.530767,-0.075536
9.060121,-0.320839,3.711202,-1.038344,0.547279,-0.085523
9.155895,0.062252,4.223587,-1.220773,0.576574,-0.087920
9.596450,0.694354,4.755127,-1.364985,0.587892,-0.111223
9.946022,1.436594,4.951461,-1.430633,0.562992,-0.137855
10.242918,2.379958,5.119064,-1.416518,0.529302,-0.168748
10.171088,2.921075,5.224414,-1.394813,0.488821,-0.188589
10.037006,3.476558,4.879631,-1.402137,0.430630,-0.213357
9.625182,3.864439,4.554004,-1.403202,0.360988,-0.231067
9.467156,4.118237,4.137392,-1.406132,0.323437,-0.232266
9.515043,4.448653,3.601063,-1.417850,0.286019,-0.223877
9.740109,4.855689,3.342476,-1.421046,0.271637,-0.213757
10.080103,5.133430,3.194028,-1.394680,0.262716,-0.213224
10.343479,5.224414,2.906709,-1.319844,0.224898,-0.223877
10.381788,4.965827,2.633756,-1.216379,0.174963,-0.230801
10.314747,4.472597,2.284185,-1.111981,0.130088,-0.234396
10.314747,3.931479,1.905882,-1.029422,0.100127,-0.233464
10.324324,3.361630,1.575465,-0.986278,0.065106,-0.229336
10.271649,2.868400,1.221105,-0.993602,0.035544,-0.219882
10.247706,2.537983,1.063080,-1.046600,0.016369,-0.208696
10.367423,2.547560,1.043925,-1.146337,-0.003338,-0.198310
11.416136,3.232337,1.762222,-1.366317,-0.025043,-0.177937
12.943715,4.180489,2.992905,-1.554073,-0.036895,-0.158628
14.337211,5.205260,4.324149,-1.659269,-0.105206,-0.144380
15.031564,5.775109,5.109487,-1.607204,-0.231974,-0.141184
14.772977,5.511733,5.013714,-1.380965,-0.413738,-0.131863
13.786517,4.549215,4.156546,-1.054856,-0.584049,-0.107495
12.426541,2.949807,2.992905,-0.655908,-0.718941,-0.071275
11.708244,1.685604,2.389535,-0.447512,-0.802565,-0.052633
11.243744,0.689565,2.145314,-0.348175,-0.894179,-0.051967
10.903751,-0.148448,2.178835,-0.328467,-1.001240,-0.072607
10.621220,-0.679988,2.408690,-0.352436,-1.106170,-0.103500
10.309958,-1.182796,2.571504,-0.415421,-1.167291,-0.141584
10.051371,-1.230682,2.820513,-0.536996,-1.200980,-0.182597
9.476734,-0.560272,3.227548,-0.747389,-1.225748,-0.224676
9.131951,0.498019,3.648949,-0.931283,-1.217092,-0.243318
9.103219,1.810109,4.333726,-1.101195,-1.212698,-0.256767
9.404904,3.160507,5.210048,-1.245807,-1.214962,-0.271415
9.682645,4.391190,6.359324,-1.313852,-1.229210,-0.275543
9.663491,5.262723,7.422403,-1.247405,-1.238664,-0.265822
9.333074,5.645815,7.834227,-1.053923,-1.245056,-0.247846
8.815900,5.368074,7.714511,-0.708639,-1.226147,-0.219482
8.916462,4.788647,7.733665,-0.470017,-1.184468,-0.194981
9.735321,4.137392,7.752820,-0.236587,-1.134933,-0.159694
10.812767,3.131775,7.585217,0.052770,-1.153841,-0.108027
11.555006,1.637717,7.235646,0.343458,-1.219223,-0.045709
11.842326,-0.124505,6.656220,0.560110,-1.280610,0.013814
11.904578,-1.814897,6.210875,0.651324,-1.322822,0.066279
11.861480,-3.375996,5.947500,0.633614,-1.356644,0.100634
11.923732,-5.032868,5.837361,0.473689,-1.389135,0.112352
12.005140,-5.928346,5.856516,0.294189,-1.406846,0.104496
12.100913,-6.512560,5.933134,0.075673,-1.437606,0.083989
12.072180,-6.704106,5.990598,-0.190247,-1.473958,0.051232
11.923732,-6.546081,6.019330,-0.505570,-1.514705,0.004759
11.602893,-6.028907,5.899613,-0.859110,-1.563575,-0.051834
11.373038,-5.444692,5.755954,-1.204527,-1.613776,-0.109226
11.215013,-4.956250,5.593140,-1.614261,-1.719905,-0.169148
11.143183,-4.616256,5.487790,-1.876320,-1.835488,-0.196579
11.061776,-4.395978,5.463847,-2.089243,-1.976105,-0.207898
10.894173,-4.223587,5.473424,-2.263683,-2.136296,-0.204302
10.669107,-4.079927,5.463847,-2.410026,-2.287699,-0.197644
10.458406,-3.936268,5.559619,-2.551974,-2.422324,-0.196446
9.998696,-3.672893,5.732011,-2.750916,-2.567868,-0.210694
9.668279,-3.342476,5.846939,-2.900987,-2.633916,-0.245848
9.452791,-3.036002,6.129469,-3.039474,-2.665475,-0.301909
9.289977,-2.705586,6.435942,-3.170503,-2.687712,-0.382337
9.088853,-2.308128,6.723261,-3.300867,-2.689976,-0.480876
8.945194,-1.877150,7.020157,-3.419912,-2.652158,-0.587936
8.791957,-1.326455,7.130296,-3.506066,-2.589440,-0.694997
8.576468,-0.737452,7.163816,-3.550009,-2.520197,-0.802724
8.097603,0.090984,7.048889,-3.557466,-2.416066,-0.938014
7.824650,0.871534,6.924384,-3.519116,-2.320190,-1.020174
7.590006,1.513213,6.742415,-3.450539,-2.234702,-1.070242
7.412826,1.929825,6.617911,-3.386089,-2.167190,-1.086488
7.020157,2.255453,6.349746,-3.369710,-2.103406,-1.077033
6.900441,2.595447,6.139046,-3.414985,-2.029502,-1.037085
6.795091,2.978539,5.837361,-3.483296,-1.972776,-0.981824
6.799880,3.222760,5.368074,-3.548544,-1.897274,-0.922434
7.101564,3.423883,4.735972,-3.618320,-1.796339,-0.839209
7.532542,3.519656,4.252319,-3.654939,-1.772104,-0.782616
7.973098,3.323321,3.768666,-3.666125,-1.787151,-0.726023
8.293938,2.997693,3.457403,-3.685433,-1.830295,-0.670762
8.562102,2.581081,3.208394,-3.698616,-1.849869,-0.620161
8.945194,2.375169,3.203605,-3.681305,-1.872107,-0.565432
9.198992,2.111793,3.227548,-3.611263,-1.916449,-0.492594
9.376173,1.948979,3.308955,-3.518717,-1.959726,-0.411366
9.266034,1.896304,3.452615,-3.305394,-1.997144,-0.279804
9.232513,1.628140,3.581908,-3.107918,-1.967982,-0.185793
9.380961,1.508424,3.620217,-2.888869,-1.941483,-0.110691
9.213358,1.259414,3.557965,-2.678210,-1.940152,-0.068213
8.801534,0.919420,3.466981,-2.584865,-1.918047,-0.074604
8.667452,0.732663,3.366419,-2.572215,-1.853598,-0.102302
8.624355,0.641679,2.925864,-2.544784,-1.809921,-0.142250
8.653086,0.584215,1.901093,-2.495515,-1.780093,-0.189655
8.629143,0.359149,0.440556,-2.413754,-1.724432,-0.255702
8.504638,0.440556,-0.272953,-2.420812,-1.654523,-0.312029
8.140701,0.560272,-0.531540,-2.475141,-1.544134,-0.370353
7.513388,0.718297,-0.201123,-2.616158,-1.367963,-0.441593
6.933961,1.072657,0.392669,-2.804046,-1.128674,-0.513899
6.522138,1.580254,1.077446,-3.012042,-0.867947,-0.600986
6.340169,2.183623,2.001655,-3.212715,-0.644637,-0.703919
6.349746,2.858823,2.806147,-3.412322,-0.511744,-0.789541
6.306649,3.519656,3.615429,-3.640558,-0.504020,-0.886748
6.234819,3.878804,3.706413,-3.748684,-0.531851,-0.941610
6.507772,4.099082,3.126987,-3.763332,-0.564608,-0.973834
6.718472,4.372035,2.293762,-3.732971,-0.588710,-0.988349
6.507772,5.099909,1.905882,-3.739629,-0.530919,-1.000866
6.589179,6.234819,1.838841,-3.774650,-0.376586,-1.022305
7.082409,7.278744,1.704759,-3.706739,-0.197219,-1.027365
7.958732,7.680990,1.268992,-3.472244,-0.034365,-1.007391
9.213358,7.403249,0.814070,-3.028821,0.111046,-0.957722
9.912501,7.106353,0.751818,-2.720954,0.164577,-0.925098
10.305170,6.895652,0.737452,-2.433595,0.180955,-0.892873
10.333902,6.608334,0.612947,-2.127726,0.197201,-0.847865
10.037006,5.937923,0.608158,-1.826918,0.234752,-0.793669
9.697011,5.004137,0.569849,-1.575512,0.319442,-0.731083
9.515043,3.965000,0.670411,-1.366583,0.432095,-0.669430
9.304343,2.844457,0.861956,-1.240481,0.528769,-0.627352
9.242090,1.896304,1.154064,-1.220640,0.612261,-0.603117
9.165472,0.914632,1.920248,-1.286821,0.661397,-0.569827
9.198992,0.545906,2.542772,-1.355664,0.651010,-0.542529
9.467156,0.325628,2.858823,-1.386557,0.605070,-0.495523
10.458406,0.411824,2.470942,-1.390020,0.511991,-0.421087
12.292458,0.646467,1.015193,-1.351803,0.324369,-0.306835
14.346788,1.125332,-0.833225,-1.357662,0.091472,-0.190720
15.883944,2.624179,-1.618563,-1.538759,-0.084166,-0.127868
16.166473,5.195683,-0.799704,-1.782442,-0.067255,-0.142649
15.529584,8.135912,0.938575,-1.716129,0.241144,-0.233464
14.298902,7.968309,1.278569,-1.270175,0.429432,-0.315757
12.536680,6.234819,1.446171,-0.792530,0.509461,-0.407371
10.305170,4.190066,2.255453,-0.495583,0.519448,-0.483273
8.744071,2.485308,3.165296,-0.416753,0.557931,-0.537868
8.035351,0.943364,3.682470,-0.513959,0.571647,-0.591532
7.709722,-0.344783,3.869227,-0.754047,0.538091,-0.655848
7.824650,-1.374342,3.591485,-1.160984,0.420777,-0.759846
7.958732,-1.312089,3.036002,-1.441686,0.311585,-0.799661
8.222108,-0.641679,2.619390,-1.682705,0.223566,-0.799528
8.547736,0.311262,2.322494,-1.897759,0.144336,-0.769700
8.739282,1.345610,2.600235,-2.098031,0.086678,-0.731616
8.878152,1.977711,3.328110,-2.302699,0.051790,-0.693532
8.935617,2.542772,4.094294,-2.508032,0.024093,-0.659443
8.858998,3.016848,4.740761,-2.691393,-0.004803,-0.634542
8.787168,3.419094,5.123853,-2.823488,-0.010662,-0.621892
8.739282,3.692047,5.578774,-2.934543,-0.029837,-0.626952
8.490272,3.835706,5.679336,-2.982348,-0.012660,-0.640668
8.198164,4.185278,5.559619,-2.991403,0.043401,-0.640002
7.944366,4.611467,5.277090,-2.961974,0.120367,-0.622159
7.805495,5.119064,4.956250,-2.904582,0.198000,-0.584607
7.752820,5.602717,4.731184,-2.823887,0.285619,-0.542662
7.992252,6.167778,4.755127,-2.694056,0.370176,-0.497121
8.384922,6.455097,4.630622,-2.522280,0.422774,-0.462100
8.672241,6.613122,4.333726,-2.351302,0.444879,-0.442659
8.964348,6.656220,4.022464,-2.153692,0.464586,-0.449184
9.002657,6.517349,3.802186,-1.995632,0.458860,-0.464630
8.835055,6.292283,3.725568,-1.835573,0.458993,-0.483805
8.744071,5.827784,3.692047,-1.672852,0.457928,-0.496589
8.590834,5.301033,3.567542,-1.549545,0.434093,-0.497254
8.432808,4.434288,3.452615,-1.447412,0.425570,-0.484737
8.399288,3.936268,3.629795,-1.385492,0.439019,-0.473552
8.260417,3.356842,3.586697,-1.356596,0.441283,-0.463299
8.040140,3.222760,3.591485,-1.414920,0.459926,-0.459570
7.618738,3.256280,3.835706,-1.465788,0.524775,-0.457706
7.446347,3.375996,4.008098,-1.502806,0.558198,-0.453844
7.273955,3.510078,4.185278,-1.522913,0.578971,-0.447719
7.221280,3.821341,4.343303,-1.558201,0.623446,-0.437599
7.455924,4.008098,4.510906,-1.573914,0.661397,-0.428277
7.609161,4.108659,4.621045,-1.588561,0.673914,-0.421220
7.853382,4.257108,4.654565,-1.602410,0.684034,-0.424016
8.059294,4.400767,4.678508,-1.591491,0.692024,-0.420288
8.351402,4.510906,4.616256,-1.573914,0.700013,-0.410833
8.504638,4.506117,4.439076,-1.551676,0.697217,-0.407238
8.428020,4.453442,4.223587,-1.548480,0.706538,-0.404309
8.538159,4.276262,3.941057,-1.561397,0.711731,-0.403909
8.576468,4.113448,3.601063,-1.581903,0.699347,-0.414961
8.576468,3.902748,3.261069,-1.605606,0.695885,-0.440129
8.835055,3.802186,2.897132,-1.665528,0.709334,-0.482873
8.969137,3.644161,2.461365,-1.745024,0.696285,-0.537868
9.189414,3.701624,2.154891,-1.862471,0.660198,-0.596192
9.625182,3.864439,1.848418,-1.976323,0.611062,-0.657046
10.286015,4.472597,1.853207,-2.095768,0.524109,-0.718433
10.544602,5.171739,1.992077,-2.134118,0.409192,-0.739339
10.860652,5.540465,2.236298,-2.112812,0.342079,-0.740138
10.922905,6.095948,2.571504,-2.055820,0.273635,-0.732282
10.688261,6.172566,2.700797,-1.916801,0.191475,-0.710577
10.185454,5.789474,2.734318,-1.765664,0.146600,-0.696728
9.634759,5.195683,2.877977,-1.631572,0.137012,-0.697527
8.988291,4.175701,3.117409,-1.479903,0.166707,-0.707248
8.648298,3.591485,3.380785,-1.402670,0.204525,-0.718433
8.662664,3.122198,3.806975,-1.328899,0.255392,-0.721230
8.681818,2.877977,4.060773,-1.304264,0.277629,-0.712574
8.911673,2.863611,4.343303,-1.279097,0.327964,-0.724692
9.093642,2.825302,4.424710,-1.279763,0.372439,-0.724559
9.491100,3.136564,4.577947,-1.312787,0.390283,-0.729885
9.515043,3.308955,4.678508,-1.316382,0.373238,-0.730817
9.807150,3.395151,4.793436,-1.311855,0.388019,-0.741337
10.242918,3.423883,4.937096,-1.288285,0.314115,-0.766770
10.400942,3.419094,5.090332,-1.266181,0.220770,-0.777556
10.420097,3.280223,5.181316,-1.245408,0.107850,-0.779287
10.309958,3.012059,5.166951,-1.255128,-0.005203,-0.776624
10.056160,2.753472,5.171739,-1.314784,-0.108668,-0.778755
9.773630,2.595447,5.329764,-1.390818,-0.181773,-0.791671
9.524621,2.423056,5.444692,-1.453004,-0.250084,-0.816705
9.266034,2.332071,5.502156,-1.562595,-0.323988,-0.868371
9.170260,2.341649,5.353708,-1.623316,-0.365001,-0.910850
9.036178,2.327283,5.171739,-1.655141,-0.397093,-0.951197
8.744071,2.346437,5.080755,-1.672718,-0.421727,-0.987017
8.571680,2.413478,5.037657,-1.675382,-0.419064,-1.012584
8.523793,2.451787,5.186105,-1.661400,-0.412806,-1.031493
8.600411,2.480519,5.324976,-1.639428,-0.411740,-1.044542
8.700973,2.466153,5.406383,-1.604807,-0.423858,-1.047339
8.787168,2.490097,5.660181,-1.554472,-0.445297,-1.039482
8.815900,2.389535,5.923557,-1.466720,-0.469265,-1.018310
8.787168,2.317705,6.225242,-1.459263,-0.472195,-1.007257
8.787168,2.379958,6.761570,-1.516122,-0.467002,-1.009255
8.734494,2.370380,7.001002,-1.603741,-0.455949,-1.028164
9.040966,2.346437,7.001002,-1.664196,-0.426921,-1.046540
9.471945,2.207566,6.512560,-1.629308,-0.456482,-1.050934
9.448001,1.829263,5.626661,-1.516522,-0.522529,-1.033623
9.175049,1.403074,5.028080,-1.431699,-0.564475,-1.001931
8.724916,0.943364,4.702452,-1.420513,-0.578457,-0.959053
8.389711,0.790127,4.515695,-1.462592,-0.566872,-0.938014
8.155067,0.780550,4.477385,-1.536629,-0.531584,-0.925897
8.475907,1.058291,4.558792,-1.628243,-0.453419,-0.921369
9.409692,1.680815,4.980193,-1.687233,-0.383111,-0.913779
10.367423,2.356014,5.583563,-1.661932,-0.380980,-0.896601
10.994735,2.734318,5.894825,-1.568987,-0.453020,-0.862113
11.377827,2.825302,5.885248,-1.461526,-0.594569,-0.815241
11.732187,2.648122,5.368074,-1.313452,-0.844644,-0.746530
11.985985,2.260241,4.659354,-1.206791,-1.056235,-0.693799
12.287670,1.829263,3.878804,-1.131423,-1.273552,-0.640401
12.632452,1.412651,2.973750,-1.096801,-1.488473,-0.595393
13.087374,1.063080,2.078273,-1.112114,-1.679424,-0.553847
13.556661,0.823647,1.355187,-1.164846,-1.872506,-0.519892
13.925387,0.536328,0.397458,-1.220640,-2.181704,-0.472620
13.805671,0.258587,-0.368726,-1.217844,-2.444828,-0.431740
13.494409,-0.172391,-1.053502,-1.167376,-2.717940,-0.379408
13.082585,-0.632101,-1.671238,-1.087613,-2.975338,-0.308433
12.958081,-1.192373,-2.020809,-0.985080,-3.229008,-0.216020
12.891039,-1.968134,-2.174046,-0.898925,-3.510109,-0.108693
13.096951,-2.466153,-1.814897,-0.884677,-3.875234,0.042443
13.384270,-2.566715,-0.885900,-0.980153,-4.126640,0.134058
13.652434,-2.394324,0.589004,-1.203995,-4.310135,0.195311
14.121722,-1.872361,2.518829,-1.503339,-4.393759,0.221943
14.452138,-1.364764,4.759915,-1.788434,-4.393759,0.219546
14.658050,-0.770972,7.029735,-2.053956,-4.393759,0.190118
14.595798,-0.225066,8.940405,-2.267411,-4.341827,0.128598
14.083413,0.790127,10.841498,-2.423342,-4.205737,0.006623
13.666800,1.632929,11.636414,-2.381263,-4.094149,-0.081395
13.231033,2.236298,11.612470,-2.160484,-4.009459,-0.137722
12.809632,2.547560,11.157549,-1.834641,-3.945809,-0.139453
13.111317,2.466153,10.290803,-1.526109,-3.818907,-0.128268
13.537507,2.475731,9.189414,-1.286421,-3.711713,-0.152769
13.140048,2.403901,7.776763,-1.143940,-3.673230,-0.214556
12.637241,2.207566,6.881286,-1.169773,-3.633815,-0.248511
12.359499,2.217144,6.450308,-1.247938,-3.568034,-0.290590
12.177531,2.461365,6.292283,-1.297207,-3.508910,-0.333201
11.775284,2.442210,6.076794,-1.299471,-3.478417,-0.363428
11.191069,2.581081,5.952289,-1.286288,-3.465367,-0.379940
10.511081,2.547560,5.578774,-1.296808,-3.440599,-0.380606
10.008274,2.614601,5.301033,-1.294810,-3.383873,-0.381405
9.558140,2.485308,5.152585,-1.322907,-3.292925,-0.386732
9.146317,2.379958,5.042446,-1.365918,-3.185465,-0.401912
8.672241,2.370380,5.013714,-1.402670,-3.069482,-0.420687
8.265206,2.245876,5.061600,-1.419182,-2.948440,-0.432805
7.877325,2.178835,5.028080,-1.439422,-2.819541,-0.442792
7.499022,2.293762,5.028080,-1.460328,-2.698898,-0.456241
6.895652,2.552349,4.975405,-1.433962,-2.532581,-0.465296
6.479040,2.600235,4.917941,-1.339552,-2.371590,-0.454377
6.124680,2.715163,4.975405,-1.197870,-2.200479,-0.434669
5.885248,2.763050,5.004137,-1.021299,-2.025507,-0.412298
5.631449,2.935441,4.956250,-0.829549,-1.873572,-0.375147
5.353708,3.103044,4.908364,-0.636999,-1.738947,-0.328141
5.008925,3.280223,4.826957,-0.445382,-1.621100,-0.268619
4.745550,3.663315,4.831745,-0.254830,-1.506716,-0.207099
4.534849,4.022464,4.788647,0.026804,-1.388203,-0.120944
4.367247,4.314571,4.726395,0.232669,-1.308174,-0.065150
4.166123,4.515695,4.635411,0.445326,-1.235469,-0.003763
4.118237,4.501328,4.525272,0.628687,-1.121350,0.041778
4.237953,4.688086,4.352880,0.806323,-1.022279,0.080794
4.338514,4.664143,4.194855,0.965316,-0.934394,0.109556
4.491751,4.549215,4.123025,1.073975,-0.844910,0.119943
4.692874,4.439076,4.022464,1.128038,-0.765680,0.123005
5.042446,4.247530,3.821341,1.131899,-0.705225,0.120875
5.545254,3.888382,3.371208,1.074241,-0.641308,0.125802
5.985809,3.471769,2.906709,0.993812,-0.583384,0.147107
6.392844,2.997693,2.389535,0.871571,-0.498960,0.187322
6.704106,2.446999,1.637717,0.703923,-0.388704,0.232996
6.852554,2.035175,0.818859,0.508710,-0.293228,0.270813
6.761570,1.738279,-0.067041,0.325216,-0.245690,0.302771
6.550869,1.498847,-1.048714,0.165157,-0.235969,0.330602
6.488617,1.292935,-2.006443,0.021211,-0.229977,0.356568
6.737627,1.110966,-3.031214,-0.089179,-0.216261,0.380936
7.168605,0.909843,-4.094294,-0.148169,-0.187099,0.409699
8.107180,0.550694,-5.358497,-0.152297,-0.169522,0.437529
8.825478,0.392669,-6.172566,-0.158955,-0.172185,0.441657
9.620393,0.392669,-6.751993,-0.163482,-0.167125,0.432203
10.491927,0.569849,-7.024946,-0.157223,-0.164728,0.414093
11.483177,0.952941,-7.034523,-0.118208,-0.153143,0.375876
12.455272,1.532367,-6.957905,-0.022199,-0.160867,0.333398
13.240611,2.063907,-6.809457,0.133864,-0.155540,0.289589
14.241437,2.265030,-6.536504,0.391263,-0.123182,0.230865
14.466505,2.212355,-6.287494,0.598726,-0.099746,0.197575
14.361154,1.637717,-6.086371,0.760116,-0.049012,0.164951
13.915810,0.809281,-6.000175,0.823101,0.011975,0.124204
13.432156,-0.129293,-5.526099,0.764511,0.099861,0.072404
13.034699,-0.890688,-4.625833,0.620165,0.145668,0.029127
12.512736,-1.431806,-3.591485,0.489535,0.174297,-0.000434
11.933310,-1.982500,-2.605024,0.395790,0.239146,-0.020142
11.626836,-2.423056,-1.810109,0.259434,0.337019,-0.058891
11.353883,-2.485308,-1.398285,0.363699,0.212514,-0.085923
9.697011,-2.456576,-1.082234,0.514702,-0.092156,-0.158096
7.388883,-2.288974,-0.569849,0.386469,-0.255011,-0.307368
7.518177,-2.949807,1.010405,-0.067340,-0.352884,-0.468226
5.425538,-3.874016,4.223587,-0.696389,-0.059798,-0.576884
7.384094,-3.682470,7.786341,-1.391218,0.815596,-0.631347
10.611643,-1.589831,9.639548,-2.089376,1.044365,-0.663838
12.493581,0.981673,6.565236,-2.870626,0.575242,-0.830421
12.733014,5.109487,1.920248,-2.954384,0.310653,-1.066114
13.240611,7.982675,-1.541944,-2.393114,0.220504,-1.267319
13.144838,8.135912,-3.270646,-1.593621,0.240211,-1.347348
12.881462,7.264378,-3.021636,-1.077360,0.376967,-1.289157
12.316402,6.349746,-0.292108,-0.835541,0.582167,-1.142015
11.009100,4.501328,4.980193,-0.624216,0.745820,-0.821499
8.782380,3.265857,7.949155,-0.606106,0.819591,-0.576085
6.076794,2.830090,9.108008,-0.683472,1.016934,-0.394455
4.688086,2.892343,8.715339,-0.675616,1.323336,-0.263026
4.453442,2.351226,7.379306,-0.607305,1.505365,-0.171145
4.707241,1.130121,5.511733,-0.536597,1.481663,-0.081928
5.478213,0.761395,3.921902,-0.519685,1.410422,-0.012951
6.613122,0.435767,2.830090,-0.467753,1.349701,0.013415
8.159855,0.737452,2.729529,-0.474677,1.393777,-0.006959
9.792784,0.943364,3.146141,-0.534333,1.466616,-0.056628
11.109663,1.743068,3.414306,-0.709438,1.527736,-0.148109
11.224590,2.834879,3.481347,-0.809175,1.517083,-0.201506
10.846287,3.404728,3.596274,-0.816233,1.488054,-0.212425
10.252494,3.275435,3.677681,-0.784807,1.457694,-0.186192
9.515043,2.585870,3.639372,-0.735271,1.441981,-0.138388
8.581256,2.016021,3.586697,-0.734739,1.454498,-0.065816
7.800706,1.474903,3.380785,-0.803849,1.496843,0.024733
7.192548,1.427017,3.131775,-0.982150,1.585394,0.148838
7.068044,1.470115,2.983327,-1.144339,1.682601,0.226737
7.230857,1.709547,2.854034,-1.298539,1.783936,0.285461
7.556486,2.183623,2.777415,-1.452072,1.872621,0.310228
7.963521,3.136564,2.916286,-1.554605,1.943728,0.300907
8.528581,3.893170,3.012059,-1.566856,2.010442,0.261359
9.012235,4.587524,3.256280,-1.519584,2.066768,0.187721
9.491100,4.549215,3.462192,-1.365918,2.140006,0.100501
9.835883,4.348092,3.567542,-1.226499,2.202325,0.001297
9.907711,4.185278,3.581908,-1.067772,2.220036,-0.077001
9.361806,3.821341,3.505290,-0.864170,2.192471,-0.119746
9.045756,3.371208,3.328110,-0.773089,2.195401,-0.118680
8.753648,2.930652,3.222760,-0.724086,2.181020,-0.093646
8.418442,2.777415,3.265857,-0.665629,2.158116,-0.049836
8.212531,2.188412,3.045580,-0.637931,2.124560,0.012616
8.073660,2.336860,2.940229,-0.702115,2.092735,0.078130
8.049716,2.585870,2.925864,-0.736736,2.081948,0.155230
8.155067,2.786993,2.844457,-0.801851,2.085677,0.237922
8.303515,3.313744,2.954596,-0.825021,2.116304,0.318617
8.633932,3.749511,3.256280,-0.774687,2.147597,0.396916
8.983503,4.166123,3.447826,-0.672553,2.139341,0.475613
8.997869,4.372035,3.294589,-0.606772,2.124160,0.515561
9.017024,4.616256,3.012059,-0.524745,2.120698,0.546055
9.012235,4.922729,2.734318,-0.408763,2.113507,0.563499
9.045756,5.099909,2.456576,-0.264018,2.106450,0.565896
9.088853,5.104698,2.336860,-0.121270,2.089938,0.553112
9.170260,5.013714,2.284185,0.008294,2.068366,0.532073
9.299553,4.769493,2.279396,0.116820,2.029350,0.502778
9.457579,4.415133,2.351226,0.187794,1.977018,0.465759
9.639548,3.864439,2.389535,0.202575,1.912436,0.419420
9.859826,3.217971,2.758261,0.078603,1.828678,0.324210
9.974753,2.849245,3.294589,-0.074398,1.765560,0.234993
10.022640,2.657699,3.806975,-0.228730,1.720951,0.131528
10.151933,2.542772,4.477385,-0.335525,1.710165,0.035919
10.496716,2.485308,5.219625,-0.406499,1.704040,-0.041447
10.966003,2.456576,5.617084,-0.427538,1.644784,-0.107095
11.349095,2.399112,5.564408,-0.380000,1.520146,-0.149840
11.645991,2.116582,4.932307,-0.259624,1.356626,-0.164088
11.641202,1.565888,3.466981,-0.117675,1.125193,-0.173143
11.411347,1.336033,2.245876,-0.080124,0.975788,-0.177670
10.932482,1.221105,1.326455,-0.140046,0.863001,-0.196712
10.415308,1.043925,0.833225,-0.283592,0.809338,-0.231866
10.037006,0.751818,0.866745,-0.488393,0.804011,-0.281668
9.816728,0.339994,1.154064,-0.746191,0.824651,-0.342922
9.840671,0.110139,1.685604,-1.049795,0.845158,-0.411499
9.874192,0.167603,2.269819,-1.326502,0.836502,-0.475816
9.907711,0.359149,3.059946,-1.559665,0.826382,-0.518027
10.118412,0.612947,3.644161,-1.627444,0.787632,-0.504046
10.520659,0.996039,4.089505,-1.634235,0.752345,-0.464630
10.908539,1.503635,4.376824,-1.599081,0.684433,-0.400713
11.109663,2.164469,4.712029,-1.545417,0.602940,-0.323480
11.243744,3.045580,5.042446,-1.471380,0.523709,-0.241853
11.272477,3.960211,5.324976,-1.367782,0.443147,-0.166751
11.305997,4.855689,5.449481,-1.237418,0.385489,-0.105631
11.401770,5.717645,5.320187,-1.027558,0.321972,-0.045442
11.416136,5.981020,5.080755,-0.857246,0.272703,-0.013351
11.435291,5.880459,4.783859,-0.688798,0.224499,0.008088
11.473600,5.415960,4.228375,-0.526476,0.174164,0.021404
11.507121,4.779070,3.452615,-0.398909,0.105587,0.028595
11.578949,4.257108,2.537983,-0.309292,0.026889,0.040979
12.148799,4.079927,1.771800,-0.251634,-0.022114,0.066812
14.294113,4.630622,1.398285,-0.236321,-0.040091,0.110488
15.850423,5.080755,1.460537,-0.213151,-0.133169,0.132193
16.674070,5.205260,1.427017,-0.164015,-0.305212,0.147107
17.100259,5.042446,1.154064,-0.074797,-0.534114,0.167214
17.239130,4.592313,0.656045,0.084995,-0.859025,0.200371
16.793787,3.850073,0.124505,0.335469,-1.261435,0.259894
15.893521,2.892343,-0.445344,0.674095,-1.698333,0.340189
14.806498,1.867572,-1.216316,1.084894,-2.112993,0.432469
13.623703,0.172391,-2.265030,1.560542,-2.588907,0.556441
13.034699,-0.828436,-2.940229,1.723929,-2.853896,0.628880
12.680338,-1.245048,-3.500501,1.732584,-3.056699,0.678815
12.311613,-1.178007,-3.715990,1.614871,-3.229940,0.710108
11.789650,-0.612947,-3.308955,1.301012,-3.345257,0.689335
11.382616,0.229855,-2.006443,0.744536,-3.401317,0.613700
11.291631,1.541944,0.229855,0.032929,-3.393461,0.497052
11.837537,3.486135,3.998521,-0.962709,-3.328212,0.294649
12.393020,5.095121,7.250012,-1.634368,-3.282139,0.123671
12.833576,6.656220,10.549390,-2.065940,-3.228342,-0.040116
13.432156,7.714511,13.125683,-2.077259,-3.167088,-0.163156
14.356366,7.728877,14.289324,-1.584833,-3.148846,-0.218018
15.242265,7.283533,13.992428,-0.711302,-3.227410,-0.194448
15.132126,6.014541,11.698666,0.687011,-3.438469,-0.087787
14.126510,5.348919,9.663491,1.494228,-3.543932,-0.005627
13.087374,4.889209,7.666625,2.007427,-3.507978,0.061352
12.225418,4.372035,5.894825,2.254039,-3.361635,0.115282
11.583739,4.932307,4.898786,2.357638,-3.127274,0.130729
11.588527,5.310610,4.362458,2.461369,-2.892379,0.142713
11.574161,5.090332,4.328937,2.609044,-2.729791,0.175337
11.186281,4.285840,4.712029,2.723029,-2.642971,0.213421
10.822343,3.423883,4.836534,2.689739,-2.613542,0.232330
10.635586,2.758261,4.917941,2.501717,-2.542168,0.223408
10.396154,2.360803,5.166951,2.268953,-2.479983,0.182128
10.281227,1.929825,5.358497,2.071610,-2.418862,0.103031
9.888557,1.522790,5.401594,1.826329,-2.378115,0.026464
9.443213,1.355187,5.473424,1.566534,-2.341097,-0.049437
8.868576,1.321667,5.535676,1.339895,-2.317927,-0.108693
7.963521,1.187584,5.645815,1.062789,-2.278245,-0.159694
7.412826,1.427017,5.755954,0.863981,-2.216991,-0.195247
7.053678,1.297723,5.703279,0.707918,-2.138294,-0.225475
6.694529,1.005616,5.703279,0.553851,-2.069317,-0.257833
6.340169,1.000827,5.708068,0.402581,-1.969980,-0.292987
5.957077,1.120543,5.746377,0.282604,-1.844676,-0.317621
5.506945,1.398285,5.803841,0.204706,-1.680889,-0.329606
5.152585,1.599408,5.846939,0.208168,-1.498327,-0.335065
4.712029,1.508424,5.990598,0.288596,-1.345326,-0.323614
4.075139,1.652083,6.201298,0.457177,-1.139726,-0.304039
3.720779,1.518001,6.182144,0.607914,-0.995514,-0.280736
3.304167,1.460537,6.110314,0.729489,-0.875670,-0.256235
2.949807,1.446171,5.952289,0.827096,-0.772604,-0.239989
2.700797,1.441383,5.727222,0.913383,-0.679126,-0.225608
2.547560,1.331244,5.593140,0.997141,-0.605089,-0.213623
2.523617,1.192373,5.387228,1.072510,-0.543169,-0.204435
2.490097,0.952941,5.104698,1.125907,-0.490038,-0.198709
2.547560,0.780550,4.726395,1.130434,-0.411873,-0.206699
2.849245,0.636890,4.185278,1.063055,-0.299220,-0.233597
3.237126,0.660833,3.725568,0.945875,-0.221987,-0.272880
3.821341,0.737452,3.227548,0.788879,-0.180574,-0.329872
4.453442,1.058291,2.643333,0.582880,-0.179110,-0.402311
5.339342,1.594620,2.083062,0.340129,-0.225849,-0.488333
6.321014,2.269819,1.450960,0.087658,-0.351951,-0.585140
7.120718,2.954596,0.933786,-0.156025,-0.516138,-0.677020
7.930000,3.428672,0.675199,-0.376538,-0.649964,-0.767702
8.820689,3.706413,0.464499,-0.556038,-0.709619,-0.852792
10.602066,3.969789,0.062252,-0.555106,-0.644770,-0.951064
12.555834,3.797397,-0.933786,-0.287854,-0.558749,-0.994874
14.811286,2.973750,-2.940229,0.118551,-0.501224,-0.994075
16.602239,1.484481,-5.717645,0.442796,-0.518668,-0.937748
17.042795,0.339994,-8.581256,0.415898,-0.581919,-0.829622
16.506467,0.301685,-10.602066,0.151175,-0.584582,-0.724559
15.496064,1.096600,-11.100085,-0.183589,-0.445430,-0.644396
14.346788,3.074312,-10.056160,-0.459630,-0.329581,-0.530678
12.555834,4.142180,-9.553352,-0.429136,-0.357810,-0.444257
10.870230,4.036830,-8.902096,-0.374141,-0.328648,-0.361697
9.404904,3.859650,-7.819861,-0.256161,-0.190029,-0.268086
8.686607,3.553176,-6.172566,-0.097168,0.030218,-0.151704
8.935617,3.064734,-4.041618,0.121347,0.225830,-0.012818
9.476734,2.557138,-1.853207,0.289395,0.270838,0.089316
9.687434,2.236298,0.469287,0.415232,0.285885,0.156828
9.543775,2.188412,1.474903,0.439067,0.382693,0.141381
12.321190,0.852379,2.624179,0.259967,0.276032,0.018208
8.241263,3.419094,2.432633,0.116420,-0.305878,-0.092315
5.755954,3.337687,1.719124,0.256638,0.084414,-0.121210
6.790302,3.208394,0.828436,0.085661,0.359123,-0.184595
8.226897,3.428672,1.331244,-0.149633,0.176428,-0.284598
10.649952,3.150930,3.141353,-0.328867,0.261917,-0.399914
15.127338,4.036830,4.348092,-0.447512,0.756739,-0.499918
21.773979,6.359324,1.699970,-0.216879,1.181387,-0.521090
24.086896,8.993081,-2.408690,-0.123135,0.747152,-0.473419
20.040489,13.465677,-4.123025,-0.239383,0.047928,-0.446920
14.289324,14.088201,-2.949807,0.254108,-0.176313,-0.409635
10.611643,10.491927,0.191546,1.461737,0.002521,-0.347582
8.092815,4.812591,3.146141,3.060057,0.274300,-0.144513
6.292283,-0.392669,5.861304,4.217751,0.708802,0.145376
6.531715,-5.008925,9.955598,4.217751,1.135979,0.522619
5.760743,-6.593967,11.373038,3.781385,0.981780,0.729949
3.328110,-7.427192,10.496716,2.421155,0.817727,0.747526
1.920248,-7.278744,8.973926,1.221116,0.921192,0.606776
3.246703,-7.479867,7.317053,0.697931,1.157951,0.444720
4.989770,-7.585217,4.812591,0.328678,1.240244,0.230865
5.732011,-7.431981,2.523617,-0.107155,1.234784,-0.036121
5.928346,-6.613122,1.383919,-0.728880,1.302696,-0.363961
6.694529,-4.994559,2.202778,-1.389620,1.412020,-0.673292
8.576468,-2.782204,5.152585,-2.166742,1.519613,-0.995806
10.477561,-0.459710,6.708895,-2.653442,1.467282,-1.158527
10.932482,1.948979,6.574813,-2.899655,1.286583,-1.243350
10.520659,3.577120,5.870882,-2.949457,1.188977,-1.236825
9.840671,4.534849,5.210048,-2.896460,1.200296,-1.118047
9.337862,4.956250,4.740761,-2.802981,1.302829,-0.894870
9.227724,5.138219,4.381612,-2.697252,1.438386,-0.612571
8.983503,5.301033,4.065562,-2.562094,1.540919,-0.325611
8.643509,5.703279,3.936268,-2.343845,1.628938,0.024067
8.140701,5.808629,3.941057,-2.164079,1.655304,0.224207
7.676202,5.899613,3.950634,-1.984446,1.717489,0.336328
7.575640,5.712856,3.950634,-1.807210,1.830675,0.350842
7.594795,6.598756,4.055984,-1.653810,1.999789,0.274541
7.987464,7.120718,4.194855,-1.387090,2.162644,0.183194
8.418442,7.187760,4.324149,-1.079890,2.271569,0.101833
8.705761,7.527754,4.410344,-0.779481,2.344940,0.040979
8.562102,7.680990,4.568369,-0.442852,2.367843,0.027130
8.887730,5.890036,4.237953,-0.158821,2.397405,0.046172
8.926039,4.348092,4.070350,0.028934,2.421640,0.064015
8.662664,3.036002,3.845284,0.093517,2.442147,0.070807
8.250840,2.020809,3.519656,0.028002,2.471442,0.076133
8.035351,1.460537,3.342476,-0.063479,2.521776,0.092245
7.953943,1.187584,3.356842,-0.145772,2.543082,0.127000
7.781552,1.297723,3.170084,-0.257493,2.542949,0.184658
7.728877,1.680815,2.983327,-0.345112,2.559727,0.280267
7.987464,2.245876,2.983327,-0.386658,2.584495,0.398114
8.284360,2.849245,3.050368,-0.390653,2.592751,0.518890
8.571680,3.361630,3.289801,-0.364021,2.589022,0.623687
9.017024,3.864439,3.634583,-0.276135,2.588756,0.710774
9.347440,3.883593,3.749511,-0.175067,2.587424,0.738471
9.653914,3.759088,3.859650,-0.086649,2.578769,0.726354
9.883769,3.672893,3.835706,-0.036048,2.572910,0.687604
10.276438,3.361630,3.610640,-0.027526,2.558662,0.625152
10.697838,3.174873,3.299378,-0.084385,2.518580,0.545789
11.205435,2.882766,2.935441,-0.148568,2.471309,0.439261
11.473600,2.423056,2.743895,-0.233524,2.379561,0.319150
11.717821,2.130948,2.705586,-0.374807,2.276762,0.195444
11.775284,1.795743,2.839668,-0.622485,2.123361,0.029261
11.794439,1.608985,3.227548,-0.831147,2.021361,-0.076202
11.794439,1.513213,4.008098,-1.046333,1.910838,-0.169281
11.837537,1.608985,4.735972,-1.252199,1.776746,-0.249976
11.703454,1.795743,5.171739,-1.356596,1.600442,-0.307901
11.511909,1.848418,4.898786,-1.326103,1.406161,-0.341723
11.243744,1.814897,3.763877,-1.194407,1.172731,-0.349580
10.664319,1.853207,1.608985,-0.943800,0.883774,-0.336264
10.381788,1.738279,-0.028732,-0.764433,0.758604,-0.328008
10.367423,1.388708,-1.316878,-0.721290,0.691757,-0.345718
10.606855,0.991250,-2.212355,-0.873891,0.623446,-0.386998
10.707416,0.818859,-2.638545,-1.151663,0.542485,-0.441061
10.951637,0.967307,-2.360803,-1.485229,0.497344,-0.490863
11.229378,1.067868,-1.532367,-1.776983,0.464453,-0.521756
11.550218,1.388708,0.086196,-2.085914,0.404531,-0.526416
11.612470,1.743068,1.345610,-2.206024,0.366048,-0.494591
11.804017,2.509251,2.466153,-2.219341,0.313050,-0.440528
11.966831,3.361630,3.256280,-2.128126,0.231023,-0.374614
11.885423,4.348092,3.921902,-1.953686,0.128890,-0.303506
11.645991,5.099909,4.357669,-1.689496,0.026756,-0.241720
11.559795,5.583563,4.621045,-1.374972,-0.075511,-0.181399
11.420925,5.722434,4.367247,-0.951257,-0.214797,-0.107228
11.329940,5.430326,3.744722,-0.668691,-0.291230,-0.057560
11.387404,4.913152,2.973750,-0.435262,-0.344894,-0.012019
11.492754,4.209221,2.298551,-0.244843,-0.407213,0.035386
11.665145,3.447826,1.470115,-0.089711,-0.483380,0.081193
11.899789,2.700797,0.483653,0.044115,-0.620535,0.129530
12.225418,2.078273,-0.612947,0.159431,-0.784855,0.197841
14.696359,2.020809,-1.704759,0.233202,-0.940652,0.333531
17.320537,2.336860,-1.829263,0.217755,-1.102575,0.438195
18.594318,2.427844,-1.307301,0.138525,-1.346391,0.514363
18.608684,2.384746,-0.689565,0.057297,-1.604988,0.562434
17.938272,2.188412,-0.459710,0.130402,-1.927368,0.588932
16.496891,1.446171,-1.144487,0.404179,-2.391032,0.629147
14.528757,0.483653,-2.351226,0.730821,-2.900103,0.687737
12.565411,-0.210700,-3.505290,0.916712,-3.281606,0.732745
10.621220,-0.038309,-3.783031,0.660779,-3.446192,0.699855
9.907711,0.928998,-2.509251,0.109762,-3.375884,0.579345
9.634759,2.183623,-0.177180,-0.597451,-3.246452,0.398913
9.802362,3.625006,2.887554,-1.307727,-3.103438,0.208095
10.448829,5.143007,6.847766,-1.893498,-2.908625,0.038182
11.808805,6.632277,10.798400,-2.219607,-2.715809,-0.096043
13.417791,8.068871,13.719475,-2.138645,-2.626725,-0.183396
15.630146,8.653086,14.816076,-1.270309,-2.729525,-0.201373
16.645338,8.083237,13.896656,-0.207425,-2.955231,-0.115351
16.386751,6.689741,11.875846,0.914449,-3.172681,0.040047
15.189590,5.238780,9.414482,1.774530,-3.259635,0.195711
13.906232,4.712029,7.178183,2.305572,-3.170817,0.317419
12.929348,4.549215,5.607506,2.554049,-2.985591,0.372414
12.364288,4.142180,4.295417,2.593864,-2.711814,0.336061
12.455272,3.706413,3.907536,2.490798,-2.526189,0.253369
12.618086,3.122198,3.907536,2.306904,-2.391298,0.153099
12.728225,2.925864,4.166123,2.063887,-2.288365,0.035519
12.843152,2.734318,4.530060,1.829658,-2.254143,-0.071009
12.541468,2.739106,4.898786,1.569730,-2.278112,-0.156631
12.048237,2.408690,4.879631,1.250944,-2.310869,-0.220947
11.693878,2.652911,4.860477,0.908989,-2.326582,-0.272480
11.334729,2.547560,4.975405,0.607914,-2.404081,-0.301909
10.927694,2.087850,5.066389,0.454381,-2.505283,-0.291655
10.329113,1.968134,5.133430,0.311766,-2.568667,-0.292587
9.759263,2.298551,5.487790,0.238928,-2.569732,-0.313893
9.270822,2.379958,5.928346,0.315228,-2.526988,-0.332669
8.600411,2.384746,6.392844,0.447590,-2.439369,-0.344120
7.925211,2.370380,6.833400,0.617102,-2.299817,-0.346384
7.307476,2.150103,7.120718,0.797801,-2.123646,-0.331204
6.502983,1.915459,7.350574,0.979298,-1.856128,-0.307235
6.076794,1.963345,7.441558,1.082630,-1.649064,-0.286462
5.746377,1.853207,7.273955,1.165056,-1.456514,-0.256101
5.444692,1.494058,6.924384,1.197414,-1.294858,-0.209495
5.200471,2.097428,6.574813,1.168784,-1.134533,-0.164221
5.071177,1.795743,6.124680,1.179837,-1.026674,-0.108826
4.673720,1.259414,5.607506,1.146680,-0.988989,-0.066348
4.304994,1.225894,5.056812,1.094748,-0.916950,-0.039849
4.108659,1.230682,4.577947,1.079301,-0.819876,-0.022938
3.845284,1.283357,4.046407,1.087956,-0.696303,-0.025735
3.629795,1.336033,3.663315,1.125241,-0.609350,-0.047839
3.447826,1.321667,3.385574,1.161061,-0.539574,-0.074604
3.237126,1.379130,3.141353,1.179437,-0.496830,-0.101769
3.055157,1.383919,2.882766,1.177174,-0.480051,-0.132396
2.968961,1.436594,2.767838,1.135761,-0.488174,-0.158761
3.002482,1.412651,2.633756,1.073309,-0.528522,-0.190054
3.107832,1.422228,2.581081,0.968778,-0.566605,-0.224143
3.725568,1.412651,2.423056,0.780623,-0.578856,-0.287527
4.443865,1.350399,2.154891,0.606849,-0.582718,-0.346917
5.291455,1.302512,1.929825,0.414433,-0.574062,-0.414429
6.273128,1.245048,1.719124,0.209899,-0.548363,-0.478079
7.388883,1.245048,1.446171,0.042117,-0.511477,-0.531743
8.609989,0.857168,1.082234,-0.072001,-0.509879,-0.571691
9.989119,0.617735,0.770972,-0.147103,-0.500292,-0.606179
11.037833,0.196335,0.292108,-0.117941,-0.561545,-0.644396
11.674723,-0.263376,-0.373515,-0.026993,-0.607885,-0.656247
12.220628,-0.952941,-1.752645,0.159698,-0.597365,-0.642132
12.474427,-1.091812,-3.069523,0.251578,-0.478187,-0.661441
12.665973,-0.747029,-4.295417,0.338132,-0.331312,-0.683545
12.622875,-0.339994,-5.554831,0.359704,-0.194423,-0.709511
12.402597,0.397458,-6.201298,0.268489,-0.094952,-0.717901
12.187108,1.192373,-6.311437,0.084329,-0.041156,-0.723626
11.938098,2.255453,-5.976232,-0.200634,-0.051942,-0.701921
11.851902,2.791781,-5.406383,-0.422878,-0.069253,-0.668498
11.952465,3.074312,-4.640199,-0.597584,-0.092023,-0.612438
12.091335,3.098255,-3.936268,-0.679078,-0.128109,-0.550518
11.995562,2.877977,-3.184451,-0.620887,-0.134767,-0.472087
11.799227,2.432633,-2.365592,-0.479471,-0.091623,-0.391126
11.066565,1.714336,-1.139698,-0.237652,-0.002273,-0.297115
10.195031,1.264203,-0.512385,-0.078526,0.110247,-0.256634
9.055333,0.871534,-0.234644,0.037989,0.273768,-0.256767
8.030562,0.718297,-0.138871,0.081533,0.494148,-0.295783
6.986637,0.890688,-0.100562,0.056099,0.723716,-0.352909
6.608334,1.235471,-0.330417,-0.027925,0.896691,-0.400314
7.020157,2.140525,-0.641679,-0.167210,0.770455,-0.447719
6.857343,3.002482,-0.555483,-0.327668,0.343810,-0.533740
5.626661,1.920248,2.533195,-0.741397,0.411455,-0.673292
10.386577,3.256280,7.910845,-1.362589,1.729474,-0.866108
15.309307,5.248358,7.680990,-1.293745,2.303128,-0.893805
19.130645,6.402421,3.500501,-1.060715,2.181286,-0.798196
20.011756,9.050544,-1.996866,-0.982150,1.609097,-0.692467
18.268690,13.614125,-4.846111,-0.866967,1.061143,-0.572889
15.400291,16.468158,-4.391190,-0.181592,0.745421,-0.388995
13.776939,13.877501,-2.662488,1.592101,0.753544,-0.041181
13.800882,8.322669,-0.090984,2.730087,0.905080,0.138319
14.092989,4.506117,4.132603,3.274312,0.891098,0.336594
12.895828,1.771800,8.504638,3.509472,0.753677,0.576682
10.405732,-0.833225,11.018678,3.628917,0.729708,0.759910
8.150279,-3.931479,11.210224,3.607745,0.790695,0.838208
6.397633,-6.775936,9.787996,3.341691,0.853946,0.806383
5.645815,-10.314747,7.096776,2.894140,0.874320,0.668562
4.688086,-12.742591,3.601063,1.725793,0.887103,0.335529
3.874016,-12.709071,2.049541,0.753725,0.947824,0.034321
3.452615,-11.143183,1.556310,-0.243911,1.068600,-0.251840
3.869227,-8.705761,2.130948,-1.099065,1.184183,-0.503380
4.688086,-5.976232,3.208394,-1.851020,1.277928,-0.699658
6.062427,-2.887554,4.290628,-2.468217,1.352897,-0.824695
7.728877,-0.028732,4.913152,-2.842130,1.328396,-0.885949
8.605200,1.522790,5.047235,-3.040938,1.299500,-0.890742
10.319536,3.385574,5.583563,-3.266245,1.296437,-0.822564
11.004312,4.362458,5.708068,-3.326167,1.281523,-0.696728
11.119239,5.171739,5.473424,-3.302997,1.301764,-0.529745
10.712204,5.789474,5.200471,-3.173965,1.357025,-0.354507
9.950810,6.210875,4.764704,-2.997128,1.437587,-0.211227
9.170260,6.416788,4.261896,-2.781143,1.496177,-0.113886
8.375345,6.948328,3.993732,-2.526674,1.531465,-0.062220
7.609161,7.350574,3.826129,-2.212416,1.569815,-0.039983
7.278744,7.211703,3.888382,-1.796158,1.674079,-0.049437
7.441558,6.967482,4.041618,-1.549279,1.753709,-0.082860
7.819861,6.857343,4.223587,-1.285622,1.836135,-0.109492
8.423232,5.794263,4.113448,-1.064310,1.903913,-0.118547
8.839843,4.970616,3.984155,-0.950458,1.954248,-0.121477
8.993081,4.137392,3.692047,-0.888272,1.991400,-0.117748
8.902096,3.620217,3.395151,-0.932215,2.000854,-0.107495
8.490272,3.332899,3.332899,-0.971098,1.985274,-0.082860
7.810284,3.481347,3.433460,-0.988808,1.984609,-0.035455
7.230857,3.936268,3.419094,-0.977756,2.024557,0.066812
7.173394,4.381612,3.227548,-0.937808,2.046661,0.148838
7.264378,4.688086,2.973750,-0.867366,2.034943,0.242849
7.436769,5.071177,3.036002,-0.756976,2.026554,0.352706
7.748032,5.449481,3.261069,-0.587863,2.026820,0.468556
8.059294,5.511733,3.476558,-0.398909,2.033612,0.571488
8.346612,5.588352,3.648949,-0.232059,2.057314,0.646591
8.471117,5.617084,3.768666,-0.052560,2.077155,0.700521
8.571680,5.358497,3.859650,0.122146,2.095797,0.728484
8.715339,4.922729,3.739934,0.248249,2.120299,0.721959
9.079276,4.290628,3.438249,0.322685,2.155053,0.651384
9.471945,3.821341,3.150930,0.345056,2.186346,0.559904
10.060949,3.237126,2.729529,0.352247,2.236680,0.456838
10.683473,2.676854,2.202778,0.330142,2.259850,0.348712
11.162338,2.063907,1.699970,0.283536,2.242806,0.253768
11.444868,1.585042,1.264203,0.197914,2.187012,0.164551
11.631625,1.422228,1.292935,0.105235,2.099393,0.081992
11.516697,1.163641,1.527578,0.016817,1.969961,0.004360
11.282053,0.785338,1.867572,-0.098100,1.830542,-0.060622
11.018678,0.612947,2.547560,-0.310358,1.594982,-0.113221
10.798400,0.641679,3.146141,-0.460163,1.389916,-0.129466
10.621220,0.732663,3.687258,-0.596385,1.181919,-0.125605
10.309958,0.885900,4.103871,-0.738467,1.005616,-0.115484
10.214185,1.173219,4.223587,-0.878152,0.878980,-0.106563
10.142355,1.561099,3.945845,-0.998928,0.768990,-0.109093
10.142355,1.881938,3.055157,-1.061647,0.703209,-0.133062
10.329113,1.790954,1.273780,-1.079756,0.685632,-0.213490
10.554180,1.450960,-0.038309,-1.117174,0.676710,-0.310431
10.602066,1.096600,-0.972095,-1.206392,0.648081,-0.420288
10.467984,0.938575,-1.345610,-1.349006,0.650211,-0.527482
10.410520,0.928998,-0.857168,-1.550078,0.668854,-0.615367
10.381788,1.091812,0.316051,-1.815732,0.675645,-0.676621
10.338690,1.561099,2.006443,-2.076060,0.630637,-0.707914
10.400942,2.399112,4.242742,-2.252630,0.496012,-0.683812
10.396154,2.782204,5.281878,-2.217077,0.350202,-0.622691
10.439251,2.921075,5.684124,-2.090308,0.218640,-0.540531
10.501504,2.887554,5.645815,-1.916801,0.109182,-0.448651
10.626009,2.921075,5.248358,-1.728379,0.033414,-0.360765
10.726571,2.868400,4.889209,-1.542621,-0.053673,-0.279138
10.520659,2.830090,4.635411,-1.390153,-0.110133,-0.213890
10.376999,2.854034,4.716818,-1.231825,-0.109467,-0.149573
10.262072,2.806147,4.783859,-1.134086,-0.110133,-0.109625
10.185454,2.648122,4.721606,-1.039010,-0.100678,-0.069811
10.238128,2.389535,4.501328,-0.944466,-0.092023,-0.019476
10.271649,2.049541,4.170912,-0.853518,-0.109866,0.039248
10.051371,1.834052,3.543599,-0.788535,-0.159402,0.099303
9.735321,1.972923,2.849245,-0.748987,-0.222919,0.167081
10.429675,2.581081,2.571504,-0.776817,-0.209204,0.245779
13.384270,4.415133,2.873188,-0.915836,-0.152211,0.335529
15.021987,5.708068,3.356842,-0.974161,-0.234504,0.364425
15.515218,6.761570,3.902748,-1.013842,-0.383644,0.359631
15.730708,7.657047,3.763877,-0.928886,-0.605888,0.338458
15.802536,8.078449,2.897132,-0.618490,-0.956365,0.316087
15.577470,7.886902,1.565888,-0.089312,-1.402718,0.324077
14.988467,7.024946,0.014366,0.594731,-1.880230,0.365357
13.767362,4.774281,-2.255453,1.563471,-2.444296,0.456039
12.843152,2.782204,-3.672893,2.138323,-2.744438,0.535668
12.144010,1.101389,-4.625833,2.456709,-2.911954,0.593060
11.396982,0.023943,-4.893998,2.478547,-2.993714,0.614632
10.822343,-0.028732,-4.712029,2.191454,-2.965484,0.584139
10.578123,0.794915,-3.998521,1.688908,-2.898904,0.510235
10.721782,2.073484,-2.834879,1.077037,-2.906228,0.419420
11.382616,4.175701,-0.191546,0.221883,-3.024075,0.321813
12.268515,5.789474,2.844457,-0.399442,-3.087459,0.283463
13.317229,7.264378,6.028907,-0.914904,-3.070148,0.248975
14.619741,8.418442,8.734494,-1.155924,-3.024341,0.190917
15.467331,8.380133,10.740937,-0.981884,-3.035526,0.127000
15.687609,6.641854,11.722609,-0.546051,-3.053636,0.062284
15.553527,5.310610,12.081758,-0.080523,-3.057498,0.027929
14.274958,3.778243,10.894173,0.506446,-3.023276,-0.019742
13.135260,3.203605,9.275610,0.917778,-2.993181,-0.049437
12.225418,2.935441,7.657047,1.242422,-2.907959,-0.101902
12.000350,2.858823,6.182144,1.489833,-2.807823,-0.196712
12.009928,3.217971,5.205260,1.646163,-2.720336,-0.319086
11.962041,3.031214,4.568369,1.786115,-2.671467,-0.428144
11.559795,3.466981,4.156546,1.761214,-2.622730,-0.512301
11.200647,3.802186,3.936268,1.689174,-2.535377,-0.581278
10.793612,4.343303,4.094294,1.579450,-2.492500,-0.600720
10.458406,4.922729,4.453442,1.519528,-2.487040,-0.593929
10.175876,4.702452,4.678508,1.532578,-2.501155,-0.559440
10.003485,4.688086,5.090332,1.545494,-2.491168,-0.528147
9.831093,4.348092,5.334553,1.616202,-2.456813,-0.488199
9.471945,4.012887,5.506945,1.667602,-2.393562,-0.442126
8.935617,3.735145,5.952289,1.819937,-2.221252,-0.395520
8.724916,3.203605,6.306649,1.974936,-2.058797,-0.358768
8.471117,2.700797,6.598756,2.123409,-1.926436,-0.319086
8.246051,2.083062,6.589179,2.188125,-1.822039,-0.270350
7.848593,1.498847,6.273128,2.144981,-1.731623,-0.208963
7.604372,0.890688,5.904402,2.028200,-1.604855,-0.158895
7.700145,0.416612,5.502156,1.870272,-1.461308,-0.129200
7.738454,0.263376,5.128642,1.705420,-1.347856,-0.117215
7.364940,0.502808,4.989770,1.583845,-1.242792,-0.102568
6.665797,1.010405,5.267512,1.625524,-1.066888,-0.050103
6.210875,1.316878,5.602717,1.751893,-0.929600,0.001830
5.679336,1.427017,5.861304,1.901298,-0.813884,0.056292
5.143007,1.245048,5.870882,2.020077,-0.682987,0.094243
4.673720,0.895477,5.846939,2.070012,-0.558882,0.113950
4.343303,0.584215,5.751165,2.056962,-0.462607,0.114084
4.079927,0.383092,5.679336,1.999570,-0.394696,0.092512
3.864439,0.287319,5.765532,1.899700,-0.352484,0.052830
3.510078,0.215489,5.703279,1.762146,-0.312403,0.008488
3.457403,-0.004789,5.521310,1.559743,-0.253413,-0.032393
3.744722,-0.004789,5.052023,1.189424,-0.158603,-0.078732
4.199644,-0.344783,4.592313,0.900201,-0.082169,-0.103766
4.601890,-0.866745,4.170912,0.593134,-0.001740,-0.129067
5.028080,-1.532367,3.816552,0.270753,0.098929,-0.162490
5.521310,-2.126159,3.476558,-0.045769,0.221969,-0.210294
6.091159,-2.753472,3.203605,-0.349640,0.342079,-0.266222
6.742415,-3.074312,2.858823,-0.673751,0.442748,-0.330538
7.398460,-2.988116,2.485308,-0.983615,0.494814,-0.395786
7.958732,-2.571504,2.150103,-1.245408,0.489354,-0.467160
8.519004,-1.642506,1.345610,-1.511595,0.430764,-0.581545
9.060121,-0.732663,0.483653,-1.666193,0.345142,-0.670496
9.725744,0.220278,-0.363937,-1.768061,0.201462,-0.733480
10.568545,1.115755,-1.427017,-1.821458,0.014771,-0.761444
11.555006,1.819686,-2.351226,-1.841299,-0.169123,-0.764640
12.670762,2.365592,-3.227548,-1.876453,-0.306544,-0.742003
14.035526,3.117409,-4.055984,-1.918798,-0.418531,-0.713639
15.395502,4.702452,-5.023291,-1.886573,-0.521597,-0.690736
15.534373,6.253973,-5.698491,-1.775385,-0.558882,-0.681814
14.662838,7.834227,-6.335381,-1.595486,-0.556352,-0.635874
13.350749,8.667452,-6.608334,-1.374173,-0.560347,-0.548920
11.133605,8.490272,-6.210875,-1.167243,-0.608285,-0.452113
8.183799,7.877325,-4.692874,-1.049795,-0.539840,-0.384335
6.225242,7.096776,-2.107005,-0.916635,-0.256609,-0.335864
5.071177,5.324976,1.029559,-0.460163,0.349935,-0.238657
5.190894,3.625006,2.739106,0.008428,0.781108,-0.122276
5.521310,1.752645,4.008098,0.456911,1.123595,0.011151
5.602717,0.287319,4.673720,0.754790,1.384855,0.119543
5.641026,-0.541117,4.625833,0.882757,1.569016,0.223275
6.277917,-0.608158,3.620217,0.786082,1.692322,0.287059
11.373038,-0.181969,3.648949,0.526154,1.359156,0.197175
11.420925,1.781377,2.446999,0.401383,0.772852,0.147507
13.149626,2.992905,1.762222,0.377947,0.812800,0.115948
17.200820,4.577947,1.589831,0.238129,1.265278,0.031125
21.041316,6.488617,0.737452,0.253043,1.501637,-0.026933
22.157072,7.633104,-1.154064,0.563039,1.523209,-0.006959
20.715688,7.317053,-2.351226,0.900866,1.531598,0.038049
17.995737,7.336208,-1.230682,1.079035,1.411354,0.080128
14.720303,7.762397,0.981673,1.213127,1.258087,0.127533
11.856692,7.748032,2.786993,1.602886,1.126525,0.180264
9.280399,6.206087,4.055984,2.231801,1.021462,0.231797
7.230857,2.370380,4.898786,2.734081,0.951020,0.290654
5.550042,-2.600235,5.813418,2.707982,1.009610,0.329403
5.861304,-5.832572,6.263551,2.339262,1.122930,0.338458
6.704106,-8.356190,5.990598,1.823000,1.228525,0.285727
6.981848,-10.147145,4.750338,1.228573,1.241176,0.163619
6.287494,-9.361806,3.361630,0.535209,1.267941,0.027263
5.387228,-7.642681,2.628968,-0.158821,1.340513,-0.095510
5.032868,-5.286667,2.854034,-0.899591,1.435856,-0.232932
5.377651,-2.849245,3.457403,-1.556603,1.467681,-0.370619
6.273128,-0.703931,4.118237,-2.046232,1.423472,-0.495523
7.862959,1.441383,4.908364,-2.446245,1.327996,-0.646793
10.080103,3.155719,5.526099,-2.579405,1.237314,-0.705916
11.329940,4.592313,5.674547,-2.533066,1.056083,-0.701921
11.569373,5.497367,5.468636,-2.360890,0.954482,-0.630814
11.052199,5.904402,5.157373,-2.131588,0.937171,-0.506709
10.065737,5.870882,4.870054,-1.915602,1.001354,-0.361032
9.127162,6.086371,4.582736,-1.738633,1.115739,-0.223078
8.265206,6.297071,4.328937,-1.455801,1.227061,-0.047839
7.906057,5.995387,4.295417,-1.226233,1.288980,0.055626
7.781552,5.660181,4.367247,-1.028756,1.332257,0.122206
8.121546,5.219625,4.573158,-0.845128,1.388051,0.143246
8.734494,4.812591,4.625833,-0.694524,1.447041,0.118212
9.232513,4.439076,4.343303,-0.569221,1.514953,0.075334