⸮-2554	7442	-2281	844	508	-87	
-2409	7450	-2225	998	338	-132	
-2434	7495	-2326	1084	412	-189	
-2430	7546	-2443	1063	543	-238	
-2454	7500	-2579	1009	655	-258	
-2286	7459	-2758	980	781	-271	
-2325	7354	-2973	959	996	-327	
-2574	7250	-3066	973	946	-415	
-2387	7131	-3046	1040	778	-529	
-1899	7048	-3077	1098	1003	-633	
-1699	6932	-3262	1095	1528	-706	
-1864	6858	-3459	1021	1833	-722	
-1664	6820	-3604	823	1881	-696	
-1245	6783	-3702	450	2140	-597	
-1588	6665	-3901	-32	2167	-428	
-2411	6471	-4486	-212	1321	-266	
-1553	6051	-5111	-125	601	-138	
-1581	5758	-5428	-329	765	26	
-1465	5865	-5340	-492	648	94	
-1010	6531	-4703	-700	801	206	
-696	7267	-4130	-942	1071	346	
-1054	7613	-4018	-1183	1188	484	
-2193	7597	-3834	-1358	709	635	
-2058	7411	-3533	-1449	357	703	
-951	8378	-2777	-1417	474	654	
-1897	9084	-1755	-1267	837	602	
231	7852	-2504	-1089	602	481	
212	7690	-3288	-1036	837	288	
-107	7908	-3359	-1096	730	115	
-175	7739	-3097	-1176	853	-3	
-333	7717	-2596	-1199	651	-59	
-287	7763	-2464	-1201	677	-88	
-602	7752	-2384	-1240	575	-101	
-581	7787	-2219	-1279	408	-82	
-627	7771	-1656	-1279	201	-49	
-436	7807	-1177	-1204	-42	-40	
-290	7787	-873	-1078	-228	-38	
-548	7865	-722	-953	-450	-33	
-367	7921	-481	-809	-888	-64	
211	8001	-351	-703	-836	-121	
132	8003	-388	-686	-304	-164	
-50	8060	-354	-630	-244	-224	
109	8089	-261	-599	40	-294	
97	8109	-427	-642	418	-352	
-102	8128	-435	-669	496	-421	
76	8232	-863	-769	702	-512	
-940	8290	-1319	-965	576	-548	
-1129	8297	-1524	-1250	92	-549	
-1721	8228	-1217	-1567	-307	-510	
-1691	8025	-399	-1802	-701	-438	
-1611	7960	388	-1721	-847	-417	
-1768	8288	653	-1354	-1590	-375	
-1236	8137	982	-1021	-2435	-237	
-931	7984	1651	-793	-2495	-108	
-1188	7595	1356	-50	-2377	-73	
-1003	7567	339	1168	-2201	-148	
-1406	7297	-325	2293	-1687	-203	
-1751	7446	-1063	3315	-1594	-266	
-2045	7344	-1521	4028	-2002	-318	
-1560	7693	-1875	4447	-2580	-328	
-680	7908	-2397	4676	-2890	-357	
620	7840	-2770	4593	-2041	-438	
789	7709	-2928	4247	-360	-486	
-146	7748	-2895	3749	504	-413	
-456	7793	-2975	3021	437	-218	
-69	7936	-2766	1758	234	-45	
130	8255	-2380	260	631	-73	
91	8727	-2201	-1103	1324	-289	
-788	8706	-1961	-2170	2052	-430	
-1978	8287	-1633	-2617	2063	-313	
-2978	7352	-1786	-2096	916	65	
-1999	7711	-1687	-1419	-327	265	
-548	8285	-1224	-1215	-156	260	
-490	8500	-1689	-1050	99	317	
-1232	8429	-1702	-1015	-150	468	
-1736	8112	-1445	-973	74	426	
-1194	8028	-1375	-937	666	396	
-343	8040	-1291	-874	430	434	
235	8025	-1172	-802	391	402	
-68	8025	-1056	-720	797	306	
-192	7994	-973	-593	682	253	
-59	8010	-1023	-489	562	197	
-124	8019	-1013	-420	606	165	
-268	7998	-959	-388	566	142	
-148	8024	-892	-341	584	116	
-277	7982	-768	-280	493	86	
-93	8029	-657	-194	269	59	
-69	8050	-758	-129	105	27	
-61	8059	-892	-85	-90	-3	
113	8100	-969	-88	-111	-38	
-67	8078	-927	-101	-82	-80	
-1	8112	-958	-100	-182	-121	
38	8098	-865	-97	-228	-180	
-61	8069	-618	-84	-179	-225	
13	8054	-417	-24	-210	-268	
40	8092	-609	37	-179	-322	
-240	8108	-876	62	-242	-377	
-181	8132	-998	52	-290	-427	
-472	8070	-915	21	-283	-449	
-471	8049	-815	10	-180	-452	
-541	8035	-668	53	-162	-455	
-586	8023	-569	116	-210	-463	
-854	8025	-540	192	-368	-457	
-1082	8028	-689	237	-498	-432	
-1220	8037	-958	240	-566	-387	
-1346	8040	-1223	197	-604	-321	
-1280	8050	-1196	133	-609	-270	
-1189	8060	-1089	53	-435	-256	
-1400	8023	-1063	27	-588	-253	
-1022	8034	-919	12	-675	-238	
-1042	7982	-761	-2	-495	-232	
-1157	8007	-747	8	-324	-214	
-1253	7965	-840	28	-282	-209	
-1324	7989	-840	16	-283	-196	
-1466	8010	-822	25	-263	-180	
-1610	7930	-847	54	-328	-168	
-1575	7959	-888	69	-431	-154	
-1585	7927	-774	100	-498	-142	
-1429	7916	-594	145	-408	-123	
-1479	7958	-561	197	-283	-100	
-1467	7988	-669	240	-242	-69	
-1630	7993	-954	241	-206	-44	
-1793	7949	-1144	213	-305	-16	
-1592	7983	-1114	187	-339	-4	
-1506	8006	-1182	122	-303	11	
-1401	8027	-1129	78	-355	22	
-1356	8018	-1082	49	-291	18	
-1438	8020	-1241	-5	-155	9	
-1459	7967	-1218	-45	-177	-9	
-1432	8006	-1115	-78	-143	-30	
-1548	7979	-1049	-116	-131	-31	
-1593	7969	-1034	-141	-176	-27	
-1612	7922	-1052	-162	-195	-28	
-1677	7958	-975	-195	-197	-30	
-1706	7941	-827	-208	-249	-26	
-1603	7947	-634	-174	-357	-30	
-1538	7991	-563	-149	-359	-28	
-1555	7964	-532	-104	-332	-32	
-1580	7986	-489	-43	-360	-46	
-1624	7960	-595	-29	-406	-64	
-1547	8035	-805	-41	-549	-82	
-1359	7939	-903	-88	-469	-78	
-1393	8070	-1010	-172	-163	-78	
-1468	8098	-1095	-373	175	-63	
-1575	8071	-1043	-631	407	-52	
-1526	8127	-1004	-818	629	-40	
-2038	8137	-868	-831	543	-32	
-2391	8088	-439	-772	116	27	
-2570	8113	-254	-535	-450	118	
-2627	7893	-132	-194	-1223	250	
-1856	7381	-490	546	-2171	387	
-711	7341	-1181	1525	-1843	315	
-1250	7435	-1760	2199	-764	132	
-1706	7455	-2138	2582	-313	-36	
-1630	7515	-2240	2684	25	-203	
-1540	7683	-2254	2618	333	-278	
-1440	7726	-2123	2495	544	-204	
-1553	7738	-1978	2311	582	-75	
-1183	7844	-1891	2145	161	30	
-384	7780	-1960	1802	120	104	
191	7504	-1809	1128	371	199	
-49	7836	-1430	60	1174	317	
-2128	7756	-1764	-664	157	320	
-1663	7417	-2552	-392	-918	662	
-1604	7820	-1880	-419	-1227	853	
-714	8363	-1730	-287	-950	788	
-1051	9504	-1117	-132	585	373	
-2290	8382	-1892	-31	1059	313	
-1603	7569	-3197	53	-90	443	
-271	7697	-3325	-44	-165	442	
-236	7815	-3061	-215	451	329	
-534	7814	-2892	-302	537	268	
-416	7750	-2909	-377	573	226	
-388	7726	-2806	-451	634	196	
-543	7731	-2586	-485	592	188	
-515	7749	-2469	-484	479	183	
-456	7746	-2359	-470	399	177	
-209	7779	-2358	-460	380	164	
-325	7840	-2441	-488	300	142	
-384	7859	-2344	-538	179	127	
-397	7864	-2217	-551	-24	105	
25	7886	-2106	-552	-72	81	
179	7925	-2119	-581	10	39	
-205	7872	-1841	-535	-12	2	
-56	7903	-1683	-503	39	-10	
-173	7919	-1528	-498	177	-1	
-138	7908	-1411	-519	253	18	
-152	7922	-1252	-490	254	4	
-119	7917	-1160	-424	178	-22	
-153	7942	-1075	-341	61	-55	
-32	7950	-1030	-250	61	-83	
-78	7982	-1024	-186	29	-103	
-115	7989	-1117	-160	49	-117	
-132	8010	-1034	-131	61	-135	
-115	7990	-893	-79	58	-157	
-88	7998	-738	-1	51	-183	
-74	7990	-958	68	81	-213	
-368	8053	-1211	109	45	-220	
-354	8061	-1317	113	-27	-238	
-384	8035	-1361	81	48	-240	
-529	8032	-1286	70	-10	-232	
-533	7991	-1175	77	-97	-217	
-430	8013	-1185	91	-138	-210	
-449	8015	-1287	91	-214	-205	
-513	8027	-1338	86	-243	-215	
-546	8053	-1366	78	-270	-226	
-507	8022	-1322	55	-268	-240	
-538	8032	-1221	47	-242	-242	
-653	8021	-1038	69	-156	-243	
-742	7966	-968	106	-71	-235	
-806	7982	-970	161	-24	-217	
-1058	8069	-1131	192	55	-174	
-1233	8101	-1158	239	165	-97	
-1293	8085	-1256	222	357	-38	
-1641	8043	-1657	311	439	-70	
-1519	7886	-2066	450	394	-171	
-1088	7686	-2194	550	527	-316	
-1452	7351	-2568	625	849	-424	
-2868	7087	-2924	964	-350	-506	
-1593	7353	-3207	1160	-1650	-479	
-811	7391	-3254	941	-1422	-482	
-668	7456	-2989	516	-998	-491	
-475	7563	-2550	186	-761	-441	
482	8039	-1935	-126	-222	-289	
-713	8103	-527	116	11	10	
-692	8095	-525	106	1	11	
-728	8096	-517	99	-35	15	
-694	8103	-517	96	-59	18	
-676	8122	-590	77	-48	20	
-660	8120	-599	58	-55	21	
-683	8106	-585	43	-40	21	
-701	8097	-560	35	-42	27	
-670	8110	-446	8	7	43	
-552	8063	-226	-166	269	90	
-729	7986	-247	-185	459	75	
-330	8006	-371	-63	510	50	
-737	8080	-444	102	565	24	
-833	8121	-475	253	45	-8	
-484	8090	-261	358	-274	-53	
27	7968	362	518	-391	-99	
63	7773	1267	816	-236	-175	
96	7532	2637	1467	-242	-293	
-466	7574	3344	2441	-401	-421	
-982	9196	1958	3436	-726	-599	
-720	12265	501	4090	-792	-799	
-341	11175	-1120	4081	-278	-659	
-473	10279	-2965	3411	335	-207	
-1663	8324	-3011	1570	340	681	
-2028	6788	-2602	-751	-973	1185	
-343	6335	-2474	-2734	-1536	1390	
821	6358	-2844	-4576	159	1312	
45	6365	-3019	-5855	1750	843	
-1133	6650	-2595	-6422	2001	257	
-1516	7174	-1667	-6245	1110	-83	
-1058	7324	-846	-5474	464	-240	
-1180	6829	315	-4126	338	-226	
-928	6366	1079	-2140	-51	-53	
-332	6264	603	183	-502	95	
176	7602	1112	2036	-650	206	
248	11567	1737	2022	1468	31	
-518	7834	-860	2411	1956	154	
-863	8713	-2001	2227	1354	184	
-1845	8279	-1814	2080	395	315	
-690	8351	-1825	1919	-463	471	
-316	8227	-1940	1587	-20	468	
248	8404	-1921	1308	-621	428	
114	8426	-1673	1012	-558	365	
-189	8170	-924	789	-198	283	
66	7997	139	791	-600	278	
1932	7938	562	878	-738	263	
838	8106	-177	953	333	140	
-641	7818	-428	1271	-366	129	
119	7862	508	1641	-795	38	
562	7903	1006	2119	-652	6	
459	8410	652	2696	-930	37	
-1079	8901	231	3356	-1364	-80	
-2073	9601	-137	3944	-1314	-395	
-2001	10609	729	4385	-1089	-876	
-4077	11325	3597	4768	-967	-1221	
746	11437	3734	5068	-3405	-1607	
6516	10748	-3071	4016	2166	-1672	
-49	12379	-3892	2751	5478	-1333	
-1419	9380	-4530	738	1685	-1267	
2043	7652	-5474	-1657	-897	-1029	
1939	6319	-5737	-4122	-104	-720	
456	5661	-6069	-6513	-975	-555	
682	5384	-6559	-8485	-1569	-3	
777	6494	-5995	-9854	-578	576	
-282	8152	-5362	-10285	278	679	
-1034	7211	-4735	-9603	-161	905	
-346	6096	-3740	-7125	-727	1223	
859	3718	-2406	-2297	-679	1012	
1871	5418	-4840	2609	331	539	
259	13926	-503	2395	6917	-250	
-5729	7072	-4272	3101	6364	116	
-2476	10202	-5811	3350	2562	518	
-3282	8117	-4075	3035	-1285	513	
1806	8794	-3590	2636	-2225	594	
82	8360	-1943	1750	1100	471	
-537	8056	-783	1620	-593	350	
1594	8041	-498	1563	-339	237	
373	7976	-523	1486	1335	200	
-803	8025	-179	1721	623	158	
-54	8031	703	2079	50	137	
-356	7803	1764	2685	-502	165	
-607	8336	1243	3558	-1273	32	
-1469	9231	1102	4333	-896	-345	
-1985	10184	1209	5032	-591	-783	
-2886	12883	3717	5572	67	-1228	
-404	13217	3004	5819	-1335	-1440	
5333	11191	-4083	4097	2335	-1246	
-2373	12755	-4139	2080	4574	-709	
-2109	8839	-4878	-410	-335	-504	
1417	6507	-5653	-2818	-2071	-168	
1018	5720	-5970	-5208	-2147	199	
659	5741	-6329	-7344	-2039	450	
400	5619	-6694	-9103	-1287	773	
-44	6991	-6547	-10135	-666	975	
-227	6822	-6176	-9989	-409	1260	
-946	6771	-5809	-8197	-1466	1437	
362	4359	-3693	-4348	-1191	1504	
998	4480	-4440	824	-591	886	
1501	14622	-677	1883	6066	-368	
-6109	6575	-2882	2818	7063	173	
-3468	9884	-5621	3656	3144	519	
-3577	7654	-4248	3386	-1837	436	
1380	8914	-3891	2979	-2860	493	
867	8386	-2716	1995	970	474	
-866	8113	-1404	1712	-673	269	
1249	8114	-1085	1635	-948	152	
579	8088	-832	1457	705	104	
-398	8185	-184	1551	229	66	
205	8168	1255	1947	-570	101	
89	7649	2478	2705	-1267	157	
-656	8275	1607	3731	-1690	-117	
-1826	9302	1420	4563	-1162	-585	
-1215	11049	1411	5304	-683	-1040	
-2094	13102	4478	5936	-131	-1178	
1932	13456	2029	5674	-1251	-1185	
2759	11360	-3131	3965	2923	-539	
-3550	11340	-4382	1258	1727	21	
-1413	7916	-5481	-1316	-2377	545	
634	5895	-6073	-4085	-2709	1075	
115	5785	-6430	-6579	-1848	1357	
-644	5642	-6861	-8699	-1051	1227	
-1295	6269	-6851	-10068	-621	932	
-811	7113	-6218	-10385	-916	731	
-937	6823	-5641	-9610	-304	870	
-92	5364	-3966	-6997	108	934	
1030	3115	-3228	-1685	269	702	
1987	13202	1881	1349	2409	29	
-5100	7598	-964	2610	8263	189	
-1741	8259	-5118	4013	3663	345	
-2976	8346	-4827	3718	1132	652	
-1800	8401	-4704	3534	-3507	495	
2945	8749	-4279	2497	-562	516	
-532	8361	-2260	1680	1587	221	
-94	8110	-981	1625	-161	88	
1392	7837	-729	1546	1220	35	
-827	7796	-635	1458	1876	19	
-974	7939	-1183	1523	564	119	
-566	8066	-1342	1538	-7	139	
-153	8089	-400	1736	-405	82	
0	8231	1051	2274	-855	27	
-767	8793	1542	3077	-1059	-66	
-1855	9631	840	3973	-1289	-339	
-2488	10957	639	4676	-1397	-630	