rtcDate,rtcTime,aX,aY,aZ,gX,gY,gZ,mX,mY,mZ,imu_degC,output_Hz,
01/01/2000,00:00:01.31,114.75,264.65,-966.80,-6.47,-60.89,-19.56,-33.0,-22.80,-117.0,30.43,500.0,
01/01/2000,00:00:01.33,139.65,258.30,-1000.0,6.74,-54.67,1.48,-29.10,-22.35,-116.55,30.62,100.0,
01/01/2000,00:00:01.34,107.91,217.77,-936.04,11.42,-47.18,12.17,-27.0,-21.45,-117.45,30.14,93.750,
01/01/2000,00:00:01.35,82.03,226.07,-914.55,10.77,-34.97,16.21,-26.10,-22.80,-116.25,30.62,93.023,
01/01/2000,00:00:01.36,190.43,200.20,-1017.58,17.08,-6.73,25.62,-28.05,-22.05,-117.30,30.62,92.593,
01/01/2000,00:00:01.38,29.79,199.71,-891.60,16.35,28.15,49.06,-26.10,-22.35,-118.05,30.47,90.909,
01/01/2000,00:00:01.39,43.46,211.91,-906.25,4.18,42.26,44.18,-26.55,-22.80,-116.55,30.67,90.909,
01/01/2000,00:00:01.40,72.27,223.14,-935.06,5.47,40.90,36.43,-26.55,-22.80,-116.55,30.52,91.954,
01/01/2000,00:00:01.41,58.59,239.75,-949.71,25.53,19.18,23.59,-26.55,-22.80,-116.55,30.28,91.837,
01/01/2000,00:00:01.42,94.73,256.35,-941.41,14.58,15.18,21.82,-27.90,-24.90,-116.40,30.62,91.743,
01/01/2000,00:00:01.43,88.87,243.16,-917.97,9.65,6.09,20.55,-29.10,-24.75,-115.50,30.19,91.667,
01/01/2000,00:00:01.44,80.08,234.86,-885.74,14.65,-13.69,7.74,-28.80,-24.0,-115.05,30.47,91.603,
01/01/2000,00:00:01.45,84.47,184.08,-937.01,0.44,-27.55,-24.38,-28.65,-25.65,-116.40,30.62,91.549,
01/01/2000,00:00:01.46,33.20,181.15,-892.58,-4.40,-41.43,-47.04,-28.05,-24.30,-115.50,30.33,91.503,
01/01/2000,00:00:01.47,65.92,222.66,-919.92,-18.34,-51.04,-53.15,-27.30,-23.55,-116.25,30.67,92.025,
01/01/2000,00:00:01.48,79.59,232.42,-964.84,-13.61,-51.11,-43.50,-27.30,-23.55,-116.25,30.33,91.429,
01/01/2000,00:00:01.49,100.59,324.71,-1077.15,31.13,-37.98,-34.38,-27.30,-23.55,-116.25,30.47,91.398,
01/01/2000,00:00:01.51,110.84,246.09,-968.75,19.64,-5.10,-12.01,-23.70,-25.35,-117.15,30.67,90.909,
01/01/2000,00:00:01.52,6.35,243.16,-798.34,125.92,-24.89,6.21,-26.10,-24.30,-114.30,30.33,91.346,
01/01/2000,00:00:01.53,64.45,172.36,-1003.42,234.47,-77.53,17.56,-24.75,-26.10,-116.70,30.67,91.324,
01/01/2000,00:00:01.54,33.69,121.58,-1046.88,158.69,-64.37,3.44,-22.50,-28.80,-115.20,30.52,90.909,
01/01/2000,00:00:01.55,-2.93,116.70,-987.30,4.46,-42.66,-2.18,-21.75,-31.95,-116.70,30.43,90.909,
01/01/2000,00:00:01.56,-21.97,92.29,-905.76,1.52,-67.08,-8.29,-22.20,-33.60,-118.20,30.52,90.909,
01/01/2000,00:00:01.57,-62.50,96.19,-925.29,39.60,-87.78,-10.83,-22.20,-33.60,-118.20,30.47,90.909,
01/01/2000,00:00:01.59,11.72,85.45,-716.31,27.17,12.55,-60.86,-22.20,-33.60,-118.20,30.47,91.241,
01/01/2000,00:00:01.59,64.94,85.94,-1053.71,-21.01,67.16,-44.62,-20.25,-34.05,-119.40,30.67,91.228,
01/01/2000,00:00:01.61,22.46,149.90,-770.02,-83.14,149.04,1.63,-22.35,-33.0,-119.25,30.67,90.909,
01/01/2000,00:00:01.62,193.85,136.23,-854.00,-214.21,250.13,46.43,-22.95,-32.85,-118.65,30.67,90.909,
01/01/2000,00:00:01.63,229.98,189.45,-109.38,-250.14,191.21,-13.73,-26.85,-29.10,-117.30,30.14,90.909,
01/01/2000,00:00:01.64,188.96,279.30,-1729.98,-147.72,69.48,-11.44,-30.30,-24.30,-115.80,30.62,90.909,
01/01/2000,00:00:01.65,225.10,51.76,-873.54,83.81,-4.78,28.89,-30.90,-22.20,-114.45,30.47,90.909,
01/01/2000,00:00:01.66,114.26,256.35,-963.87,-17.11,13.69,2.69,-29.85,-24.30,-115.05,30.47,90.652,
01/01/2000,00:00:01.67,161.13,168.46,-960.45,1.22,2.02,12.10,-29.85,-24.30,-115.05,30.47,90.659,
01/01/2000,00:00:01.68,158.20,267.58,-1015.63,-2.68,10.62,8.08,-30.15,-22.50,-114.90,30.67,90.667,
01/01/2000,00:00:01.69,141.11,280.76,-964.84,-7.38,24.43,12.54,-31.50,-22.80,-114.0,30.52,90.909,
01/01/2000,00:00:01.71,131.35,227.05,-917.48,1.11,20.54,17.60,-31.20,-22.50,-114.45,30.67,90.909,
01/01/2000,00:00:01.72,111.33,277.34,-942.87,-7.32,22.47,7.86,-30.15,-22.20,-113.70,30.81,90.686,
01/01/2000,00:00:01.72,157.23,271.97,-891.11,-13.27,17.02,3.59,-31.80,-22.35,-115.50,30.62,90.692,
01/01/2000,00:00:01.74,180.18,239.75,-957.03,-14.59,9.98,1.03,-32.55,-21.15,-114.0,30.47,90.909,
01/01/2000,00:00:01.75,182.13,188.48,-995.12,-42.98,24.05,2.06,-31.50,-23.55,-113.55,30.47,90.909,
01/01/2000,00:00:01.76,195.80,187.50,-942.87,-39.70,23.63,-2.24,-31.50,-23.55,-113.55,30.43,90.909,
01/01/2000,00:00:01.77,205.08,236.82,-1002.93,-0.40,16.33,11.23,-33.15,-21.0,-113.10,30.67,90.713,
01/01/2000,00:00:01.78,197.75,281.25,-971.68,5.74,18.16,33.82,-33.15,-22.95,-113.10,30.43,90.717,
01/01/2000,00:00:01.79,184.08,280.76,-962.89,-13.11,34.27,39.11,-35.10,-21.0,-113.40,30.62,90.909,
01/01/2000,00:00:01.80,166.50,232.91,-886.23,-12.20,31.82,42.85,-34.50,-21.15,-114.0,30.86,90.909,
01/01/2000,00:00:01.82,188.48,306.64,-950.68,5.18,37.99,42.89,-33.30,-20.85,-113.25,30.62,90.909,
