rtcDate,rtcTime,aX,aY,aZ,gX,gY,gZ,mX,mY,mZ,imu_degC,output_Hz,
01/01/2000,00:00:06.11,-282.23,-33.20,996.58,-0.73,4.52,-0.67,29.10,-10.95,-3.60,32.58,500.0,
01/01/2000,00:00:06.21,-279.79,-37.60,969.73,-1.47,0.86,0.16,29.85,-12.90,-4.35,32.39,19.608,
01/01/2000,00:00:06.31,-283.20,-41.02,996.09,2.08,-8.28,0.64,28.95,-9.90,-3.90,32.01,14.851,
01/01/2000,00:00:06.41,-264.16,-36.62,999.51,-0.16,-7.56,-2.05,28.95,-12.0,-2.70,32.25,13.245,
01/01/2000,00:00:06.51,-268.07,-31.25,1004.39,-2.31,9.76,-0.02,29.55,-11.70,-2.85,32.58,12.438,
01/01/2000,00:00:06.61,-288.57,-38.09,981.93,-0.02,11.31,0.04,30.90,-12.0,-3.15,32.25,11.952,
01/01/2000,00:00:06.71,-300.78,-33.69,985.35,0.32,1.85,1.49,30.15,-11.55,-3.90,32.39,11.628,
01/01/2000,00:00:06.82,-289.55,-31.74,978.03,-1.89,-2.56,-2.83,30.45,-12.75,-3.90,32.44,11.396,
01/01/2000,00:00:06.92,-283.69,-30.27,992.19,1.85,-3.01,-0.85,29.85,-10.95,-3.30,32.29,11.222,
01/01/2000,00:00:07.02,-294.43,-40.53,988.77,-1.69,3.69,-2.13,29.40,-12.0,-3.15,32.10,11.086,
01/01/2000,00:00:19.32,-282.23,-42.48,989.26,-0.43,-0.69,-0.03,27.60,-10.95,-2.85,33.30,500.0,
01/01/2000,00:00:19.34,-273.93,-45.41,992.19,-1.93,0.15,-1.40,28.80,-11.40,-2.10,32.97,105.263,
01/01/2000,00:00:19.35,-284.67,-51.76,998.05,0.61,-0.95,0.41,28.35,-10.95,-2.85,33.11,93.750,
01/01/2000,00:00:19.36,-271.00,-32.23,993.16,-0.02,0.93,-3.90,27.45,-10.80,-3.90,33.11,95.238,
01/01/2000,00:00:19.37,-259.77,-40.53,997.07,0.10,1.45,2.67,28.95,-11.55,-1.95,32.97,96.154,
01/01/2000,00:00:19.38,-289.55,-37.11,987.30,1.88,0.44,-0.40,28.05,-12.15,-2.85,32.82,95.238,
01/01/2000,00:00:19.39,-269.04,-37.11,997.56,0.60,0.12,2.72,28.80,-10.95,-3.30,33.25,94.595,
01/01/2000,00:00:19.40,-278.81,-29.30,998.54,-1.01,-0.74,-0.51,28.35,-12.90,-1.35,33.16,95.238,
01/01/2000,00:00:19.41,-284.67,-39.55,987.30,-0.96,-1.71,0.89,29.10,-12.90,-3.60,32.97,94.737,
01/01/2000,00:00:19.42,-273.44,-31.25,984.38,-0.57,-2.13,-0.98,29.10,-12.90,-3.60,33.11,95.238,
01/01/2000,00:00:19.43,-280.76,-24.90,998.54,-2.42,0.53,-3.72,29.85,-11.40,-2.10,32.92,94.828,
01/01/2000,00:00:19.45,-285.64,-48.34,996.09,-1.11,1.08,0.84,28.95,-12.75,-1.20,32.92,94.488,
01/01/2000,00:00:19.46,-276.37,-35.16,996.09,2.30,-0.53,-0.06,28.65,-9.90,-3.90,33.11,94.203,
01/01/2000,00:00:19.47,-261.72,-49.32,992.19,0.48,-1.32,1.62,28.35,-10.20,-2.55,33.25,94.595,
01/01/2000,00:00:19.48,-276.37,-45.41,973.14,-1.17,0.14,-1.27,28.95,-12.75,-1.95,33.16,94.340,
01/01/2000,00:00:19.49,-281.25,-37.11,1008.30,0.47,-1.76,-1.25,29.55,-11.70,-4.05,33.11,94.675,
01/01/2000,00:00:19.50,-282.23,-37.11,1000.49,-1.08,1.20,-1.23,29.55,-11.70,-4.05,32.63,94.444,
01/01/2000,00:00:19.51,-270.51,-35.64,997.07,-1.08,-0.27,-2.28,29.55,-11.70,-4.05,32.97,94.241,
01/01/2000,00:00:19.52,-275.39,-35.16,1010.25,1.58,0.19,4.34,27.90,-12.30,-3.45,33.16,94.059,
01/01/2000,00:00:19.53,-257.32,-41.02,993.65,-1.74,1.04,-1.90,28.20,-12.30,-2.70,33.11,94.340,
01/01/2000,00:00:19.54,-270.02,-27.83,987.79,-1.92,-1.37,-2.01,28.80,-12.60,-4.35,33.16,94.170,
01/01/2000,00:00:19.55,-279.30,-38.57,1009.77,-1.40,-1.12,-1.89,29.40,-12.30,-3.45,33.06,94.421,
01/01/2000,00:00:19.56,-285.16,-32.71,991.21,-0.53,-0.82,1.63,28.05,-14.10,-2.55,33.11,93.878,
01/01/2000,00:00:19.57,-286.13,-44.92,990.72,2.79,0.37,-0.08,28.05,-14.10,-2.55,33.16,94.118,
01/01/2000,00:00:19.59,-270.51,-38.57,990.23,-0.11,-1.26,0.35,28.05,-14.10,-2.55,33.11,93.985,
01/01/2000,00:00:19.60,-273.93,-35.64,987.30,1.28,-0.27,0.94,27.45,-10.35,-1.95,32.97,94.203,
01/01/2000,00:00:19.61,-268.07,-36.62,994.63,1.06,-2.94,1.42,27.45,-10.80,-3.45,33.11,94.077,
01/01/2000,00:00:19.62,-267.09,-44.43,983.40,0.21,-0.03,3.08,28.20,-11.55,-3.45,33.06,93.960,
01/01/2000,00:00:19.63,-274.90,-50.78,998.05,1.39,-1.31,1.02,27.60,-13.35,-1.80,33.06,94.156,
01/01/2000,00:00:19.64,-261.72,-39.06,997.07,-1.39,-0.68,1.15,27.90,-10.80,-1.95,33.11,94.044,
01/01/2000,00:00:19.65,-262.21,-42.48,993.16,1.98,-2.95,1.79,30.15,-12.0,-1.65,32.97,94.225,
01/01/2000,00:00:19.66,-273.44,-37.11,1007.32,0.59,-1.62,-0.53,29.10,-12.15,-1.05,33.25,94.395,
01/01/2000,00:00:19.67,-271.97,-35.64,992.19,1.55,-0.44,-1.07,29.10,-12.15,-1.05,33.11,94.286,
01/01/2000,00:00:19.68,-266.60,-34.18,1010.25,-0.60,-0.58,-1.20,29.10,-12.15,-2.55,33.11,94.183,
01/01/2000,00:00:19.69,-270.51,-34.18,986.33,1.03,-2.32,1.27,28.35,-12.60,-3.60,33.11,94.086,
01/01/2000,00:00:19.70,-264.65,-44.92,992.68,-0.50,0.63,2.53,28.95,-13.05,-1.95,33.35,94.241,
01/01/2000,00:00:19.71,-275.88,-38.57,999.02,-1.83,0.41,-3.13,29.55,-10.95,-2.55,33.16,94.148,
01/01/2000,00:00:19.72,-281.74,-36.13,1005.37,1.45,-0.15,1.20,28.20,-12.0,-1.65,33.11,94.293,
01/01/2000,00:00:19.74,-276.37,-36.13,987.79,0.81,-1.69,1.70,29.10,-11.40,-2.55,33.49,93.976,
01/01/2000,00:00:19.75,-270.02,-31.74,989.26,0.98,0.82,4.27,29.10,-11.40,-2.55,32.82,94.118,
01/01/2000,00:00:19.76,-274.90,-34.67,996.58,0.31,0.24,4.71,29.10,-11.40,-2.55,33.11,94.253,
01/01/2000,00:00:19.77,-272.95,-44.92,996.09,-0.67,-1.53,0.89,29.70,-13.05,-1.95,33.11,94.170,
01/01/2000,00:00:19.78,-266.11,-37.11,985.35,0.68,0.67,-1.73,27.30,-11.40,-3.30,33.11,94.298,
01/01/2000,00:00:19.79,-273.44,-41.99,999.02,0.57,-0.24,-0.01,28.35,-10.95,-3.30,33.30,94.218,
01/01/2000,00:00:19.80,-263.18,-33.20,987.30,2.25,-1.31,1.67,29.55,-10.95,-1.80,33.35,94.142,
01/01/2000,00:00:19.81,-285.64,-33.69,998.05,0.82,0.20,-3.53,28.80,-10.95,-3.30,33.25,94.262,
01/01/2000,00:00:19.82,-265.63,-41.50,998.54,-1.40,0.16,-4.49,28.80,-10.95,-3.30,32.92,94.188,
01/01/2000,00:00:19.83,-238.77,-40.04,950.68,0.48,0.96,0.50,28.80,-10.95,-3.30,33.35,94.303,
01/01/2000,00:00:19.84,-284.67,-42.48,989.75,1.37,2.31,-2.82,28.35,-10.20,-1.80,33.25,93.690,
01/01/2000,00:00:19.86,-272.46,-50.78,992.68,-1.21,-0.08,0.55,29.55,-10.95,-2.85,33.35,93.284,
01/01/2000,00:00:19.87,-265.14,-32.71,1004.88,-3.17,2.01,-0.37,28.20,-10.80,-1.65,33.11,93.236,
01/01/2000,00:00:19.88,-269.04,-28.81,997.07,1.0,2.27,1.84,28.20,-10.35,-2.40,33.11,93.357,
01/01/2000,00:00:19.89,-265.63,-55.18,997.56,0.88,2.94,0.42,27.90,-10.35,-3.90,33.25,93.474,
01/01/2000,00:00:19.90,-278.81,-36.62,984.86,0.72,0.78,0.21,27.90,-10.35,-3.90,32.92,93.426,
01/01/2000,00:00:19.91,-278.81,-27.83,986.33,-0.85,0.95,-1.69,27.90,-10.35,-3.90,33.11,93.379,
01/01/2000,00:00:19.92,-280.76,-46.39,995.12,2.57,-0.42,0.69,28.20,-9.60,-1.95,33.35,93.489,
01/01/2000,00:00:19.93,-266.60,-49.32,997.07,-0.76,1.63,0.65,28.05,-12.60,-2.85,33.11,93.443,
01/01/2000,00:00:19.94,-268.55,-33.20,994.63,-2.05,0.71,1.44,28.20,-11.10,-0.90,33.11,93.548,
01/01/2000,00:00:19.95,-269.04,-50.29,1004.88,-0.12,0.06,-2.92,28.80,-11.40,-3.30,33.06,93.651,
01/01/2000,00:00:19.96,-271.97,-48.34,1000.49,2.02,-1.15,2.07,30.30,-11.40,-3.30,33.11,93.604,
01/01/2000,00:00:19.97,-269.53,-32.71,992.68,2.23,-2.53,3.43,29.10,-11.70,-1.80,33.11,93.558,
01/01/2000,00:00:19.99,-269.04,-40.53,991.21,0.98,-2.17,2.67,29.10,-11.70,-1.80,33.35,93.514,
01/01/2000,00:00:20.00,-272.95,-38.09,1000.0,1.21,-1.93,0.05,29.85,-11.40,-2.55,33.16,93.611,
01/01/2000,00:00:20.01,-274.41,-31.25,991.70,-2.34,-2.81,0.57,29.40,-11.10,-2.40,32.82,93.567,
01/01/2000,00:00:20.02,-266.60,-32.23,989.75,0.86,-5.59,-2.56,26.55,-11.40,-2.10,33.06,93.660,
01/01/2000,00:00:20.03,-265.14,-32.23,1001.46,0.88,-3.64,-1.24,28.80,-11.70,-1.80,32.77,93.484,
01/01/2000,00:00:20.04,-260.74,-46.88,997.07,1.01,-1.66,1.34,27.90,-12.75,-3.15,33.11,93.575,
01/01/2000,00:00:20.05,-255.86,-42.97,1003.42,1.79,-4.44,1.80,27.45,-11.55,-3.45,33.25,93.664,
01/01/2000,00:00:20.06,-262.70,-35.64,1002.93,1.94,-2.66,1.83,27.60,-11.70,-3.60,32.97,93.623,
01/01/2000,00:00:20.07,-269.04,-36.13,989.26,-0.69,-1.26,1.09,27.60,-11.70,-3.60,33.16,93.708,
01/01/2000,00:00:20.08,-267.58,-35.16,998.05,-0.93,1.44,-2.13,27.60,-11.70,-3.60,33.35,93.544,
01/01/2000,00:00:20.09,-274.41,-39.55,998.54,-1.08,1.01,0.66,29.10,-12.60,-3.30,33.30,93.628,
01/01/2000,00:00:20.10,-252.93,-33.20,996.58,0.66,2.29,-2.43,27.90,-11.10,-3.15,33.11,93.590,
01/01/2000,00:00:20.11,-268.07,-47.85,1003.42,-1.56,-0.57,-0.95,29.10,-12.90,-2.55,32.97,93.671,
01/01/2000,00:00:20.12,-270.02,-35.64,989.75,0.17,-0.21,0.85,28.65,-11.55,-3.15,33.11,93.633,
01/01/2000,00:00:20.13,-258.79,-41.02,988.28,0.36,2.36,0.40,30.30,-12.60,-1.35,33.30,93.711,
01/01/2000,00:00:20.15,-260.74,-37.11,983.40,-0.04,0.91,1.11,30.30,-12.60,-1.35,32.92,93.674,
01/01/2000,00:00:20.16,-270.02,-39.06,990.23,0.69,-0.27,-1.43,30.30,-12.60,-1.35,33.11,93.637,
01/01/2000,00:00:20.17,-272.95,-40.04,999.02,-2.84,2.54,1.21,29.70,-12.30,-1.95,32.97,93.713,
01/01/2000,00:00:20.18,-252.93,-45.90,998.54,1.69,2.16,0.34,28.80,-11.70,-4.80,32.97,93.677,
01/01/2000,00:00:20.19,-266.11,-34.67,1000.49,-0.45,1.13,-1.14,27.90,-12.75,-2.40,33.49,93.750,
01/01/2000,00:00:20.20,-271.48,-34.18,992.68,-1.19,3.62,-0.85,29.40,-11.55,-3.15,33.16,93.714,
01/01/2000,00:00:20.21,-268.55,-42.97,994.14,1.82,0.97,0.40,29.70,-12.0,-0.90,33.06,93.679,
01/01/2000,00:00:20.22,-276.37,-31.74,1006.35,-0.99,-0.36,-1.56,28.95,-12.0,-1.65,33.25,93.750,
01/01/2000,00:00:20.23,-271.97,-36.13,984.86,-1.34,-0.85,-1.16,28.95,-12.0,-1.65,33.25,93.716,
01/01/2000,00:00:20.24,-271.48,-43.95,997.07,-1.51,-0.34,-2.79,28.80,-10.95,-2.55,33.35,93.784,
01/01/2000,00:00:20.25,-259.77,-35.64,989.26,1.20,-1.29,0.84,27.90,-11.55,-2.70,33.11,93.649,
01/01/2000,00:00:20.26,-271.48,-41.50,997.56,-0.40,0.53,-2.07,28.20,-10.80,-2.40,33.11,93.717,
01/01/2000,00:00:20.27,-276.86,-38.57,994.14,2.61,-3.34,0.04,29.10,-12.15,-3.30,33.11,93.684,
01/01/2000,00:00:20.28,-275.39,-49.32,995.61,-0.13,-3.34,1.50,28.05,-11.40,-4.80,33.30,93.750,
01/01/2000,00:00:20.29,-275.39,-34.67,995.61,0.30,-0.36,0.70,28.95,-12.75,-3.90,33.06,93.814,
01/01/2000,00:00:20.31,-274.90,-27.34,1000.0,1.01,-0.94,1.10,28.20,-12.0,-1.20,33.25,93.782,
01/01/2000,00:00:20.32,-263.18,-43.46,989.75,0.65,0.10,2.09,28.20,-12.0,-1.20,33.11,93.750,
01/01/2000,00:00:20.33,-247.56,-48.34,1002.44,3.06,-1.50,2.79,27.60,-11.70,-2.10,33.16,93.812,
01/01/2000,00:00:20.34,-252.93,-41.50,996.58,-1.92,0.42,-0.77,29.10,-11.70,-1.80,33.25,93.781,
01/01/2000,00:00:20.35,-260.25,-48.34,997.56,-0.15,-3.41,2.31,28.95,-12.30,-3.90,33.11,93.476,
01/01/2000,00:00:20.36,-257.32,-29.30,1002.93,0.47,0.38,0.02,29.10,-11.70,-2.10,33.25,93.359,
01/01/2000,00:00:20.38,-267.09,-43.46,995.12,-0.15,0.85,0.97,29.40,-10.35,-1.20,33.11,93.245,
01/01/2000,00:00:20.39,-257.81,-30.27,986.82,-1.08,0.89,0.09,27.30,-13.65,-0.60,33.16,93.308,
01/01/2000,00:00:20.40,-266.11,-23.93,994.63,-1.95,0.25,-0.88,27.30,-13.65,-0.60,33.11,93.371,
01/01/2000,00:00:20.41,-274.41,-39.06,993.65,0.95,-2.56,0.47,27.30,-13.65,-0.60,33.11,93.346,
01/01/2000,00:00:20.42,-266.60,-38.57,983.40,0.21,1.58,-0.96,28.65,-11.70,-1.80,33.11,93.407,
01/01/2000,00:00:20.43,-267.58,-39.55,1000.98,-0.73,0.23,-3.03,29.55,-12.60,-2.55,32.97,93.297,
01/01/2000,00:00:20.44,-279.30,-41.99,990.72,-0.47,0.58,-1.65,28.80,-11.40,-2.55,33.11,93.357,
01/01/2000,00:00:20.45,-265.14,-38.09,998.54,2.71,-0.57,0.61,29.55,-10.95,-2.85,33.30,93.333,
01/01/2000,00:00:20.46,-272.95,-39.06,996.09,0.71,1.95,-0.37,28.80,-12.90,-4.05,33.25,93.392,
01/01/2000,00:00:20.47,-260.25,-35.16,1000.49,-1.10,0.84,-0.49,28.80,-12.90,-4.05,32.97,93.450,
01/01/2000,00:00:20.48,-276.86,-41.50,995.12,-1.18,-0.93,0.79,28.80,-12.90,-4.05,33.11,93.426,
01/01/2000,00:00:20.49,-268.55,-31.74,1003.42,0.37,-0.62,1.11,28.05,-11.40,-1.80,33.06,93.402,
01/01/2000,00:00:20.50,-271.97,-51.27,1000.0,0.0,0.86,1.59,28.35,-12.60,-0.60,33.16,93.379,
01/01/2000,00:00:20.51,-276.86,-41.99,993.65,0.0,-0.47,-1.61,27.45,-11.10,-3.15,32.97,93.434,
01/01/2000,00:00:20.52,-286.13,-30.76,999.02,-1.15,1.40,-2.79,27.45,-12.75,-1.95,33.06,93.489,
01/01/2000,00:00:20.53,-255.86,-39.55,991.70,1.27,-0.67,1.32,28.20,-11.10,-0.90,33.06,93.466,
01/01/2000,00:00:20.55,-266.11,-39.55,990.23,1.98,-0.11,0.91,28.05,-12.15,-1.80,33.06,93.443,
01/01/2000,00:00:20.56,-280.27,-36.13,984.86,0.27,0.32,2.39,28.05,-12.15,-1.80,33.35,93.420,
01/01/2000,00:00:20.57,-269.04,-25.88,989.26,1.97,0.07,0.95,27.60,-11.70,-2.10,33.25,93.473,
01/01/2000,00:00:20.58,-263.18,-41.99,989.26,-0.21,-0.19,-1.44,28.95,-13.50,-2.40,33.16,93.525,
01/01/2000,00:00:20.59,-265.14,-36.62,990.72,-1.73,-2.89,-0.25,27.30,-10.95,-2.10,33.25,93.502,
01/01/2000,00:00:20.60,-271.00,-35.64,997.07,0.24,-0.98,-0.12,27.90,-11.10,-3.45,33.16,93.553,
01/01/2000,00:00:20.61,-277.34,-36.13,1001.95,1.32,0.69,-0.45,27.90,-11.55,-2.40,32.97,93.458,
01/01/2000,00:00:20.62,-274.90,-37.11,994.63,1.31,0.39,-0.84,27.90,-12.0,-1.65,33.25,93.508,
01/01/2000,00:00:20.63,-271.00,-35.16,1007.32,-2.51,0.97,0.0,29.10,-10.95,-2.10,33.11,93.558,
01/01/2000,00:00:20.64,-263.18,-33.69,993.16,1.28,-0.27,-0.56,29.10,-10.95,-2.10,33.25,93.536,
01/01/2000,00:00:20.65,-257.32,-35.16,995.12,1.27,0.12,-1.89,28.65,-12.30,-3.15,33.25,93.585,
01/01/2000,00:00:20.66,-275.39,-37.11,992.19,-0.88,1.57,0.98,28.35,-10.95,-0.60,33.11,93.493,
01/01/2000,00:00:20.67,-257.81,-49.80,997.07,0.35,-1.09,-2.03,30.45,-10.80,-3.45,33.25,93.541,
01/01/2000,00:00:20.68,-269.04,-31.25,990.23,-1.84,-0.90,1.48,27.30,-11.70,-1.80,32.92,93.520,
01/01/2000,00:00:20.69,-266.11,-35.16,993.65,3.89,-1.59,4.72,28.80,-11.70,-2.55,33.06,93.567,
01/01/2000,00:00:20.71,-263.67,-34.67,986.82,1.66,-0.24,0.98,28.95,-12.0,-3.45,33.06,93.614,
01/01/2000,00:00:20.72,-273.93,-35.64,988.28,1.01,-1.62,-2.13,28.95,-12.0,-3.45,32.97,93.525,
01/01/2000,00:00:20.73,-272.46,-35.16,993.16,2.47,-2.83,1.94,28.95,-12.0,-3.45,32.92,93.571,
01/01/2000,00:00:20.74,-266.60,-30.27,997.07,0.89,1.11,0.73,29.10,-11.70,-1.35,33.25,93.617,
01/01/2000,00:00:20.75,-252.44,-32.23,993.16,1.42,-1.92,-0.60,29.10,-12.60,-2.10,33.06,93.596,
01/01/2000,00:00:20.76,-263.18,-41.50,994.14,-2.34,1.04,-0.79,28.80,-11.40,-2.85,32.92,93.641,
01/01/2000,00:00:20.77,-275.88,-38.57,999.51,0.62,-0.59,1.71,28.35,-11.40,-2.85,32.92,93.620,
01/01/2000,00:00:20.78,-272.95,-40.04,990.23,2.33,-0.82,0.82,28.95,-11.55,-1.95,33.06,93.599,
01/01/2000,00:00:20.79,-263.67,-40.04,995.12,-0.66,-0.16,-0.73,29.55,-11.40,-1.80,33.16,93.643,
01/01/2000,00:00:20.80,-266.11,-27.34,992.19,-0.13,1.69,-2.08,29.55,-11.40,-1.80,32.97,93.623,
01/01/2000,00:00:20.81,-271.00,-32.71,994.14,-0.82,2.18,0.47,28.80,-12.90,-2.55,33.11,93.666,
01/01/2000,00:00:20.82,-259.28,-35.16,999.51,-2.30,1.90,0.60,28.20,-11.55,-2.70,33.06,93.645,
01/01/2000,00:00:20.83,-265.14,-36.62,1003.42,-0.66,2.31,0.63,28.35,-12.90,-3.60,33.16,93.625,
01/01/2000,00:00:20.84,-267.58,-33.69,987.30,1.05,-0.76,-0.07,28.95,-11.55,-1.95,33.25,93.606,
01/01/2000,00:00:20.86,-255.86,-41.50,996.58,2.11,1.50,0.55,27.90,-12.75,-3.15,33.16,93.403,
01/01/2000,00:00:20.87,-266.11,-37.11,995.61,-1.15,-0.07,-0.95,28.05,-12.60,-0.30,33.11,93.325,
01/01/2000,00:00:20.88,-266.60,-34.67,1009.28,-0.39,0.85,-1.15,28.05,-12.60,-0.30,33.11,93.368,
01/01/2000,00:00:20.89,-269.04,-30.76,985.35,1.02,-1.11,0.60,28.95,-10.80,-1.95,33.06,93.291,
01/01/2000,00:00:20.90,-255.86,-33.69,997.07,-1.81,1.36,-1.66,27.90,-11.55,-2.40,33.16,93.333,
01/01/2000,00:00:20.91,-262.70,-23.44,1002.44,1.06,1.27,1.12,27.90,-12.0,-1.95,33.16,93.317,
01/01/2000,00:00:20.92,-260.25,-31.74,990.72,1.47,2.31,1.92,28.65,-12.30,-2.70,33.11,93.358,
01/01/2000,00:00:20.93,-265.63,-30.76,994.14,-0.27,-1.21,4.57,29.55,-12.15,-2.10,33.30,93.400,
01/01/2000,00:00:20.95,-264.16,-38.09,1002.44,1.19,-0.81,-0.10,27.60,-12.90,-2.10,33.30,93.383,
01/01/2000,00:00:20.96,-255.37,-41.50,988.28,2.06,-1.31,1.14,27.60,-12.90,-2.10,33.44,93.366,
01/01/2000,00:00:20.97,-265.63,-40.04,994.63,-0.95,1.05,-0.59,27.60,-12.90,-2.10,33.35,93.350,
01/01/2000,00:00:20.98,-259.77,-30.76,993.16,1.66,0.92,1.85,28.05,-10.95,-1.05,33.44,93.390,
01/01/2000,00:00:20.99,-261.72,-45.90,996.09,0.31,0.17,0.42,29.85,-12.15,-2.85,33.11,93.373,
01/01/2000,00:00:21.00,-267.09,-40.04,999.51,1.51,-1.50,0.63,28.35,-11.70,-2.55,33.06,93.413,
01/01/2000,00:00:21.01,-271.48,-41.99,1000.49,1.21,-0.57,-0.77,29.55,-12.60,-2.55,33.25,93.397,
01/01/2000,00:00:21.02,-271.97,-37.11,997.07,-1.65,-0.89,1.43,28.80,-10.95,-2.10,33.11,93.381,
01/01/2000,00:00:21.03,-273.93,-39.55,996.58,-2.16,2.49,-3.03,29.55,-11.40,-2.55,33.11,93.420,
01/01/2000,00:00:21.04,-267.58,-40.53,989.26,1.34,-0.12,1.24,29.55,-11.40,-2.55,33.06,93.403,
01/01/2000,00:00:21.05,-262.21,-29.30,1004.39,-0.95,0.55,-2.58,28.80,-11.40,-2.10,33.06,93.442,
01/01/2000,00:00:21.06,-288.57,-45.41,998.54,1.31,-0.27,1.56,28.05,-10.95,-1.05,33.06,93.372,
01/01/2000,00:00:21.07,-267.58,-24.90,992.19,0.16,-1.08,-0.83,28.35,-11.40,-2.10,33.06,93.410,
01/01/2000,00:00:21.08,-272.95,-40.04,984.86,-1.62,-2.90,2.86,29.70,-11.10,-1.65,33.06,93.447,
01/01/2000,00:00:21.10,-264.16,-49.32,1006.35,1.27,-3.32,0.60,27.60,-12.60,-1.35,33.06,93.431,
01/01/2000,00:00:21.11,-261.23,-48.34,999.02,3.19,-1.58,1.53,30.30,-12.90,-3.30,32.82,93.468,
01/01/2000,00:00:21.12,-267.58,-44.92,1004.88,-0.44,0.19,0.82,30.30,-12.90,-3.30,32.92,93.453,
01/01/2000,00:00:21.13,-259.28,-31.25,995.12,0.25,-3.05,-0.79,30.30,-12.90,-3.30,33.25,93.437,
01/01/2000,00:00:21.14,-246.09,-35.64,998.05,1.18,-2.94,1.50,27.30,-11.70,-2.55,33.25,93.422,
01/01/2000,00:00:21.15,-264.65,-33.69,1003.42,1.23,-1.12,0.64,30.45,-10.80,-3.15,33.16,93.458,
01/01/2000,00:00:21.16,-262.70,-30.27,1004.39,0.56,-0.52,0.39,27.60,-12.60,-2.85,32.97,93.443,
01/01/2000,00:00:21.17,-273.93,-33.20,1001.95,3.32,-2.69,2.35,28.65,-12.0,-1.95,33.11,93.478,
01/01/2000,00:00:21.18,-265.63,-24.41,995.12,0.95,-3.28,-1.63,28.65,-11.10,-1.65,33.35,93.463,
01/01/2000,00:00:21.19,-248.54,-25.88,995.61,-1.82,-1.51,-3.55,28.35,-12.90,-1.35,33.16,93.448,
01/01/2000,00:00:21.20,-249.51,-32.23,995.61,-0.94,-1.16,3.19,28.35,-12.90,-1.35,32.97,93.483,
01/01/2000,00:00:21.21,-250.98,-38.57,1004.39,0.68,-2.48,-2.95,28.35,-12.90,-1.35,33.30,93.468,
01/01/2000,00:00:21.22,-258.30,-27.83,1000.98,-0.02,-0.11,-2.25,28.35,-12.60,-2.10,32.92,93.502,
01/01/2000,00:00:21.24,-259.77,-33.20,1004.39,-0.69,1.37,-2.12,27.45,-12.0,-1.20,33.11,93.438,
01/01/2000,00:00:21.25,-265.63,-43.46,993.16,0.0,-0.98,2.80,28.80,-10.95,-2.55,33.11,93.424,
01/01/2000,00:00:21.26,-251.95,-31.74,999.51,5.26,2.37,2.31,28.05,-11.70,-2.10,33.25,93.458,
01/01/2000,00:00:21.27,-262.21,-38.57,1001.95,2.47,0.28,0.68,27.60,-11.40,-1.35,33.25,93.492,
01/01/2000,00:00:21.28,-254.39,-28.81,992.68,-0.34,1.90,1.27,27.60,-11.40,-1.35,33.06,93.477,
01/01/2000,00:00:21.29,-261.72,-42.97,993.65,-1.04,0.74,-0.31,27.60,-11.40,-1.35,32.97,93.510,
01/01/2000,00:00:21.30,-262.21,-34.18,992.68,-3.27,1.91,-1.66,28.95,-11.10,-0.45,33.11,93.496,
01/01/2000,00:00:21.31,-258.30,-35.16,996.58,0.08,3.58,-1.02,28.20,-13.05,-1.95,32.82,93.482,
01/01/2000,00:00:21.32,-264.65,-31.74,1004.39,0.15,0.92,2.80,28.05,-11.70,-2.10,33.11,93.514,
01/01/2000,00:00:21.33,-260.74,-34.18,983.40,0.66,2.24,2.87,28.35,-12.60,-1.80,33.25,93.500,
01/01/2000,00:00:21.34,-253.91,-41.50,999.02,-0.16,4.22,-0.83,27.0,-12.75,-3.15,33.49,93.532,
01/01/2000,00:00:21.35,-251.95,-35.64,997.56,-2.45,2.89,-1.52,28.20,-12.30,-0.90,33.25,93.518,
01/01/2000,00:00:21.37,-260.25,-37.60,996.58,2.59,1.80,-0.82,28.20,-12.30,-0.90,33.16,93.320,
01/01/2000,00:00:21.38,-254.39,-26.86,994.14,-0.95,1.81,0.36,27.0,-12.0,-1.95,33.11,93.262,
01/01/2000,00:00:21.39,-262.21,-33.69,989.26,-1.21,-0.03,2.13,28.20,-13.05,-0.90,33.25,93.294,
01/01/2000,00:00:21.40,-262.70,-43.95,1005.86,0.79,-0.57,-0.85,27.90,-12.30,-1.95,33.11,93.327,
01/01/2000,00:00:21.41,-260.74,-41.50,996.58,-1.08,-2.71,-0.16,29.10,-11.70,-2.55,33.35,93.314,
01/01/2000,00:00:21.42,-268.55,-33.69,998.54,0.46,-2.50,1.57,26.85,-11.70,-1.80,33.25,93.301,
01/01/2000,00:00:21.43,-259.77,-41.50,999.51,2.33,-3.46,0.52,28.80,-11.40,-1.80,33.35,93.289,
01/01/2000,00:00:21.44,-263.18,-38.57,1003.91,1.08,-4.90,1.21,28.80,-11.40,-1.80,33.25,93.321,
01/01/2000,00:00:21.45,-259.77,-43.95,987.30,1.91,-4.45,1.05,28.80,-11.40,-1.80,33.30,93.308,
01/01/2000,00:00:21.46,-260.74,-40.04,991.70,0.02,-5.28,0.92,28.05,-12.15,-1.35,33.11,93.340,
01/01/2000,00:00:21.48,-271.97,-46.88,1000.49,1.79,-4.63,-0.56,29.55,-11.40,-0.60,33.06,93.327,
01/01/2000,00:00:21.49,-259.28,-33.20,988.77,-0.17,-3.55,1.83,26.85,-11.70,-2.55,33.06,93.315,
01/01/2000,00:00:21.50,-259.28,-38.57,1003.91,-0.58,-1.11,-1.53,27.90,-12.30,-1.65,32.97,93.346,
01/01/2000,00:00:21.51,-252.44,-48.83,991.70,2.12,-3.94,2.60,28.95,-10.35,-1.95,33.16,93.333,
01/01/2000,00:00:21.52,-252.93,-36.13,993.65,0.86,-1.63,-3.14,27.60,-11.70,-1.35,33.11,93.364,
01/01/2000,00:00:21.53,-250.0,-33.69,1003.91,-0.15,-1.73,0.25,27.60,-11.70,-1.35,33.25,93.309,
01/01/2000,00:00:21.54,-267.09,-32.71,1002.93,0.56,-2.71,2.13,28.20,-12.30,-2.40,33.11,93.339,
01/01/2000,00:00:21.55,-243.65,-26.86,996.09,1.71,-3.98,3.05,27.30,-11.70,-2.10,33.25,93.327,
01/01/2000,00:00:21.56,-245.61,-29.79,993.65,1.02,-4.82,-0.38,27.60,-10.95,-1.35,33.25,93.357,
01/01/2000,00:00:21.57,-255.37,-37.60,993.16,2.72,-7.99,0.14,27.90,-11.55,-1.20,33.35,93.345,
01/01/2000,00:00:21.58,-264.65,-43.95,987.79,0.56,-5.10,0.08,28.35,-13.35,-1.80,33.25,93.375,
01/01/2000,00:00:21.59,-245.61,-38.57,1000.0,1.61,-6.22,0.89,27.60,-10.50,-1.05,33.06,93.363,
01/01/2000,00:00:21.60,-255.86,-39.55,1003.91,1.16,-7.73,-0.72,27.60,-10.50,-1.05,32.97,93.351,
01/01/2000,00:00:21.61,-243.16,-27.34,997.56,0.93,-10.92,0.54,27.60,-10.50,-1.05,33.11,93.380,
01/01/2000,00:00:21.62,-251.46,-27.83,989.75,3.06,-14.49,2.15,27.90,-11.55,-0.45,33.11,93.368,
01/01/2000,00:00:21.64,-241.70,-31.25,999.51,5.02,-15.71,2.19,27.90,-12.0,-0.15,33.11,93.397,
01/01/2000,00:00:21.65,-235.35,-36.62,1000.98,5.23,-15.74,2.14,28.80,-12.15,-1.35,33.06,93.345,
01/01/2000,00:00:21.66,-245.61,-41.50,1011.72,1.66,-20.06,3.20,27.90,-13.50,-2.40,33.35,93.373,
01/01/2000,00:00:21.67,-250.0,-26.37,1005.37,5.91,-19.71,3.49,27.60,-10.20,-2.55,33.06,93.362,
01/01/2000,00:00:21.68,-230.47,-28.81,991.70,4.24,-17.21,-2.37,27.60,-10.20,-2.55,33.11,93.390,
01/01/2000,00:00:21.69,-229.49,-14.65,1007.32,6.53,-16.82,1.20,27.60,-10.20,-2.55,33.06,93.379,
01/01/2000,00:00:21.70,-212.89,-22.46,1000.49,1.95,-11.51,3.11,27.60,-10.95,-0.30,33.25,93.367,
01/01/2000,00:00:21.71,-214.36,-22.46,1010.25,-0.67,0.30,-1.50,26.70,-11.55,-0.90,33.35,93.356,
01/01/2000,00:00:21.72,-217.77,-33.20,1008.79,-2.75,1.65,-1.95,27.30,-11.40,-1.35,33.25,93.344,
01/01/2000,00:00:21.73,-228.52,-32.23,1007.32,1.60,-4.18,0.29,27.0,-11.55,-0.90,33.25,93.372,
01/01/2000,00:00:21.74,-229.00,-14.16,1010.25,2.95,-3.49,0.10,27.0,-10.80,-0.45,33.11,93.400,
01/01/2000,00:00:21.75,-224.12,-9.77,1008.30,1.18,-1.74,0.47,27.60,-11.40,-1.80,33.30,93.388,
01/01/2000,00:00:21.76,-235.84,-24.90,1023.93,-0.15,-1.13,-0.23,26.55,-11.40,-1.05,33.25,93.377,
01/01/2000,00:00:21.78,-223.63,-22.95,1011.72,-0.76,-2.95,-0.33,28.05,-11.70,-0.60,33.25,93.366,
01/01/2000,00:00:21.79,-210.45,-27.83,1008.79,2.71,-4.64,1.60,27.45,-12.30,-0.90,32.97,93.355,
01/01/2000,00:00:21.80,-217.29,-35.16,1012.21,-0.63,-2.0,-0.67,28.35,-10.20,-0.30,33.11,93.382,
01/01/2000,00:00:21.81,-207.52,-21.97,1015.14,-0.75,-1.0,3.01,26.85,-10.95,-1.35,33.25,93.371,
01/01/2000,00:00:21.82,-219.24,-40.04,1009.77,0.94,1.05,2.42,28.05,-11.40,-1.80,33.16,93.360,
01/01/2000,00:00:21.83,-226.56,-35.16,1009.28,-1.65,0.67,1.39,26.85,-10.20,0.60,33.16,93.387,
01/01/2000,00:00:21.84,-215.33,-28.32,1012.70,-1.83,0.61,-2.03,28.20,-10.35,-0.45,33.06,93.376,
01/01/2000,00:00:21.85,-220.70,-29.79,1002.44,0.77,-0.37,-0.63,28.20,-10.35,-0.45,33.30,93.402,
01/01/2000,00:00:21.86,-221.68,-31.74,1008.30,0.02,2.22,-2.53,28.20,-10.35,-0.45,33.16,93.391,
01/01/2000,00:00:21.88,-227.05,-28.81,1010.25,-1.25,3.13,0.38,27.45,-9.15,-0.90,33.35,93.197,
01/01/2000,00:00:21.89,-215.82,-23.93,1000.98,-1.89,2.47,-0.65,27.30,-11.40,1.05,33.11,93.151,
01/01/2000,00:00:21.90,-223.63,-33.20,1010.74,-1.53,2.89,0.05,26.85,-11.40,-0.60,33.35,93.177,
01/01/2000,00:00:21.91,-232.91,-23.44,1012.70,-1.56,3.68,1.71,27.60,-12.15,-1.35,33.30,93.168,
01/01/2000,00:00:21.92,-232.42,-20.51,990.72,-0.51,2.86,-0.57,27.0,-12.0,-1.65,33.35,93.194,
01/01/2000,00:00:21.93,-216.80,-28.32,1045.41,-0.88,2.89,-1.91,27.0,-12.0,-1.65,33.16,93.220,
01/01/2000,00:00:21.94,-214.36,-39.06,1003.42,-1.55,3.08,-1.90,28.20,-12.75,-0.15,33.16,93.175,
01/01/2000,00:00:21.95,-215.82,-34.67,976.56,0.73,1.53,3.47,29.10,-14.10,0.60,33.35,93.201,
01/01/2000,00:00:21.96,-257.32,-15.14,1113.77,0.49,-2.20,-0.18,26.70,-11.10,-1.65,33.44,93.191,
01/01/2000,00:00:21.97,-227.05,-29.30,1000.0,0.56,0.47,-0.24,26.25,-8.85,-1.20,33.25,93.217,
01/01/2000,00:00:21.98,-221.19,-21.97,979.98,-0.71,0.66,-1.16,28.20,-12.0,-0.15,33.30,93.243,
01/01/2000,00:00:22.00,-217.77,-35.64,1021.00,-1.32,4.75,1.34,29.10,-11.70,0.0,33.30,93.198,
01/01/2000,00:00:22.01,-224.12,-29.79,982.42,-0.37,-1.08,0.78,29.10,-11.70,0.0,33.35,93.224,
01/01/2000,00:00:22.02,-288.09,-40.04,847.66,5.54,-2.73,-0.90,29.10,-11.70,0.0,33.35,93.249,
01/01/2000,00:00:22.03,-282.71,-30.76,1052.73,1.66,-24.04,-20.05,28.35,-10.50,0.0,33.35,93.239,
01/01/2000,00:00:22.04,-667.48,-19.04,1361.82,1.63,49.47,-19.40,27.60,-9.0,-1.05,33.16,93.264,
01/01/2000,00:00:22.05,-220.21,-152.34,135.25,3.08,83.23,-47.10,29.85,-10.20,-7.05,33.25,93.220,
01/01/2000,00:00:22.06,-887.21,0.49,1143.55,8.08,18.47,-60.07,31.20,-13.05,-8.70,33.25,93.245,
01/01/2000,00:00:22.07,-663.09,115.23,1999.94,40.89,-33.44,-32.32,31.50,-16.05,-7.35,33.59,93.236,
01/01/2000,00:00:22.08,-94.73,-45.41,948.73,31.22,-57.08,-61.81,29.10,-18.90,-7.05,32.92,93.227,
01/01/2000,00:00:22.09,337.89,-83.98,-47.36,7.80,-1.11,-66.72,29.10,-18.90,-7.05,33.44,93.251,
01/01/2000,00:00:22.10,117.68,-71.29,794.92,6.09,33.56,-56.31,30.75,-17.70,-7.80,33.11,93.242,
01/01/2000,00:00:22.11,-597.17,-731.93,1012.21,30.15,-88.61,41.34,29.70,-18.60,-7.20,33.06,93.233,
01/01/2000,00:00:22.13,-348.63,-82.03,970.70,-10.82,-7.27,-74.88,28.95,-19.35,-6.0,33.06,93.223,
01/01/2000,00:00:22.14,-409.67,56.64,1172.85,10.33,22.55,-116.64,31.05,-18.90,-9.60,33.35,93.214,
01/01/2000,00:00:22.15,-195.31,-41.02,709.96,19.50,14.03,-118.89,30.90,-21.45,-8.70,32.97,93.238,
01/01/2000,00:00:22.16,-201.66,212.40,1171.88,8.18,-5.32,-85.52,31.20,-22.20,-9.45,33.25,93.229,
01/01/2000,00:00:22.17,-144.04,103.52,1135.74,14.21,3.42,-80.20,31.20,-22.20,-9.45,33.16,93.187,
01/01/2000,00:00:22.18,-192.87,-88.87,975.59,13.69,18.32,-63.47,31.20,-22.20,-9.45,33.25,93.211,
01/01/2000,00:00:22.19,-243.16,-41.50,1113.28,16.27,0.92,-75.32,30.15,-22.20,-9.75,33.16,93.203,
01/01/2000,00:00:22.20,-307.13,-196.29,458.50,27.89,5.56,-100.66,30.30,-22.35,-10.80,32.92,93.194,
01/01/2000,00:00:22.21,-101.07,102.54,909.18,49.39,-44.65,-90.91,30.15,-24.90,-10.20,33.25,93.185,
01/01/2000,00:00:22.22,-5.86,173.34,764.65,70.94,-71.76,-66.69,31.05,-24.0,-9.30,33.16,93.176,
01/01/2000,00:00:22.23,244.14,347.66,1226.56,27.03,-42.91,-19.75,29.10,-25.95,-9.30,33.35,93.168,
01/01/2000,00:00:22.25,-176.76,89.84,1458.01,-21.04,-16.37,5.89,30.45,-24.60,-9.45,33.16,93.159,
01/01/2000,00:00:22.26,-432.13,-13.18,1076.66,-7.38,-14.62,52.44,30.45,-24.60,-9.45,33.16,93.183,
01/01/2000,00:00:22.27,-382.32,-104.49,860.35,16.66,-2.69,30.27,29.40,-24.60,-9.0,33.06,93.174,
01/01/2000,00:00:22.28,-148.44,10.25,1150.88,8.85,-22.91,16.42,29.85,-23.10,-8.10,32.97,93.134,
01/01/2000,00:00:22.29,-251.46,-21.00,1064.45,13.27,-23.48,3.66,28.65,-24.15,-7.95,33.35,93.157,
01/01/2000,00:00:22.30,-173.34,-32.23,1082.52,20.15,-31.85,-15.73,28.35,-24.75,-8.85,33.30,93.149,
01/01/2000,00:00:22.31,-111.33,-2.44,1023.93,13.20,-22.37,23.06,29.40,-24.60,-7.95,33.44,93.141,
01/01/2000,00:00:22.32,-94.73,27.34,1056.64,-1.03,5.94,12.98,28.20,-24.60,-9.45,33.25,93.164,
01/01/2000,00:00:22.33,42.48,52.73,1123.05,-34.85,64.27,23.79,28.20,-24.60,-9.45,33.30,93.124,
01/01/2000,00:00:22.34,-99.61,-61.04,812.99,-19.63,41.44,11.65,28.20,-24.60,-9.45,33.35,93.147,
01/01/2000,00:00:22.35,61.04,-76.66,850.10,-27.21,42.80,74.72,28.20,-23.40,-9.75,33.30,93.139,
01/01/2000,00:00:22.36,-1009.77,-98.14,1999.94,-6.56,21.30,95.33,28.35,-18.90,-9.60,33.35,93.162,
01/01/2000,00:00:22.38,-365.23,35.16,914.55,-12.07,10.58,48.02,28.80,-16.80,-7.35,33.35,93.153,
01/01/2000,00:00:22.39,-289.55,23.44,521.48,8.98,8.78,-1.11,24.60,-11.40,-1.05,33.35,93.054,
01/01/2000,00:00:22.40,-481.93,-21.97,875.0,-3.63,-6.15,-12.79,16.65,-4.20,10.35,33.30,92.985,
01/01/2000,00:00:22.41,-399.41,-46.88,1015.14,18.75,-32.82,-52.77,16.65,-4.20,10.35,33.11,93.008,
01/01/2000,00:00:22.42,29.30,19.04,1229.00,12.84,-12.31,-33.68,11.25,-0.75,20.85,33.11,93.001,
01/01/2000,00:00:22.43,-95.70,-6.35,1009.77,1.67,4.70,-20.27,9.45,0.0,21.60,33.44,92.993,
01/01/2000,00:00:22.44,-60.06,14.16,1043.95,2.18,10.44,-13.96,8.25,0.30,23.40,33.16,93.016,
01/01/2000,00:00:22.46,204.10,-348.14,1026.37,-0.70,5.37,-1.43,7.20,0.75,28.20,33.25,93.008,
01/01/2000,00:00:22.47,-311.04,-189.45,914.55,-12.45,40.21,-20.28,6.15,-0.90,29.55,32.97,93.031,
01/01/2000,00:00:22.48,-267.58,-121.58,1071.78,-5.31,53.82,-42.45,1.95,0.15,34.80,33.25,93.023,
01/01/2000,00:00:22.49,-371.09,-78.13,913.57,-4.40,103.68,-32.47,0.75,3.90,37.95,33.64,93.045,
01/01/2000,00:00:22.50,-471.19,-113.28,1185.55,-10.35,148.41,-28.52,0.75,3.90,37.95,33.30,93.038,
01/01/2000,00:00:22.51,-372.56,-94.24,1074.71,-38.38,155.55,-24.0,0.75,3.90,37.95,33.06,93.001,
01/01/2000,00:00:22.52,-366.21,-113.28,1095.70,-54.91,192.01,-24.36,0.0,5.10,42.75,33.30,93.023,
01/01/2000,00:00:22.53,-282.71,104.00,891.60,-55.38,194.82,-15.06,-0.30,5.40,50.25,33.35,93.016,
01/01/2000,00:00:22.54,-616.70,-187.01,1282.71,-67.85,173.02,1.25,-4.50,-10.20,78.90,33.30,93.038,
01/01/2000,00:00:22.55,-560.55,-236.33,1151.86,-59.14,124.11,-18.61,18.30,-59.55,113.10,33.25,93.030,
01/01/2000,00:00:22.56,-661.62,-354.00,1255.37,-82.50,118.40,-21.07,63.45,-67.05,39.60,33.49,93.023,
01/01/2000,00:00:22.58,-654.79,-306.15,1175.78,-106.27,109.63,-36.18,63.45,-67.05,39.60,32.82,92.987,
01/01/2000,00:00:22.59,-817.38,-251.95,1290.04,-125.40,120.55,-43.66,63.45,-67.05,39.60,33.25,92.980,
01/01/2000,00:00:22.60,-872.56,-353.52,1136.72,-126.48,168.79,-51.89,72.45,-39.30,4.05,33.30,92.945,
01/01/2000,00:00:22.61,-824.71,-303.22,888.67,-76.78,250.13,-80.60,73.80,-36.0,-2.40,33.25,92.938,
01/01/2000,00:00:22.62,-896.97,-334.47,854.00,-48.08,250.13,-127.68,75.45,-36.60,-3.60,33.35,92.959,
01/01/2000,00:00:22.63,-871.58,-150.88,859.38,-53.27,250.13,-150.43,76.05,-36.30,-9.0,32.77,92.924,
01/01/2000,00:00:22.64,-673.83,-221.19,968.26,-62.62,250.13,-152.32,79.80,-39.45,-11.25,33.11,92.918,
01/01/2000,00:00:22.65,-698.24,-205.57,909.18,-43.34,250.13,-152.02,79.80,-39.45,-11.25,32.97,92.911,
01/01/2000,00:00:22.67,-737.79,-7.81,987.79,-48.70,250.13,-118.86,79.80,-39.45,-11.25,33.11,92.876,
01/01/2000,00:00:22.68,-720.70,-99.12,1112.79,-90.05,250.13,-78.18,83.70,-45.0,-23.55,33.35,92.898,
01/01/2000,00:00:22.69,-657.71,-465.82,716.31,-110.68,202.77,-80.87,83.40,-29.40,-34.65,33.11,92.864,
01/01/2000,00:00:22.70,-800.29,-440.43,483.40,-72.61,192.93,-105.91,82.50,-30.0,-31.05,33.30,92.857,
01/01/2000,00:00:22.71,-1054.69,-94.24,380.37,-19.34,228.85,-125.74,80.25,-31.65,-28.05,33.25,92.851,
01/01/2000,00:00:22.72,-1129.39,-98.14,319.34,3.05,250.13,-124.78,80.10,-33.75,-28.65,33.25,92.817,
01/01/2000,00:00:22.73,-927.25,-29.30,381.84,23.43,250.13,-123.07,79.80,-32.85,-31.05,33.35,92.811,
01/01/2000,00:00:22.75,-630.37,-349.12,312.01,21.64,250.13,-121.04,79.80,-32.85,-31.05,33.35,92.805,
01/01/2000,00:00:22.76,-389.16,-210.94,524.90,-0.63,250.13,-110.17,79.50,-36.75,-37.05,33.35,92.799,
01/01/2000,00:00:22.77,-334.96,-339.84,621.58,-44.83,211.86,-84.27,77.40,-38.55,-45.45,33.16,92.793,
01/01/2000,00:00:22.78,-292.48,-406.74,513.18,-42.69,135.24,-72.77,78.45,-37.35,-48.30,33.44,92.787,
01/01/2000,00:00:22.79,-532.23,-464.84,347.66,-49.28,97.73,-80.02,76.65,-38.10,-49.80,33.11,92.781,
01/01/2000,00:00:22.80,-802.25,-383.79,68.85,-49.93,81.76,-106.48,76.95,-40.05,-50.25,33.06,92.748,
01/01/2000,00:00:22.81,-929.69,-414.55,-32.71,-41.37,107.13,-92.48,76.05,-39.15,-50.40,33.11,92.742,
01/01/2000,00:00:22.82,-887.70,-392.58,26.37,-40.24,143.20,-63.19,76.05,-39.15,-50.40,33.06,92.736,
01/01/2000,00:00:22.83,-767.58,-526.37,95.70,-46.85,148.60,-32.84,76.05,-39.15,-50.40,33.06,92.730,
01/01/2000,00:00:22.85,-639.16,-592.29,139.16,-55.40,135.30,-21.21,73.65,-40.05,-51.0,33.30,92.725,
01/01/2000,00:00:22.86,-607.91,-609.86,136.23,-68.33,111.40,-19.21,71.70,-38.85,-53.25,33.25,92.693,
01/01/2000,00:00:22.87,-822.27,-670.90,68.85,-51.65,102.73,-39.10,72.30,-39.90,-55.20,33.11,92.687,
01/01/2000,00:00:22.88,-837.89,-575.68,-27.34,-39.20,126.38,-37.82,71.10,-39.45,-55.20,33.16,92.682,
01/01/2000,00:00:22.89,-769.53,-503.91,-80.57,-53.12,159.86,-28.30,70.50,-42.0,-56.55,33.35,92.572,
01/01/2000,00:00:22.91,-800.78,-550.78,-61.04,-53.56,159.57,-16.64,70.50,-42.0,-56.55,33.30,92.541,
01/01/2000,00:00:22.92,-757.81,-637.21,-54.69,-47.46,157.35,-1.27,66.90,-40.65,-58.65,33.30,92.510,
01/01/2000,00:00:22.93,-635.74,-626.95,-95.70,-61.64,166.43,20.79,64.80,-40.05,-60.60,33.16,92.505,
01/01/2000,00:00:22.94,-578.13,-595.70,-21.97,-70.46,148.45,36.97,63.75,-41.70,-60.30,33.25,92.500,
01/01/2000,00:00:22.95,-326.17,-502.44,-53.71,-63.15,110.73,14.46,61.80,-42.0,-63.30,33.44,92.495,
01/01/2000,00:00:22.96,-529.30,-524.90,-149.41,-58.14,81.07,5.48,56.85,-44.40,-62.85,33.44,92.490,
01/01/2000,00:00:22.98,-709.47,-503.91,-276.86,-39.80,72.99,-4.12,56.85,-44.40,-62.85,33.11,92.460,
01/01/2000,00:00:22.99,-902.83,-677.73,-368.65,-22.60,88.43,-12.97,56.85,-44.40,-62.85,33.16,92.455,
01/01/2000,00:00:23.00,-742.68,-519.53,-310.06,-15.57,106.34,-10.79,51.0,-48.15,-63.15,33.06,92.451,
01/01/2000,00:00:23.01,-579.10,-502.93,-266.11,-24.54,98.11,18.18,51.15,-48.30,-64.05,33.35,92.446,
01/01/2000,00:00:23.02,-531.74,-566.41,-246.58,-26.76,71.48,24.42,49.50,-48.90,-65.40,33.06,92.442,
01/01/2000,00:00:23.03,-513.18,-566.89,-253.91,-20.95,43.73,14.87,50.55,-48.60,-65.40,33.30,92.437,
01/01/2000,00:00:23.04,-611.33,-615.72,-331.05,-13.15,25.16,-7.67,50.40,-47.55,-67.05,33.11,92.432,
01/01/2000,00:00:23.05,-656.25,-603.52,-331.05,-21.75,18.37,-29.28,50.25,-47.70,-67.20,33.16,92.428,
01/01/2000,00:00:23.06,-605.96,-550.78,-556.15,-12.24,7.56,-45.40,50.25,-47.70,-67.20,33.30,92.423,
01/01/2000,00:00:23.08,-617.19,-480.47,-416.50,-17.79,3.92,-41.0,46.50,-47.70,-68.25,33.49,92.419,
01/01/2000,00:00:23.09,-715.82,-486.82,-461.43,9.30,9.69,-23.72,48.15,-47.55,-67.35,33.06,92.390,
01/01/2000,00:00:23.10,-717.29,-495.12,-440.43,11.44,12.80,-15.74,46.20,-48.30,-67.35,33.35,92.386,
01/01/2000,00:00:23.11,-737.30,-518.55,-393.55,0.82,6.55,-0.75,47.55,-47.70,-67.20,33.35,92.381,
01/01/2000,00:00:23.12,-733.89,-560.06,-372.56,-7.87,4.04,19.78,46.20,-48.0,-68.10,33.35,92.401,
01/01/2000,00:00:23.13,-661.62,-601.56,-353.03,-12.41,-2.37,23.68,47.25,-48.60,-69.0,33.44,92.397,
01/01/2000,00:00:23.14,-590.82,-637.21,-344.73,-10.13,-14.21,18.40,47.25,-48.60,-69.0,33.25,92.368,
01/01/2000,00:00:23.15,-555.66,-579.10,-318.36,-8.75,-29.58,9.65,47.25,-48.60,-69.0,33.25,92.364,
01/01/2000,00:00:23.16,-646.48,-523.44,-316.41,-2.88,-42.85,3.58,48.30,-46.20,-70.20,33.35,92.384,
01/01/2000,00:00:23.17,-840.82,-546.88,-392.58,11.30,-53.21,-5.93,48.15,-48.30,-68.85,33.25,92.380,
01/01/2000,00:00:23.19,-968.26,-579.10,-494.63,17.83,-37.85,-13.02,46.65,-48.0,-67.35,33.25,92.376,
01/01/2000,00:00:23.20,-882.81,-518.07,-327.64,10.50,-28.85,7.30,48.0,-48.60,-67.95,33.25,92.348,
01/01/2000,00:00:23.21,-784.67,-612.30,-337.40,5.01,-7.86,26.44,48.0,-50.85,-68.25,33.25,92.344,
01/01/2000,00:00:23.22,-812.99,-709.96,-319.82,4.27,-2.01,19.56,48.0,-50.85,-68.25,33.44,92.339,
01/01/2000,00:00:23.23,-777.83,-629.88,-339.36,5.20,0.16,15.69,48.0,-50.85,-68.25,33.16,92.359,
01/01/2000,00:00:23.24,-806.64,-595.70,-333.01,5.24,2.45,5.88,46.50,-49.35,-67.95,33.44,92.355,
01/01/2000,00:00:23.25,-791.02,-584.96,-334.96,5.62,-0.95,1.61,46.50,-51.30,-69.75,33.49,92.351,
01/01/2000,00:00:23.26,-834.96,-580.57,-357.42,9.40,-2.78,2.39,46.50,-48.15,-69.0,33.35,92.347,
01/01/2000,00:00:23.27,-779.79,-551.27,-328.61,6.60,1.40,-1.15,44.10,-50.10,-68.70,32.97,92.343,
01/01/2000,00:00:23.28,-799.32,-553.22,-324.71,8.21,-3.98,0.95,46.50,-48.90,-67.20,33.49,92.362,
01/01/2000,00:00:23.30,-820.80,-595.70,-335.45,9.38,-0.43,-4.60,45.30,-50.55,-68.70,33.35,92.358,
01/01/2000,00:00:23.31,-836.91,-603.52,-335.45,11.32,11.46,-8.34,45.30,-50.55,-68.70,33.49,92.354,
01/01/2000,00:00:23.32,-875.0,-640.14,-329.59,11.08,19.34,-2.47,46.80,-50.55,-69.75,33.25,92.350,
01/01/2000,00:00:23.33,-809.08,-623.54,-301.76,5.43,24.80,2.28,45.30,-49.80,-67.50,33.64,92.346,
01/01/2000,00:00:23.34,-739.75,-620.61,-279.30,-0.26,26.18,2.62,46.80,-50.55,-70.20,33.44,92.342,
01/01/2000,00:00:23.35,-702.64,-630.37,-280.76,2.98,17.85,-3.29,44.40,-50.70,-67.80,33.35,92.338,
01/01/2000,00:00:23.36,-665.53,-618.65,-293.95,3.55,14.07,-13.05,45.90,-51.15,-67.80,33.11,92.357,
01/01/2000,00:00:23.37,-715.33,-577.15,-300.29,8.33,8.99,-16.79,44.55,-51.30,-68.25,33.30,92.331,
01/01/2000,00:00:23.38,-769.53,-580.57,-311.52,10.08,8.09,-14.63,44.55,-51.30,-68.25,33.11,92.327,
01/01/2000,00:00:23.40,-778.32,-607.42,-329.59,11.48,19.70,-14.28,44.70,-50.70,-67.35,32.97,92.164,
01/01/2000,00:00:23.41,-755.37,-602.05,-315.92,8.47,23.19,-4.66,43.80,-50.55,-68.25,33.06,92.138,
01/01/2000,00:00:23.43,-712.40,-633.30,-293.46,3.52,20.64,-2.86,44.40,-51.45,-70.35,33.49,92.134,
01/01/2000,00:00:23.44,-687.01,-607.42,-291.02,2.05,13.69,-0.28,43.05,-50.55,-69.0,33.35,92.108,
01/01/2000,00:00:23.45,-691.41,-619.63,-323.24,1.63,9.96,0.74,44.40,-51.15,-68.55,33.44,92.105,
01/01/2000,00:00:23.46,-655.27,-593.75,-310.55,-2.77,9.15,-0.05,43.95,-50.40,-68.10,33.25,92.124,
01/01/2000,00:00:23.47,-659.67,-576.66,-313.96,-0.13,2.88,-2.53,43.95,-50.40,-68.10,33.16,92.121,
01/01/2000,00:00:23.48,-671.88,-576.66,-351.07,1.42,-4.63,-6.20,43.80,-51.30,-68.70,33.16,92.118,
01/01/2000,00:00:23.49,-730.47,-581.05,-345.21,6.79,-6.56,-4.99,43.80,-51.30,-67.50,33.11,92.115,
01/01/2000,00:00:23.50,-793.46,-621.09,-357.42,7.59,-2.24,-1.40,45.90,-53.10,-67.35,33.44,92.112,
01/01/2000,00:00:23.51,-782.71,-633.30,-363.28,4.83,2.89,-2.56,44.40,-51.15,-69.60,33.44,92.108,
01/01/2000,00:00:23.52,-782.71,-614.75,-349.12,3.02,10.83,-1.62,44.10,-53.25,-69.0,33.16,92.105,
01/01/2000,00:00:23.54,-736.33,-623.05,-355.47,3.60,11.61,-3.66,43.80,-51.75,-68.70,33.35,92.124,
01/01/2000,00:00:23.55,-703.13,-618.16,-336.91,2.86,14.78,0.59,43.80,-51.75,-68.70,33.44,92.099,
01/01/2000,00:00:23.56,-697.27,-610.84,-316.89,-0.27,9.70,0.27,43.80,-51.75,-68.70,33.44,92.096,
01/01/2000,00:00:23.57,-711.91,-620.12,-327.64,0.50,-0.26,-2.11,42.90,-52.65,-68.10,33.64,92.115,
01/01/2000,00:00:23.58,-738.77,-611.82,-346.19,4.60,2.81,-1.44,43.05,-50.55,-68.70,33.49,92.111,
01/01/2000,00:00:23.59,-734.38,-597.66,-354.98,0.58,1.75,-1.50,43.65,-51.45,-68.55,33.59,92.108,
01/01/2000,00:00:23.60,-736.33,-597.66,-346.68,-0.45,1.76,-0.21,42.60,-52.05,-70.20,33.44,92.127,
01/01/2000,00:00:23.61,-734.86,-611.33,-353.03,5.69,-0.54,-4.56,43.65,-52.35,-70.35,33.11,92.102,
01/01/2000,00:00:23.62,-802.25,-622.07,-371.09,7.79,4.85,-11.38,43.65,-52.35,-70.35,33.35,92.099,
01/01/2000,00:00:23.63,-788.09,-622.07,-366.21,4.68,19.49,-2.19,43.65,-52.35,-70.35,33.16,92.118,
01/01/2000,00:00:23.65,-747.56,-615.72,-338.87,-1.37,25.13,0.97,44.10,-51.75,-68.70,33.49,92.114,
01/01/2000,00:00:23.66,-694.82,-627.93,-338.38,-3.68,20.15,0.73,42.60,-52.95,-69.45,33.49,92.111,
01/01/2000,00:00:23.67,-649.90,-608.40,-306.64,1.64,11.21,2.76,42.60,-52.95,-70.20,33.35,92.087,
01/01/2000,00:00:23.68,-634.28,-609.86,-319.34,4.12,3.47,0.74,42.30,-54.45,-69.0,33.16,92.105,
01/01/2000,00:00:23.69,-676.76,-609.86,-320.31,1.92,-2.70,-5.44,41.85,-52.95,-70.20,33.25,92.102,
01/01/2000,00:00:23.70,-719.24,-616.21,-347.66,4.86,-4.98,-4.21,41.25,-52.65,-71.10,33.64,92.099,
01/01/2000,00:00:23.71,-742.68,-629.88,-347.66,7.71,2.75,-7.96,41.25,-52.65,-71.10,33.35,92.117,
01/01/2000,00:00:23.72,-743.65,-627.93,-358.40,3.41,5.96,-2.89,43.05,-54.0,-70.20,33.44,92.093,
01/01/2000,00:00:23.73,-717.77,-620.61,-363.77,2.93,9.33,-3.87,42.30,-53.70,-69.0,33.44,92.111,
01/01/2000,00:00:23.74,-709.96,-608.89,-346.19,5.60,8.88,-4.08,43.05,-52.95,-68.25,33.11,92.108,
01/01/2000,00:00:23.75,-722.17,-613.28,-351.07,5.14,8.17,-7.06,42.90,-51.90,-70.80,33.35,92.105,
01/01/2000,00:00:23.76,-706.05,-584.96,-359.86,0.82,8.06,-3.66,41.85,-54.0,-70.20,33.35,92.123,
01/01/2000,00:00:23.78,-675.29,-610.35,-348.63,2.47,5.60,-0.71,42.0,-53.85,-70.35,33.35,92.099,
01/01/2000,00:00:23.79,-661.13,-617.68,-354.98,5.68,1.39,-0.75,41.25,-53.85,-68.85,33.25,92.117,
01/01/2000,00:00:23.80,-736.82,-639.65,-341.80,6.28,-0.15,-3.11,41.25,-53.85,-68.85,33.64,92.114,
01/01/2000,00:00:23.81,-750.98,-641.60,-366.70,3.12,5.40,-1.59,42.0,-52.35,-70.80,33.16,92.111,
01/01/2000,00:00:23.82,-748.54,-629.39,-357.42,1.88,10.76,-4.27,42.60,-53.25,-70.20,33.49,92.129,
01/01/2000,00:00:23.83,-704.10,-622.56,-355.96,4.61,4.57,2.82,42.30,-53.25,-70.20,33.30,92.105,
01/01/2000,00:00:23.84,-719.24,-617.19,-366.70,2.64,5.40,0.85,42.30,-52.05,-70.50,33.30,92.102,
01/01/2000,00:00:23.85,-713.87,-633.79,-365.23,8.30,7.24,-3.25,42.45,-53.10,-71.55,33.44,92.120,
01/01/2000,00:00:23.86,-699.71,-625.49,-360.84,6.05,12.63,0.37,41.85,-52.50,-70.20,33.49,92.117,
01/01/2000,00:00:23.87,-680.66,-634.28,-337.89,4.30,12.31,0.29,41.85,-52.50,-70.20,33.25,92.114,
01/01/2000,00:00:23.88,-717.29,-642.09,-334.47,3.33,10.76,0.44,41.85,-52.50,-70.20,33.44,92.131,
01/01/2000,00:00:23.90,-713.38,-641.11,-365.23,5.62,11.70,0.12,42.45,-53.85,-70.35,33.49,92.108,
01/01/2000,00:00:23.91,-707.52,-625.98,-358.40,4.07,15.19,0.66,42.90,-54.60,-68.85,33.25,92.045,
01/01/2000,00:00:23.92,-681.15,-635.74,-348.14,2.46,14.63,2.34,41.25,-53.85,-71.55,33.35,92.002,
01/01/2000,00:00:23.93,-671.39,-613.77,-369.14,4.76,11.67,-2.32,40.95,-52.35,-70.80,33.11,92.019,
01/01/2000,00:00:23.94,-727.54,-631.84,-384.77,4.59,14.83,-3.02,43.20,-53.10,-72.60,33.35,92.017,
01/01/2000,00:00:23.96,-725.59,-651.37,-383.79,4.92,22.69,2.04,43.20,-53.10,-72.60,33.49,91.994,
01/01/2000,00:00:23.97,-694.82,-643.07,-392.58,3.69,34.98,-1.52,40.50,-52.35,-71.85,33.35,92.011,
01/01/2000,00:00:23.98,-669.43,-644.04,-421.39,3.84,53.18,-0.78,42.30,-51.30,-73.20,33.44,92.009,
01/01/2000,00:00:23.99,-699.22,-622.07,-397.46,-1.91,63.99,-5.21,40.80,-53.25,-73.50,33.49,92.006,
01/01/2000,00:00:24.00,-744.63,-637.21,-384.77,5.47,67.62,-4.47,41.70,-52.35,-72.90,33.49,92.003,
01/01/2000,00:00:24.01,-706.05,-651.86,-416.99,6.12,71.64,-0.17,40.80,-51.30,-73.50,33.44,91.981,
01/01/2000,00:00:24.02,-657.71,-650.88,-435.55,8.04,88.92,-2.49,39.45,-51.90,-73.65,33.16,91.998,
01/01/2000,00:00:24.03,-661.62,-653.81,-437.99,2.16,102.02,-3.82,39.45,-51.90,-73.65,33.68,91.996,
01/01/2000,00:00:24.04,-632.81,-639.16,-417.48,-1.17,109.11,-6.21,39.45,-51.90,-73.65,33.59,91.993,
01/01/2000,00:00:24.06,-656.74,-615.72,-386.72,-1.91,83.16,-4.30,40.20,-52.35,-80.40,33.49,91.991,
01/01/2000,00:00:24.07,-659.67,-638.67,-438.48,3.72,73.61,0.37,40.05,-50.85,-81.30,33.44,91.969,
01/01/2000,00:00:24.08,-613.28,-665.53,-598.14,-0.80,105.54,-4.47,38.85,-50.55,-81.75,33.49,91.986,
01/01/2000,00:00:24.09,-695.31,-641.60,-509.77,-7.14,131.11,-8.57,38.40,-49.35,-84.0,33.35,91.983,
01/01/2000,00:00:24.10,-617.19,-615.72,-460.45,-14.58,117.34,-6.06,38.10,-49.80,-85.80,33.59,91.981,
01/01/2000,00:00:24.11,-576.17,-601.07,-458.98,-20.31,89.77,-3.18,38.10,-49.80,-85.80,33.35,91.978,
01/01/2000,00:00:24.12,-537.60,-627.93,-464.36,-20.20,64.07,5.85,38.10,-49.80,-85.80,33.49,91.956,
01/01/2000,00:00:24.13,-520.02,-646.00,-513.18,-16.21,55.37,1.17,36.45,-49.50,-91.95,33.35,91.954,
01/01/2000,00:00:24.14,-567.38,-626.95,-540.04,-16.05,64.76,-4.93,37.20,-48.0,-94.65,33.30,91.952,
01/01/2000,00:00:24.16,-562.99,-617.68,-607.91,-21.38,76.94,-3.73,37.50,-48.30,-95.40,33.59,91.968,
01/01/2000,00:00:24.17,-581.54,-633.30,-572.75,-23.92,96.52,-3.57,34.80,-48.0,-96.75,33.64,91.966,
01/01/2000,00:00:24.18,-527.34,-596.68,-538.09,-24.99,87.66,2.07,34.50,-48.75,-97.50,33.64,91.945,
01/01/2000,00:00:24.19,-532.23,-606.45,-526.86,-19.64,70.78,1.53,33.15,-48.60,-100.35,33.16,91.942,
01/01/2000,00:00:24.20,-553.71,-600.59,-562.99,-12.46,49.86,2.22,33.15,-48.60,-100.35,33.44,91.940,
01/01/2000,00:00:24.21,-526.37,-624.51,-592.77,-11.32,38.99,1.18,33.30,-48.30,-102.45,33.59,91.937,
01/01/2000,00:00:24.22,-493.65,-620.61,-586.43,-16.40,34.20,-0.60,31.50,-48.75,-104.70,33.64,91.935,
01/01/2000,00:00:24.23,-457.03,-597.66,-532.23,-14.63,19.45,4.79,30.75,-47.55,-105.0,33.44,91.933,
01/01/2000,00:00:24.25,-475.10,-577.15,-561.52,-5.05,-3.92,-1.85,30.30,-48.30,-106.20,33.35,91.912,
01/01/2000,00:00:24.26,-468.75,-591.80,-581.54,-3.45,-14.60,-7.99,29.70,-48.15,-104.85,33.16,91.928,
01/01/2000,00:00:24.27,-476.56,-568.36,-573.73,2.81,-29.89,-1.85,30.30,-51.15,-104.70,33.44,91.926,
01/01/2000,00:00:24.28,-516.11,-609.86,-608.40,11.02,-33.88,-2.83,30.30,-51.15,-104.70,33.11,91.924,
01/01/2000,00:00:24.29,-562.01,-612.30,-659.67,14.79,-28.33,-4.63,30.45,-48.60,-103.35,33.35,91.921,
01/01/2000,00:00:24.30,-586.91,-664.55,-675.78,5.83,2.15,-4.31,31.80,-48.75,-100.95,33.25,91.901,
01/01/2000,00:00:24.31,-549.32,-636.72,-613.77,-1.82,13.38,1.37,31.65,-46.95,-101.10,33.59,91.898,
01/01/2000,00:00:24.32,-518.55,-607.91,-576.17,-4.17,9.76,1.29,31.80,-49.95,-101.70,33.44,91.896,
01/01/2000,00:00:24.33,-496.09,-638.18,-568.85,0.04,4.44,3.46,31.50,-49.20,-100.50,33.59,91.894,
01/01/2000,00:00:24.34,-498.54,-605.96,-559.57,1.17,-2.57,2.32,31.65,-46.20,-100.80,33.44,91.910,
01/01/2000,00:00:24.36,-510.74,-596.19,-562.01,1.15,-9.82,1.23,31.65,-46.20,-100.80,33.68,91.890,
01/01/2000,00:00:24.37,-514.16,-604.00,-561.52,1.87,-22.59,3.93,31.65,-46.20,-100.80,33.44,91.888,
01/01/2000,00:00:24.38,-545.41,-607.91,-566.89,8.77,-31.15,1.32,31.80,-48.75,-100.50,33.35,91.885,
01/01/2000,00:00:24.39,-551.27,-638.18,-590.33,16.56,-33.21,-1.44,31.95,-48.90,-98.55,33.44,91.902,
01/01/2000,00:00:24.40,-550.78,-635.25,-684.08,10.59,-10.27,-5.30,32.40,-50.85,-96.60,33.35,91.899,
01/01/2000,00:00:24.42,-569.82,-614.26,-580.08,-3.43,7.04,0.28,31.20,-49.80,-95.10,33.59,91.788,
01/01/2000,00:00:24.43,-489.75,-623.54,-575.68,2.72,3.23,6.78,30.90,-50.10,-95.85,33.64,91.768,
01/01/2000,00:00:24.44,-482.42,-618.16,-551.27,-2.23,-2.02,1.69,30.90,-50.10,-95.85,33.59,91.767,
01/01/2000,00:00:24.45,-531.25,-615.23,-555.18,1.07,-7.30,2.80,31.50,-48.0,-97.50,33.35,91.783,
01/01/2000,00:00:24.46,-526.86,-643.55,-585.45,5.13,-5.87,3.37,32.70,-49.35,-98.55,33.35,91.781,
01/01/2000,00:00:24.47,-525.88,-630.86,-574.71,2.58,-4.68,-0.90,30.90,-48.60,-97.35,33.49,91.779,
01/01/2000,00:00:24.48,-553.71,-616.21,-576.17,3.03,-8.85,-1.09,31.65,-48.90,-96.30,33.44,91.777,
01/01/2000,00:00:24.49,-564.94,-610.84,-561.04,6.43,-13.67,-2.76,32.70,-50.85,-97.05,33.35,91.775,
01/01/2000,00:00:24.51,-544.92,-607.42,-575.20,7.98,-21.18,-2.84,31.50,-47.55,-96.45,33.16,91.773,
01/01/2000,00:00:24.52,-550.29,-619.14,-554.20,7.42,-25.71,-0.24,31.50,-47.55,-96.45,33.59,91.772,
01/01/2000,00:00:24.53,-576.17,-637.21,-577.64,4.42,-29.53,3.28,33.30,-49.20,-94.65,33.16,91.770,
01/01/2000,00:00:24.54,-542.97,-646.00,-581.05,3.95,-26.73,-0.17,33.30,-48.30,-94.95,33.59,91.768,
01/01/2000,00:00:24.55,-495.61,-641.11,-590.33,2.63,-19.44,0.78,32.70,-50.55,-93.60,33.64,91.766,
01/01/2000,00:00:24.56,-532.71,-602.54,-564.45,0.98,-11.55,2.64,32.40,-49.80,-93.60,33.35,91.764,
01/01/2000,00:00:24.57,-535.64,-606.45,-548.34,-3.65,-15.30,1.81,33.90,-50.55,-93.60,33.59,91.780,
01/01/2000,00:00:24.58,-491.21,-601.56,-530.76,-2.92,-20.91,2.03,34.05,-49.20,-92.70,33.30,91.761,
01/01/2000,00:00:24.59,-501.95,-632.32,-508.79,-2.07,-29.93,0.73,34.05,-49.20,-92.70,33.64,91.759,
01/01/2000,00:00:24.61,-487.30,-599.61,-489.75,-3.56,-43.89,1.97,33.0,-47.25,-92.70,33.25,91.757,
01/01/2000,00:00:24.62,-467.77,-605.47,-438.48,-1.62,-72.12,7.36,33.30,-49.95,-92.70,33.44,91.755,
01/01/2000,00:00:24.63,-418.46,-604.00,-397.46,-3.44,-111.43,8.54,35.10,-48.15,-91.05,33.59,91.754,
01/01/2000,00:00:24.64,-386.23,-540.53,-396.97,-12.27,-161.13,23.16,36.0,-49.95,-90.90,33.49,91.752,
01/01/2000,00:00:24.65,-403.81,-583.50,-332.52,-6.37,-205.82,34.12,34.80,-49.95,-88.20,33.59,91.750,
01/01/2000,00:00:24.66,-518.07,-626.95,-488.28,5.45,-236.69,33.09,36.0,-49.50,-87.15,33.44,91.748,
01/01/2000,00:00:24.67,-481.93,-530.27,-532.71,-9.48,-198.35,46.12,38.10,-50.55,-84.75,33.64,91.747,
01/01/2000,00:00:24.68,-635.74,-506.84,-393.07,-20.40,-179.23,57.22,38.10,-50.55,-84.75,33.35,91.745,
01/01/2000,00:00:24.69,-561.52,-518.55,-318.36,-15.96,-219.73,61.0,37.95,-53.10,-78.15,33.49,91.743,
01/01/2000,00:00:24.71,-457.52,-450.68,-224.12,-18.44,-250.14,68.93,40.05,-51.75,-78.0,33.44,91.724,
01/01/2000,00:00:24.72,-422.36,-399.90,-153.32,-24.29,-250.14,79.79,41.55,-53.25,-75.45,33.49,91.723,
01/01/2000,00:00:24.73,-486.82,-426.76,-4.88,-31.88,-250.14,84.93,43.20,-53.10,-73.65,33.64,91.704,
01/01/2000,00:00:24.74,-666.50,-452.64,110.84,-19.02,-250.14,75.46,43.65,-52.65,-72.60,33.64,91.719,
01/01/2000,00:00:24.75,-824.71,-482.91,147.46,-29.73,-250.14,73.20,46.95,-52.65,-68.10,33.64,91.718,
01/01/2000,00:00:24.76,-993.16,-519.04,125.0,-46.50,-250.14,80.18,46.95,-52.65,-68.10,33.59,91.699,
01/01/2000,00:00:24.77,-1040.53,-687.50,121.09,-49.24,-250.14,61.04,55.05,-52.35,-59.55,33.59,91.697,
01/01/2000,00:00:24.78,-1166.02,-612.79,219.73,-36.69,-250.14,26.97,55.50,-50.85,-55.20,33.49,91.696,
01/01/2000,00:00:24.80,-1102.54,-500.0,87.40,-20.44,-250.14,17.89,58.80,-49.50,-52.50,33.35,91.677,
01/01/2000,00:00:24.81,-1093.26,-357.42,154.30,-11.02,-250.14,34.43,58.80,-49.95,-49.80,33.64,91.693,
01/01/2000,00:00:24.82,-1068.85,-352.54,288.09,-9.85,-250.14,44.92,62.25,-49.20,-48.30,33.49,91.658,
01/01/2000,00:00:24.83,-1038.09,-404.30,387.70,-17.64,-248.92,43.55,60.90,-50.10,-44.10,33.06,91.656,
01/01/2000,00:00:24.84,-1032.71,-385.74,434.08,-32.69,-232.37,27.45,60.90,-50.10,-44.10,33.64,91.655,
01/01/2000,00:00:24.85,-978.03,-385.25,509.77,-35.62,-239.78,32.46,64.80,-48.30,-37.20,33.49,91.653,
01/01/2000,00:00:24.86,-917.48,-446.29,564.45,-37.49,-250.14,22.67,65.55,-49.50,-34.95,33.59,91.652,
01/01/2000,00:00:24.88,-806.15,-592.77,534.18,-33.75,-250.14,-2.33,65.55,-48.30,-31.20,33.78,91.633,
01/01/2000,00:00:24.89,-806.15,-594.73,583.01,-38.44,-239.89,-29.91,65.10,-46.65,-29.55,33.64,91.632,
01/01/2000,00:00:24.90,-838.38,-584.96,687.50,-21.45,-229.60,-49.39,68.10,-47.70,-27.0,33.44,91.631,
01/01/2000,00:00:24.91,-830.57,-500.49,704.59,-16.40,-221.37,-48.15,68.40,-47.70,-21.75,33.49,91.629,
01/01/2000,00:00:24.92,-5.86,-2000.0,-2000.0,78.22,-171.08,-144.66,68.40,-47.70,-21.75,33.25,91.562,
01/01/2000,00:00:24.94,-863.77,-507.32,706.54,-16.40,-121.93,-20.99,68.10,-50.85,-8.70,33.49,91.528,
01/01/2000,00:00:24.95,-712.40,-482.42,741.21,-12.41,-91.66,-8.34,66.90,-53.25,-6.0,33.49,91.527,
01/01/2000,00:00:24.96,-661.62,-532.71,774.41,0.28,-85.73,-6.50,66.30,-51.90,-5.55,33.35,91.525,
01/01/2000,00:00:24.97,-634.77,-580.08,749.02,-5.81,-76.89,-3.37,67.50,-52.35,-6.30,33.49,91.524,
01/01/2000,00:00:24.98,-608.89,-553.22,776.86,-5.30,-71.31,-9.22,67.50,-52.35,-3.60,33.30,91.539,
01/01/2000,00:00:24.99,-583.98,-570.31,747.56,-12.70,-69.06,-8.56,67.50,-52.35,-3.60,33.64,91.522,
01/01/2000,00:00:25.00,-595.21,-543.95,751.95,-6.91,-62.57,-17.27,67.50,-52.35,-3.60,33.49,91.521,
01/01/2000,00:00:25.01,-521.00,-504.39,743.16,-5.86,-64.99,-18.24,67.50,-53.55,-2.10,33.68,91.519,
01/01/2000,00:00:25.03,-479.98,-483.40,696.78,-6.65,-62.34,-11.69,67.65,-53.25,0.45,33.49,91.518,
01/01/2000,00:00:25.04,-104.49,-422.85,748.05,-10.69,-97.16,-27.50,66.60,-54.45,0.15,33.44,91.533,
01/01/2000,00:00:25.05,-509.28,-453.61,610.35,-7.12,-88.40,-29.52,66.30,-53.55,0.30,33.59,91.516,
01/01/2000,00:00:25.06,-562.50,-539.55,709.96,-6.83,-57.44,13.94,67.95,-53.85,2.85,33.44,91.515,
01/01/2000,00:00:25.07,-562.01,-524.90,750.49,-16.98,-38.79,12.12,67.95,-53.85,2.85,33.64,91.514,
01/01/2000,00:00:25.08,-546.39,-547.36,750.98,-16.98,-31.48,13.01,67.95,-53.85,2.85,33.49,91.528,
01/01/2000,00:00:25.09,-515.63,-521.48,702.64,-18.21,-24.99,11.18,68.70,-54.30,2.85,33.64,91.527,
01/01/2000,00:00:25.10,-486.82,-493.65,708.98,-18.64,-8.11,18.22,68.10,-52.95,4.20,33.64,91.510,
01/01/2000,00:00:25.11,-492.19,-519.04,709.96,-15.92,-3.09,28.21,68.10,-56.10,4.95,33.59,91.525,
01/01/2000,00:00:25.12,-530.76,-548.83,730.47,-7.33,-0.76,27.18,70.20,-55.05,4.35,33.35,91.524,
01/01/2000,00:00:25.14,-522.95,-496.09,719.73,-7.89,0.93,30.03,69.15,-52.50,2.70,33.64,91.522,
01/01/2000,00:00:25.15,-494.63,-483.89,707.52,-9.86,-0.23,28.11,71.25,-52.65,2.10,33.64,91.537,
01/01/2000,00:00:25.16,-545.90,-461.91,714.84,-7.15,-6.62,25.59,71.25,-52.65,2.10,33.44,91.520,
01/01/2000,00:00:25.17,-561.52,-437.01,728.52,-6.94,-20.33,32.50,71.10,-52.95,4.65,33.59,91.535,
01/01/2000,00:00:25.18,-520.51,-427.73,740.72,-14.22,-36.64,32.68,70.50,-54.30,3.30,33.25,91.534,
01/01/2000,00:00:25.19,-494.14,-504.88,792.48,-12.34,-53.94,47.66,69.0,-51.90,3.30,33.59,91.532,
01/01/2000,00:00:25.20,-487.79,-559.08,765.63,-14.53,-73.13,31.58,69.15,-53.25,4.95,33.35,91.547,
01/01/2000,00:00:25.21,-483.40,-530.27,718.26,-17.46,-71.57,19.35,71.55,-51.75,4.95,33.49,91.530,
01/01/2000,00:00:25.22,-532.71,-564.45,726.56,-15.01,-62.80,18.69,70.05,-51.30,6.75,33.64,91.529,
01/01/2000,00:00:25.23,-531.74,-562.50,753.42,-16.05,-57.98,1.04,71.85,-50.55,7.50,33.64,91.543,
01/01/2000,00:00:25.24,-520.02,-544.92,762.21,-13.79,-41.88,-12.10,71.70,-50.70,8.10,33.59,91.542,
01/01/2000,00:00:25.26,-485.84,-541.99,748.54,-9.82,-40.0,-14.15,71.25,-51.45,10.05,33.64,91.541,
01/01/2000,00:00:25.27,-464.36,-471.19,759.77,-4.86,-29.42,-12.53,71.85,-51.75,9.75,33.88,91.540,
01/01/2000,00:00:25.28,-494.63,-501.95,773.44,-5.25,-21.66,-4.98,70.80,-52.05,9.0,33.59,91.539,
01/01/2000,00:00:25.29,-461.43,-473.14,788.57,-4.43,-25.43,1.34,68.85,-50.55,11.25,33.35,91.537,
01/01/2000,00:00:25.30,-458.01,-495.12,798.34,-10.29,-29.19,15.24,71.25,-50.70,10.35,33.49,91.536,
01/01/2000,00:00:25.31,-400.39,-521.48,798.34,-8.02,-36.08,15.92,71.25,-51.90,11.10,33.35,91.550,
01/01/2000,00:00:25.32,-433.59,-500.0,796.39,-9.24,-37.95,16.85,71.25,-51.90,11.10,33.49,91.549,
01/01/2000,00:00:25.33,-456.05,-507.81,759.77,-9.27,-39.09,14.53,70.50,-51.45,11.55,33.64,91.533,
01/01/2000,00:00:25.34,-444.34,-580.08,758.30,-11.01,-36.46,12.73,69.45,-49.95,12.60,33.64,91.532,
01/01/2000,00:00:25.35,-453.13,-528.81,762.21,-5.68,-32.63,-7.11,69.0,-50.40,14.10,33.59,91.546,
01/01/2000,00:00:25.37,-422.85,-511.23,746.58,-3.95,-31.38,-7.73,70.80,-48.90,13.50,33.44,91.545,
01/01/2000,00:00:25.38,-421.88,-551.27,755.37,1.04,-21.69,-0.22,70.05,-50.55,15.75,33.49,91.543,
01/01/2000,00:00:25.39,-398.44,-515.63,726.07,-0.45,-19.02,-3.56,69.75,-50.70,12.90,33.44,91.542,
01/01/2000,00:00:25.40,-411.13,-517.58,730.96,6.58,-8.89,-0.37,69.75,-50.70,12.90,33.49,91.541,
01/01/2000,00:00:25.41,-427.25,-495.61,766.11,6.79,-3.88,0.64,69.75,-50.70,12.90,33.59,91.540,
01/01/2000,00:00:25.42,-401.86,-541.02,741.70,7.22,8.06,5.63,70.80,-49.35,14.70,33.59,91.554,
