rtcDate,rtcTime,aX,aY,aZ,gX,gY,gZ,mX,mY,mZ,imu_degC,output_Hz,
01/01/2000,00:00:01.32,-703.61,-126.95,-662.11,0.51,-4.20,0.21,21.90,-49.95,-84.15,33.83,500.0,
01/01/2000,00:00:01.33,-741.21,-114.26,-676.76,-2.27,-0.85,0.49,21.90,-49.95,-84.15,33.35,100.0,
01/01/2000,00:00:01.34,-717.77,-129.39,-670.41,-1.12,1.02,2.83,23.10,-48.30,-82.65,33.97,93.750,
01/01/2000,00:00:01.36,-709.47,-141.60,-672.36,-2.02,4.07,0.16,23.85,-50.40,-84.45,34.02,93.023,
01/01/2000,00:00:01.37,-727.05,-135.25,-682.62,-0.95,-2.92,1.82,22.35,-47.55,-82.35,33.83,94.340,
01/01/2000,00:00:01.38,-720.21,-116.21,-691.89,-0.24,2.09,0.86,22.95,-48.90,-83.25,33.97,92.308,
01/01/2000,00:00:01.39,-714.36,-103.52,-685.06,0.24,0.56,1.56,21.15,-50.40,-83.40,33.88,92.105,
01/01/2000,00:00:01.40,-697.27,-120.12,-689.45,1.11,0.31,1.91,22.65,-47.55,-83.10,33.78,93.023,
01/01/2000,00:00:01.41,-680.66,-120.12,-663.09,-1.17,0.20,-0.49,22.65,-49.95,-83.40,33.83,92.784,
01/01/2000,00:00:01.42,-695.80,-126.46,-682.13,3.25,-3.37,-0.37,23.40,-50.70,-83.10,33.68,92.593,
01/01/2000,00:00:01.43,-707.52,-123.54,-708.98,0.73,4.53,-4.51,21.90,-50.40,-82.65,33.97,92.437,
01/01/2000,00:00:01.44,-700.68,-121.58,-683.59,3.81,2.34,-4.40,23.25,-48.60,-84.30,34.12,92.308,
01/01/2000,00:00:01.45,-702.64,-132.81,-686.04,4.61,3.49,-0.51,21.90,-49.20,-85.20,33.88,92.199,
01/01/2000,00:00:01.46,-683.11,-130.86,-673.83,5.43,-0.14,4.37,23.10,-48.75,-83.40,33.88,92.715,
01/01/2000,00:00:01.47,-679.69,-144.53,-668.95,1.55,-0.31,-2.86,21.45,-49.80,-82.50,33.78,92.593,
01/01/2000,00:00:01.48,-703.13,-134.28,-670.90,3.53,-1.43,-2.22,22.35,-49.95,-83.10,33.88,92.486,
01/01/2000,00:00:01.49,-734.38,-126.46,-675.78,3.15,-2.24,1.44,22.35,-49.95,-83.10,33.88,92.391,
01/01/2000,00:00:01.51,-730.96,-146.00,-659.67,-1.21,-0.99,-0.62,22.50,-49.80,-83.55,34.02,92.308,
01/01/2000,00:00:01.52,-739.26,-137.70,-683.11,2.03,-1.57,-1.63,21.60,-50.40,-84.45,33.78,92.233,
01/01/2000,00:00:01.53,-710.45,-153.81,-684.08,0.16,0.78,-1.46,21.15,-49.20,-84.15,34.02,92.166,
01/01/2000,00:00:01.54,-705.57,-137.21,-677.25,3.60,0.05,-2.36,22.65,-48.0,-83.40,33.64,92.511,
01/01/2000,00:00:01.55,-715.33,-117.68,-669.43,0.77,-2.47,-1.38,21.75,-50.55,-84.0,33.78,92.050,
01/01/2000,00:00:01.56,-740.72,-143.55,-672.85,-0.07,-0.65,0.38,21.15,-48.30,-84.15,33.83,92.369,
01/01/2000,00:00:01.57,-706.05,-133.79,-681.15,-0.56,1.52,0.64,21.15,-48.30,-84.15,33.64,92.308,
01/01/2000,00:00:01.58,-692.38,-141.60,-678.22,-0.08,2.27,-3.08,21.15,-48.30,-84.15,33.97,92.251,
01/01/2000,00:00:01.59,-688.96,-127.44,-664.06,-0.67,-1.83,-0.44,23.25,-49.80,-84.75,33.88,92.199,
01/01/2000,00:00:01.61,-704.59,-118.16,-681.15,-3.70,-7.50,-0.18,22.65,-49.50,-84.15,34.16,92.150,
01/01/2000,00:00:01.62,-730.96,-112.79,-687.01,0.24,-3.85,-0.63,23.40,-49.50,-83.70,34.02,92.105,
01/01/2000,00:00:01.63,-735.84,-128.91,-692.38,-1.46,-0.24,-2.71,22.35,-50.40,-83.40,33.83,92.063,
01/01/2000,00:00:01.64,-723.14,-150.39,-704.10,2.23,0.83,-2.53,22.35,-50.70,-83.70,34.02,92.025,
01/01/2000,00:00:01.65,-689.45,-131.35,-697.75,0.64,3.76,-1.85,22.35,-50.70,-83.70,33.88,92.262,
01/01/2000,00:00:01.66,-703.61,-138.67,-682.62,2.77,1.02,-1.93,22.35,-50.70,-83.70,33.83,91.954,
01/01/2000,00:00:01.67,-716.80,-139.16,-685.55,2.08,-0.78,0.02,20.10,-49.95,-83.40,33.88,91.922,
01/01/2000,00:00:01.68,-703.13,-136.72,-669.43,-0.27,2.31,3.21,24.0,-49.35,-83.25,33.83,92.141,
01/01/2000,00:00:01.69,-697.27,-138.67,-673.34,0.73,0.60,4.19,22.50,-48.15,-83.55,33.64,92.105,
01/01/2000,00:00:01.70,-678.71,-135.74,-666.50,0.12,-0.67,-0.90,22.20,-49.80,-83.25,34.02,92.308,
01/01/2000,00:00:01.71,-709.96,-144.53,-659.67,-3.34,-4.81,-0.39,22.95,-50.85,-82.80,34.02,92.040,
01/01/2000,00:00:01.72,-733.40,-138.18,-683.11,-0.74,-2.98,-2.15,22.95,-50.85,-82.80,34.02,92.010,
01/01/2000,00:00:01.74,-721.68,-140.14,-676.76,2.15,1.85,-0.53,22.95,-50.85,-82.80,33.97,91.981,
01/01/2000,00:00:01.74,-710.45,-147.95,-667.97,1.07,2.07,-3.87,21.45,-49.35,-84.75,33.97,92.166,
01/01/2000,00:00:01.76,-711.43,-134.77,-671.39,0.40,-0.74,-0.67,22.50,-49.80,-83.25,33.64,92.135,
01/01/2000,00:00:01.77,-729.98,-111.82,-683.59,1.39,-1.33,-0.63,22.50,-50.85,-84.30,34.02,91.904,
01/01/2000,00:00:01.78,-730.96,-135.25,-682.62,2.15,-3.52,-2.20,22.50,-50.55,-82.05,34.02,91.880,
01/01/2000,00:00:01.79,-733.40,-140.14,-686.52,0.82,-0.21,-0.86,22.65,-49.50,-84.45,34.21,92.050,
01/01/2000,00:00:01.80,-706.05,-137.21,-682.62,-0.26,0.12,-1.98,22.65,-49.50,-84.45,33.88,92.025,
01/01/2000,00:00:01.81,-696.78,-134.77,-680.18,-1.96,-1.69,0.15,22.65,-49.50,-84.45,34.12,92.0,
01/01/2000,00:00:01.82,-699.71,-144.04,-662.11,-0.34,-3.16,0.44,23.40,-50.40,-83.70,33.88,92.157,
01/01/2000,00:00:01.84,-687.01,-126.95,-666.50,1.61,-2.82,2.74,22.35,-49.50,-82.65,33.64,91.255,
01/01/2000,00:00:01.85,-709.96,-125.98,-688.96,1.31,-3.02,1.89,23.10,-49.50,-84.45,34.12,90.909,
01/01/2000,00:00:01.86,-742.19,-119.14,-701.66,2.21,1.15,2.60,21.90,-49.20,-84.45,33.78,91.075,
01/01/2000,00:00:01.87,-736.33,-113.28,-698.73,2.28,0.82,-1.64,21.75,-47.40,-82.80,34.12,91.071,
01/01/2000,00:00:01.88,-715.82,-146.00,-671.88,2.95,0.51,-0.32,23.10,-49.20,-83.40,33.97,91.068,
01/01/2000,00:00:01.90,-681.15,-145.51,-671.39,2.63,1.92,1.17,23.10,-49.20,-83.40,33.88,91.065,
01/01/2000,00:00:01.91,-686.04,-149.41,-664.55,-0.84,-2.78,-1.98,20.85,-50.40,-83.10,33.83,91.062,
01/01/2000,00:00:01.92,-691.89,-145.02,-667.48,0.25,-4.98,-1.43,21.60,-49.20,-83.10,33.88,91.060,
01/01/2000,00:00:01.92,-715.82,-155.76,-666.02,-1.67,-5.91,-0.65,22.95,-49.35,-82.80,34.02,91.205,
01/01/2000,00:00:01.94,-703.13,-148.93,-663.57,-0.08,-3.83,0.13,21.60,-49.95,-84.15,33.88,91.200,
01/01/2000,00:00:01.95,-703.13,-143.55,-670.90,-3.56,-1.28,-2.63,21.75,-49.35,-82.80,34.12,91.052,
01/01/2000,00:00:01.96,-690.43,-146.48,-657.71,-3.62,-4.50,-0.11,23.70,-48.90,-83.55,33.97,91.049,
01/01/2000,00:00:01.97,-713.87,-128.91,-681.64,-2.52,-11.04,-4.74,23.70,-48.90,-83.55,33.88,91.047,
01/01/2000,00:00:01.98,-791.99,-110.35,-710.94,-0.07,-4.77,-4.04,24.0,-50.10,-82.50,33.78,91.181,
01/01/2000,00:00:01.99,-775.88,-140.63,-715.82,-0.71,3.95,-2.66,22.65,-50.40,-82.35,34.12,91.176,
01/01/2000,00:00:02.00,-745.12,-151.37,-673.83,2.15,8.18,1.56,22.20,-50.55,-85.05,34.21,91.040,
01/01/2000,00:00:02.01,-720.21,-145.51,-666.99,1.66,5.75,0.26,24.0,-50.55,-82.80,33.88,91.168,
01/01/2000,00:00:02.02,-700.68,-133.79,-658.20,1.62,2.21,2.37,22.35,-49.50,-84.15,33.68,91.164,
01/01/2000,00:00:02.03,-696.78,-145.51,-663.57,0.42,-1.03,-4.69,20.85,-49.95,-84.45,34.02,91.286,
01/01/2000,00:00:02.04,-712.89,-150.88,-652.83,-2.05,-2.63,-0.40,20.85,-49.95,-84.45,33.78,91.281,
01/01/2000,00:00:02.05,-702.64,-141.11,-650.39,-4.01,2.98,2.08,20.85,-49.95,-84.45,34.02,91.153,
01/01/2000,00:00:02.06,-701.17,-140.14,-663.57,-1.56,-2.50,1.43,22.35,-48.75,-83.70,34.02,91.149,
01/01/2000,00:00:02.07,-704.10,-150.39,-670.90,-3.47,-1.50,0.12,23.40,-51.15,-83.40,34.12,91.265,
01/01/2000,00:00:02.08,-721.68,-149.90,-680.18,-0.79,-0.48,-1.13,23.10,-49.95,-83.70,34.12,91.260,
01/01/2000,00:00:02.10,-734.38,-121.09,-697.27,-0.25,2.47,-2.44,22.50,-49.80,-84.0,34.21,91.255,
01/01/2000,00:00:02.11,-721.68,-140.14,-699.71,3.85,1.29,-0.50,22.35,-51.90,-83.70,33.97,91.250,
01/01/2000,00:00:02.12,-709.47,-141.11,-683.11,2.43,2.50,-4.97,22.35,-51.90,-83.70,33.97,91.245,
01/01/2000,00:00:02.13,-706.05,-130.37,-679.69,1.81,2.53,-4.42,22.35,-51.90,-83.70,34.02,91.241,
01/01/2000,00:00:02.14,-694.34,-127.44,-655.76,1.72,-0.19,0.76,22.20,-49.35,-82.80,33.83,91.346,
01/01/2000,00:00:02.15,-711.91,-134.28,-652.83,-0.26,-0.51,0.25,23.25,-49.35,-84.30,34.21,91.340,
01/01/2000,00:00:02.16,-728.03,-140.14,-675.29,0.40,-4.85,2.90,22.95,-48.90,-84.30,33.88,91.335,
01/01/2000,00:00:02.17,-718.75,-144.04,-669.92,-1.47,-0.71,4.51,21.75,-49.80,-83.25,34.21,91.329,
01/01/2000,00:00:02.18,-729.98,-156.25,-666.99,0.11,2.20,2.75,20.55,-49.35,-82.80,34.02,91.324,
01/01/2000,00:00:02.19,-712.40,-166.02,-666.02,2.24,-0.37,0.69,21.90,-50.40,-83.70,34.02,91.319,
01/01/2000,00:00:02.20,-719.73,-131.84,-670.90,1.29,-0.66,-5.52,21.90,-50.40,-83.70,34.12,91.416,
01/01/2000,00:00:02.22,-712.40,-127.93,-671.39,3.34,0.77,-3.44,21.45,-48.60,-82.80,34.21,91.410,
01/01/2000,00:00:02.23,-726.56,-143.55,-681.15,1.24,-1.21,-6.30,23.10,-49.50,-84.90,34.02,91.304,
01/01/2000,00:00:02.24,-736.33,-133.79,-678.22,0.05,0.01,-3.26,22.50,-49.80,-83.55,34.21,91.300,
01/01/2000,00:00:02.25,-729.98,-141.60,-672.36,1.52,-0.61,-0.01,22.20,-48.60,-84.0,33.97,91.392,
01/01/2000,00:00:02.26,-725.59,-147.46,-667.97,-0.95,1.98,-0.08,22.95,-49.80,-83.55,34.02,91.387,
01/01/2000,00:00:02.27,-713.38,-148.93,-666.99,-2.48,0.45,2.38,23.25,-49.80,-82.50,33.78,91.381,
01/01/2000,00:00:02.28,-711.43,-130.37,-666.99,-0.77,1.92,2.02,23.25,-49.80,-82.50,34.12,91.376,
01/01/2000,00:00:02.29,-706.05,-156.74,-668.95,0.98,-0.61,2.63,23.25,-49.80,-82.50,34.16,91.371,
01/01/2000,00:00:02.30,-713.87,-148.93,-662.11,0.02,1.23,0.52,21.45,-49.35,-82.80,33.88,91.457,
01/01/2000,00:00:02.31,-723.14,-140.63,-674.80,2.15,2.47,-0.47,24.30,-49.50,-83.40,33.88,91.451,
01/01/2000,00:00:02.32,-715.82,-148.44,-667.97,0.89,0.77,-2.95,23.10,-49.50,-83.70,34.21,91.445,
01/01/2000,00:00:02.34,-713.38,-134.77,-686.04,2.65,-2.34,-2.38,22.20,-50.10,-84.0,34.12,90.997,
01/01/2000,00:00:02.35,-713.38,-136.23,-668.46,4.15,-1.61,2.91,20.10,-50.40,-82.35,34.02,90.909,
01/01/2000,00:00:02.36,-702.15,-144.53,-667.97,0.78,1.04,-2.36,20.10,-50.40,-82.35,34.12,90.909,
01/01/2000,00:00:02.37,-709.47,-151.37,-669.92,-1.71,-1.83,-1.22,23.25,-50.55,-84.0,34.02,90.994,
01/01/2000,00:00:02.39,-714.36,-154.79,-676.27,-0.73,-1.24,1.56,21.0,-49.80,-83.55,34.16,90.993,
01/01/2000,00:00:02.40,-696.29,-143.07,-658.69,-1.39,-2.85,2.14,22.65,-50.40,-83.10,33.97,90.993,
01/01/2000,00:00:02.41,-715.33,-144.53,-664.06,-1.13,-4.73,1.85,21.45,-49.35,-82.80,34.21,90.992,
01/01/2000,00:00:02.42,-743.16,-131.35,-672.85,-0.31,-3.40,-0.69,21.60,-49.20,-81.90,33.88,90.991,
01/01/2000,00:00:02.43,-729.98,-136.72,-679.20,-1.0,0.48,-2.69,22.50,-49.35,-82.80,34.21,90.990,
01/01/2000,00:00:02.44,-709.96,-133.30,-682.13,-0.89,2.12,-0.56,22.50,-49.35,-82.80,33.88,90.989,
01/01/2000,00:00:02.45,-702.64,-143.55,-661.13,-1.32,-0.03,-0.10,23.10,-50.40,-83.40,34.21,91.068,
01/01/2000,00:00:02.46,-725.59,-116.21,-671.88,0.81,-2.98,-3.13,22.50,-50.85,-82.50,34.02,90.988,
01/01/2000,00:00:02.47,-749.02,-144.53,-708.50,3.38,-2.18,-2.68,23.10,-48.30,-84.15,33.97,90.987,
01/01/2000,00:00:02.48,-733.89,-158.20,-664.06,2.98,3.85,0.77,23.10,-49.95,-83.40,34.21,90.986,
01/01/2000,00:00:02.50,-677.25,-144.04,-635.25,2.89,2.50,1.85,21.45,-49.35,-82.05,33.97,91.062,
01/01/2000,00:00:02.51,-693.85,-150.88,-637.21,-2.11,-4.43,2.20,22.65,-50.70,-84.15,34.21,91.061,
01/01/2000,00:00:02.52,-704.10,-135.25,-670.41,-1.02,-3.77,-1.35,22.65,-50.70,-84.15,34.21,91.060,
01/01/2000,00:00:02.53,-723.14,-140.63,-680.18,-0.50,-3.42,1.47,22.65,-50.70,-84.15,34.02,91.058,
01/01/2000,00:00:02.54,-741.21,-146.97,-677.25,-0.15,-0.73,-1.34,22.35,-49.50,-83.10,34.12,91.057,
01/01/2000,00:00:02.55,-705.57,-152.83,-667.97,-2.98,0.30,1.05,23.10,-49.50,-83.70,33.83,91.056,
01/01/2000,00:00:02.56,-725.10,-144.04,-667.48,-0.86,-4.27,-0.45,23.25,-50.10,-83.25,34.02,91.127,
01/01/2000,00:00:02.57,-744.14,-142.09,-663.09,-2.79,0.51,-2.95,21.0,-48.60,-83.25,34.02,91.053,
01/01/2000,00:00:02.58,-754.88,-146.48,-685.06,2.86,-2.51,0.09,22.20,-48.90,-83.55,34.12,91.052,
01/01/2000,00:00:02.59,-729.00,-142.58,-689.45,0.61,5.82,-5.66,22.20,-48.90,-83.55,34.02,91.051,
01/01/2000,00:00:02.61,-712.40,-148.93,-656.25,-0.57,3.84,0.05,22.20,-48.90,-83.55,34.12,91.120,
01/01/2000,00:00:02.62,-724.12,-144.53,-665.04,2.84,3.02,-1.62,23.10,-49.20,-83.40,34.02,91.118,
01/01/2000,00:00:02.63,-708.50,-168.95,-661.13,-0.54,0.07,-1.59,22.35,-49.95,-83.40,34.02,91.116,
01/01/2000,00:00:02.64,-714.36,-151.37,-663.57,-1.40,-1.98,-1.17,22.50,-48.90,-84.30,34.21,91.114,
01/01/2000,00:00:02.65,-712.40,-129.39,-674.80,0.38,1.10,-1.69,22.65,-49.50,-82.35,34.02,91.113,
01/01/2000,00:00:02.66,-700.68,-140.14,-663.57,-0.11,-0.49,-0.38,21.75,-48.90,-82.80,34.16,91.111,
01/01/2000,00:00:02.67,-698.73,-150.39,-687.99,-0.15,-1.62,-2.08,21.75,-51.30,-82.05,34.31,91.176,
01/01/2000,00:00:02.68,-713.87,-152.34,-671.39,-1.75,-7.21,-0.18,21.75,-51.30,-82.05,33.83,91.174,
01/01/2000,00:00:02.69,-728.03,-142.09,-679.69,-0.16,-3.53,-0.04,22.65,-50.40,-83.10,34.16,91.106,
01/01/2000,00:00:02.70,-748.05,-138.18,-683.11,0.59,0.92,1.18,21.75,-50.85,-83.25,34.16,91.105,
01/01/2000,00:00:02.71,-721.68,-152.34,-665.53,0.02,0.06,0.84,23.40,-49.95,-83.70,34.02,91.103,
01/01/2000,00:00:02.73,-722.66,-161.13,-638.18,2.18,1.02,-0.98,22.20,-50.85,-83.55,33.97,91.166,
01/01/2000,00:00:02.74,-732.42,-166.50,-666.02,-1.52,-2.23,-1.48,24.45,-49.80,-84.0,34.31,91.164,
01/01/2000,00:00:02.75,-721.68,-154.79,-666.50,1.91,-1.69,-4.01,22.65,-49.50,-84.45,34.21,91.162,
01/01/2000,00:00:02.76,-717.29,-137.70,-669.43,-1.50,-0.08,-0.65,22.65,-49.50,-84.45,34.02,91.160,
01/01/2000,00:00:02.77,-721.19,-139.16,-665.04,-1.52,-0.60,-1.10,23.10,-48.75,-84.45,34.21,91.158,
01/01/2000,00:00:02.78,-718.26,-150.39,-671.88,1.08,-3.53,-0.86,22.65,-50.70,-84.45,34.36,91.156,
01/01/2000,00:00:02.79,-724.61,-153.32,-677.25,0.49,-1.11,-1.37,22.35,-50.40,-83.70,34.21,91.155,
01/01/2000,00:00:02.80,-734.38,-136.23,-671.88,2.72,-1.75,0.73,23.10,-48.75,-82.65,34.12,91.153,
01/01/2000,00:00:02.81,-727.05,-144.53,-681.15,0.46,2.27,0.58,23.10,-49.95,-83.70,33.97,91.151,
01/01/2000,00:00:02.82,-731.45,-146.48,-670.90,0.96,0.69,0.27,22.65,-49.50,-84.90,34.31,91.210,
01/01/2000,00:00:02.84,-712.89,-138.18,-658.20,-0.08,-4.11,3.64,22.65,-49.50,-84.90,34.16,91.207,
01/01/2000,00:00:02.85,-741.21,-150.88,-659.67,3.44,-2.42,-1.29,22.50,-49.80,-82.50,34.31,90.968,
01/01/2000,00:00:02.86,-729.49,-143.07,-672.85,1.54,1.12,1.16,23.25,-50.85,-82.35,34.12,90.851,
01/01/2000,00:00:02.87,-701.17,-159.18,-663.57,1.73,2.82,-0.66,21.75,-49.35,-83.25,34.36,90.909,
01/01/2000,00:00:02.88,-710.94,-147.46,-663.09,0.37,1.47,-0.14,21.75,-50.85,-84.30,34.02,90.909,
01/01/2000,00:00:02.90,-689.45,-138.67,-673.34,-1.31,-0.45,-3.53,23.25,-49.80,-83.55,33.78,90.909,
01/01/2000,00:00:02.91,-702.15,-141.11,-674.80,1.10,-2.70,-0.27,22.65,-49.20,-84.45,34.02,90.966,
01/01/2000,00:00:02.92,-720.21,-138.18,-675.29,-0.40,0.16,-4.51,22.65,-49.20,-84.45,34.21,90.909,
01/01/2000,00:00:02.93,-699.22,-135.25,-678.22,-0.34,2.01,1.02,21.60,-49.20,-81.90,34.36,90.909,
01/01/2000,00:00:02.94,-689.94,-146.48,-676.76,0.98,-1.59,-0.06,23.25,-49.35,-82.05,34.02,90.909,
01/01/2000,00:00:02.95,-724.61,-148.44,-682.62,1.55,-1.84,-4.95,22.65,-49.95,-83.10,34.02,90.965,
01/01/2000,00:00:02.96,-735.84,-151.86,-673.83,2.02,0.71,-3.85,21.90,-49.95,-82.35,34.21,90.964,
01/01/2000,00:00:02.97,-715.33,-157.23,-665.53,2.18,-0.17,-0.37,21.75,-51.30,-84.30,34.16,90.964,
01/01/2000,00:00:02.98,-722.17,-164.55,-660.16,-0.48,0.27,1.53,23.10,-51.15,-85.65,34.02,90.963,
01/01/2000,00:00:02.99,-736.33,-150.88,-660.16,3.76,-2.78,2.41,23.10,-51.15,-85.65,34.12,90.963,
01/01/2000,00:00:03.01,-740.23,-150.88,-663.09,1.56,1.86,2.74,23.10,-51.15,-85.65,34.16,90.963,
01/01/2000,00:00:03.02,-705.57,-154.30,-647.46,-0.98,1.94,-2.92,23.40,-49.95,-84.45,34.02,91.016,
01/01/2000,00:00:03.03,-709.47,-153.81,-641.11,-0.60,-0.23,-2.37,23.70,-50.10,-84.30,34.02,91.015,
01/01/2000,00:00:03.04,-707.03,-136.72,-648.44,0.26,-4.47,-5.29,22.35,-48.0,-83.70,34.12,90.962,
01/01/2000,00:00:03.05,-731.93,-130.37,-658.69,2.39,-4.94,-1.65,23.85,-50.70,-82.65,34.21,91.014,
01/01/2000,00:00:03.06,-734.38,-150.39,-686.04,1.48,-4.23,-0.95,23.25,-50.10,-84.30,34.21,91.013,
01/01/2000,00:00:03.07,-747.56,-155.76,-687.01,0.63,0.82,-4.66,23.25,-50.10,-84.30,34.12,91.013,
01/01/2000,00:00:03.08,-732.42,-154.79,-679.20,0.19,4.24,0.27,23.25,-50.10,-84.30,34.36,91.012,
01/01/2000,00:00:03.09,-720.21,-150.39,-666.99,0.0,0.20,-0.45,23.85,-51.15,-83.40,34.21,91.011,
01/01/2000,00:00:03.10,-715.82,-160.64,-664.55,2.37,2.51,0.32,23.70,-49.35,-82.80,34.12,91.011,
01/01/2000,00:00:03.11,-707.03,-147.95,-657.23,0.27,1.40,1.66,21.60,-49.50,-84.45,34.02,91.061,
01/01/2000,00:00:03.13,-705.08,-159.67,-651.37,-0.11,-2.74,0.62,22.35,-49.50,-83.40,34.40,91.060,
01/01/2000,00:00:03.14,-722.66,-146.97,-655.27,0.98,-3.44,-3.27,24.30,-48.75,-83.10,34.16,91.109,
01/01/2000,00:00:03.15,-724.12,-163.57,-648.93,-1.45,-3.12,-2.15,22.65,-49.50,-84.15,34.21,91.058,
01/01/2000,00:00:03.16,-735.35,-150.88,-670.90,-2.47,-1.17,-1.72,22.65,-49.50,-84.15,34.40,91.057,
01/01/2000,00:00:03.17,-723.63,-142.58,-667.48,0.25,0.15,-1.53,23.40,-50.40,-83.10,34.21,91.056,
01/01/2000,00:00:03.18,-740.72,-134.28,-657.71,-0.31,-0.79,1.85,23.25,-49.80,-81.0,34.40,91.055,
01/01/2000,00:00:03.19,-735.84,-153.32,-672.85,0.55,-2.06,1.59,21.90,-50.40,-82.65,33.88,91.103,
01/01/2000,00:00:03.20,-718.26,-145.02,-668.95,-1.23,-3.83,0.76,23.25,-49.80,-84.0,33.88,91.053,
01/01/2000,00:00:03.21,-733.89,-141.60,-666.99,-3.17,-2.44,-0.60,21.45,-49.35,-82.50,34.36,91.101,
01/01/2000,00:00:03.22,-701.66,-163.57,-660.64,-0.73,-5.01,2.01,23.40,-50.40,-83.70,34.31,91.099,
01/01/2000,00:00:03.24,-700.20,-146.97,-651.86,-1.66,-7.79,-0.06,23.40,-50.40,-83.70,34.02,91.098,
01/01/2000,00:00:03.25,-727.05,-158.69,-662.11,-2.70,-8.51,-1.38,23.40,-50.40,-83.70,34.21,91.097,
01/01/2000,00:00:03.26,-733.89,-157.71,-649.90,-7.06,-8.62,-1.39,22.95,-49.35,-83.25,34.21,91.096,
01/01/2000,00:00:03.27,-729.00,-177.73,-628.42,-8.51,-13.31,-2.34,23.70,-50.10,-83.25,33.97,91.095,
01/01/2000,00:00:03.28,-759.77,-155.27,-625.0,-8.53,-15.78,-1.36,21.90,-49.50,-83.10,34.16,91.094,
01/01/2000,00:00:03.29,-801.27,-170.90,-669.43,-10.54,-12.42,-6.54,23.85,-48.75,-84.45,34.31,91.093,
01/01/2000,00:00:03.30,-753.42,-142.58,-644.04,-9.17,-3.34,-7.55,23.70,-48.60,-84.0,34.02,91.092,
01/01/2000,00:00:03.31,-730.96,-141.11,-622.56,-11.07,-7.62,-7.49,23.70,-48.60,-84.0,34.31,91.091,
01/01/2000,00:00:03.32,-721.19,-146.97,-618.16,-13.04,-14.79,-5.82,23.70,-48.60,-84.0,34.16,91.045,
01/01/2000,00:00:03.34,-706.05,-169.92,-595.70,-18.19,-25.02,-6.74,23.40,-49.50,-83.10,34.21,91.044,
01/01/2000,00:00:03.35,-708.50,-160.64,-572.27,-16.95,-35.03,-9.51,26.10,-50.40,-82.35,34.31,91.043,
01/01/2000,00:00:03.36,-783.20,-140.63,-583.98,-25.89,-46.02,-11.58,23.70,-47.70,-82.80,34.12,90.865,
01/01/2000,00:00:03.37,-891.60,-155.76,-644.04,-18.68,-43.18,-15.21,23.85,-49.20,-83.40,34.02,90.821,
01/01/2000,00:00:03.39,-870.61,-149.41,-628.42,-24.04,-31.39,-19.60,23.85,-49.20,-83.40,34.21,90.777,
01/01/2000,00:00:03.40,-835.94,-173.34,-565.92,-25.82,-33.64,-15.31,23.85,-49.20,-83.40,34.31,90.735,
01/01/2000,00:00:03.41,-776.86,-192.38,-551.76,-31.11,-43.75,-19.59,25.95,-49.35,-83.25,34.31,90.735,
01/01/2000,00:00:03.42,-728.52,-186.52,-491.21,-37.24,-56.62,-18.51,24.0,-48.90,-83.55,34.21,90.736,
01/01/2000,00:00:03.43,-665.04,-202.15,-428.22,-47.45,-72.33,-15.18,25.05,-46.35,-83.10,34.12,90.737,
01/01/2000,00:00:03.44,-578.61,-229.00,-354.98,-68.40,-110.25,-13.89,26.25,-48.15,-82.05,34.12,90.695,
01/01/2000,00:00:03.45,-499.51,-193.85,-297.85,-89.52,-147.49,-11.73,27.60,-46.80,-82.65,34.21,90.697,
01/01/2000,00:00:03.47,-526.86,-175.78,-284.67,-105.66,-191.27,-8.81,27.60,-46.80,-82.65,34.21,90.698,
01/01/2000,00:00:03.48,-587.89,-139.65,-311.04,-124.70,-225.46,-7.21,27.60,-46.80,-82.65,34.31,90.699,
01/01/2000,00:00:03.49,-711.91,-125.49,-289.06,-141.81,-250.14,-16.24,32.25,-44.85,-81.90,34.31,90.658,
01/01/2000,00:00:03.50,-833.50,-124.51,-309.08,-153.80,-250.14,-26.98,32.25,-42.90,-79.35,34.31,90.618,
01/01/2000,00:00:03.51,-968.26,-90.82,-282.71,-166.43,-250.14,-40.60,35.85,-43.05,-79.50,34.31,90.619,
01/01/2000,00:00:03.52,-1089.36,-126.46,-227.05,-170.85,-250.14,-55.85,38.70,-40.95,-77.10,34.21,90.621,
01/01/2000,00:00:03.53,-1154.30,-82.03,-167.48,-169.53,-250.14,-59.40,38.85,-40.35,-73.95,34.21,90.581,
01/01/2000,00:00:03.55,-1144.53,14.16,-141.60,-165.95,-250.14,-68.02,38.85,-40.35,-73.95,34.31,90.542,
01/01/2000,00:00:03.56,-1178.71,-56.15,-134.77,-158.45,-236.69,-65.45,38.85,-40.35,-73.95,34.16,90.544,
01/01/2000,00:00:03.57,-1183.11,-36.13,-48.34,-154.45,-224.72,-60.16,43.95,-37.80,-69.30,34.21,90.546,
01/01/2000,00:00:03.58,-1148.44,-41.02,-67.38,-149.50,-217.59,-51.01,47.40,-38.70,-69.45,34.21,90.508,
01/01/2000,00:00:03.59,-1137.21,-83.01,10.74,-145.23,-200.71,-59.78,48.90,-36.90,-66.60,34.31,90.510,
01/01/2000,00:00:03.60,-1116.70,-45.41,64.45,-148.46,-199.98,-74.74,48.15,-35.70,-63.60,34.31,90.472,
01/01/2000,00:00:03.62,-1123.54,-32.23,43.95,-139.71,-200.48,-74.23,48.90,-35.70,-64.05,34.31,90.474,
01/01/2000,00:00:03.63,-1138.18,-93.75,67.87,-131.04,-189.56,-75.24,48.90,-35.70,-64.05,34.21,90.476,
01/01/2000,00:00:03.64,-1167.97,-64.45,113.28,-120.24,-188.79,-78.21,48.90,-35.70,-64.05,34.21,90.478,
01/01/2000,00:00:03.65,-1118.16,-126.95,87.40,-118.46,-171.56,-84.42,52.35,-35.70,-58.80,34.21,90.480,
01/01/2000,00:00:03.66,-1100.10,-103.52,79.59,-106.33,-142.62,-79.92,53.70,-35.55,-59.40,34.31,90.405,
01/01/2000,00:00:03.67,-1096.19,-104.00,113.77,-87.25,-128.18,-71.27,52.95,-36.30,-56.40,34.40,90.407,
01/01/2000,00:00:03.68,-1017.09,-153.81,140.14,-68.57,-113.88,-63.50,55.50,-35.10,-56.40,34.36,90.410,
01/01/2000,00:00:03.70,-986.82,-162.11,190.92,-63.59,-103.46,-56.89,56.10,-35.70,-57.0,34.12,90.412,
01/01/2000,00:00:03.71,-967.77,-217.77,207.03,-62.73,-100.88,-57.41,56.10,-35.70,-57.0,34.40,90.414,
01/01/2000,00:00:03.72,-928.71,-222.17,221.68,-59.50,-97.77,-52.97,56.10,-35.70,-57.0,34.16,90.379,
01/01/2000,00:00:03.73,-849.12,-254.39,292.48,-56.52,-97.80,-45.37,57.90,-38.70,-53.10,34.21,90.381,
01/01/2000,00:00:03.74,-746.58,-310.55,376.95,-61.75,-121.40,-40.68,57.45,-37.50,-53.10,34.21,90.384,
01/01/2000,00:00:03.75,-780.76,-355.96,386.23,-67.27,-133.25,-39.88,58.65,-37.20,-52.35,34.21,90.386,
01/01/2000,00:00:03.76,-886.23,-291.99,367.19,-68.73,-137.15,-36.49,58.95,-36.0,-50.40,34.40,90.389,
01/01/2000,00:00:03.78,-941.89,-179.20,363.77,-68.61,-149.22,-28.82,59.70,-38.25,-49.65,34.36,90.354,
01/01/2000,00:00:03.79,-946.29,-216.80,322.75,-65.99,-155.32,-18.46,59.70,-38.25,-49.65,34.21,90.357,
01/01/2000,00:00:03.80,-971.68,-258.79,327.15,-59.67,-151.40,-22.85,59.70,-38.25,-49.65,34.21,90.359,
01/01/2000,00:00:03.81,-981.93,-240.72,376.46,-47.61,-151.31,-21.56,61.65,-40.65,-47.10,34.02,90.361,
01/01/2000,00:00:03.82,-944.34,-220.21,430.66,-39.34,-154.54,-12.51,61.05,-38.10,-46.20,34.40,90.328,
01/01/2000,00:00:03.83,-1354.49,-358.89,732.42,-41.75,-250.14,17.85,62.55,-37.35,-46.20,34.50,90.294,
01/01/2000,00:00:03.84,-762.21,-357.42,527.83,-24.31,-250.14,19.93,63.0,-38.55,-44.25,34.40,90.297,
01/01/2000,00:00:03.85,-815.92,-399.90,575.20,-29.06,-250.14,6.52,64.80,-38.55,-42.45,34.50,90.300,
01/01/2000,00:00:03.87,-854.49,-335.94,521.00,-32.90,-250.14,-13.82,64.80,-38.55,-42.45,34.55,90.161,
01/01/2000,00:00:03.88,-837.89,-308.59,570.80,-24.06,-250.14,-15.34,70.50,-40.95,-28.65,34.50,90.129,
01/01/2000,00:00:03.89,-691.89,-316.89,490.72,2.28,-250.14,-18.05,73.20,-42.45,-23.10,34.31,90.097,
01/01/2000,00:00:03.90,-724.12,-317.38,602.05,-21.69,-193.49,-14.40,74.10,-43.50,-18.30,34.21,90.101,
01/01/2000,00:00:03.92,-652.83,-329.59,600.59,-18.53,-153.28,-11.98,72.30,-43.50,-15.75,34.64,90.104,
01/01/2000,00:00:03.93,-608.40,-379.39,731.45,-15.44,-115.48,-9.08,75.15,-44.10,-12.90,34.12,90.107,
01/01/2000,00:00:03.94,-548.83,-390.63,771.00,-15.60,-105.96,-8.06,75.15,-44.10,-12.90,33.97,90.111,
01/01/2000,00:00:03.95,-633.79,-424.32,775.88,-9.71,-91.94,-3.11,75.15,-44.10,-12.90,34.40,90.080,
01/01/2000,00:00:03.96,-642.09,-373.54,791.99,-3.92,-68.21,-5.90,74.10,-43.80,-5.70,34.16,90.083,
01/01/2000,00:00:03.97,-655.27,-362.30,770.02,1.67,-44.21,-2.40,75.60,-43.80,-6.45,34.40,90.087,
01/01/2000,00:00:03.98,-655.76,-344.24,747.07,6.04,-25.44,-0.36,76.05,-45.45,-5.40,34.31,90.090,
01/01/2000,00:00:03.99,-612.30,-321.29,758.30,3.67,-4.19,1.24,75.60,-45.75,-3.90,34.16,90.127,
01/01/2000,00:00:04.01,-561.52,-337.89,771.97,13.43,4.38,9.40,74.70,-44.40,-3.30,34.31,90.097,
01/01/2000,00:00:04.02,-550.29,-363.28,778.81,15.82,3.53,2.37,74.70,-44.40,-3.30,34.02,90.134,
01/01/2000,00:00:04.03,-500.98,-375.0,816.89,13.21,0.05,2.73,74.70,-44.40,-3.30,34.12,90.137,
01/01/2000,00:00:04.04,-480.96,-419.92,797.36,3.41,-6.77,-0.44,72.90,-46.35,-4.80,34.21,90.173,
01/01/2000,00:00:04.05,-447.75,-433.11,813.96,-0.53,-11.86,-5.64,75.90,-43.65,-4.05,34.36,90.176,
01/01/2000,00:00:04.06,-503.91,-383.79,833.50,1.72,-16.53,1.14,74.40,-46.05,-4.05,34.40,90.212,
01/01/2000,00:00:04.07,-590.82,-374.51,862.79,-4.37,-22.80,7.40,74.40,-45.15,-2.85,34.31,90.182,
01/01/2000,00:00:04.08,-589.84,-382.81,798.34,-5.47,-16.21,-4.11,72.30,-44.55,-3.15,34.31,90.185,
01/01/2000,00:00:04.09,-632.32,-326.66,821.29,-0.24,-11.57,-8.56,74.55,-44.25,-2.40,34.21,90.220,
01/01/2000,00:00:04.10,-654.30,-307.13,793.95,7.44,-5.53,-18.99,74.55,-44.25,-2.40,34.40,90.223,
01/01/2000,00:00:04.11,-585.45,-326.17,771.00,12.67,10.75,-8.69,74.85,-43.50,-2.70,34.50,90.226,
01/01/2000,00:00:04.12,-529.30,-366.21,773.44,15.82,17.85,-2.11,73.05,-44.55,-3.15,34.36,90.228,
01/01/2000,00:00:04.14,-525.88,-417.97,806.15,16.58,16.44,-6.14,74.85,-45.0,-1.95,34.36,90.231,
01/01/2000,00:00:04.15,-523.44,-425.29,807.13,8.60,19.28,-13.98,71.85,-45.0,-1.20,34.36,90.265,
01/01/2000,00:00:04.16,-489.26,-392.09,800.29,9.08,23.88,-7.01,73.65,-46.05,-2.10,34.31,90.268,
01/01/2000,00:00:04.17,-521.48,-390.14,800.78,7.49,21.51,-8.59,71.25,-45.15,-3.30,34.12,90.270,
01/01/2000,00:00:04.18,-557.13,-358.40,766.11,9.52,23.85,-10.43,71.25,-45.15,-3.30,34.40,90.273,
01/01/2000,00:00:04.19,-551.27,-341.31,788.57,13.91,26.64,-16.98,71.25,-45.15,-3.30,34.21,90.275,
01/01/2000,00:00:04.20,-212.89,-352.05,638.18,18.47,-7.26,-13.73,73.05,-46.65,-1.65,34.21,90.278,
01/01/2000,00:00:04.21,-498.54,-393.55,761.23,17.15,4.57,-40.18,71.70,-45.60,-3.60,34.21,90.311,
01/01/2000,00:00:04.22,-508.30,-359.86,738.28,14.53,-0.69,-31.83,70.80,-45.0,-0.90,34.02,90.314,
01/01/2000,00:00:04.23,-518.55,-356.93,793.46,7.99,8.53,-16.34,70.95,-47.25,-1.80,34.31,90.285,
01/01/2000,00:00:04.24,-501.46,-376.46,817.38,8.08,-1.03,-7.36,71.85,-46.20,-2.70,34.31,90.318,
01/01/2000,00:00:04.26,-533.69,-374.51,790.04,7.63,-0.65,-6.22,71.85,-46.20,-2.70,34.31,90.320,
01/01/2000,00:00:04.27,-584.47,-352.05,803.71,8.34,4.83,-4.32,71.85,-46.20,-2.70,34.16,90.353,
01/01/2000,00:00:04.28,-574.22,-357.91,812.01,12.92,8.60,0.97,70.95,-46.80,-2.85,34.02,90.355,
01/01/2000,00:00:04.29,-557.13,-355.96,802.25,12.48,16.79,1.38,70.95,-45.15,-4.05,34.31,90.388,
01/01/2000,00:00:04.30,-603.52,-363.77,806.64,15.90,23.20,-1.69,72.45,-46.35,-4.80,34.16,90.359,
01/01/2000,00:00:04.31,-593.75,-357.42,813.48,21.89,25.57,-9.34,72.60,-46.65,-4.65,34.40,90.392,
01/01/2000,00:00:04.32,-524.90,-375.98,795.90,22.36,17.67,-17.18,71.70,-46.35,-4.80,34.21,90.394,
01/01/2000,00:00:04.33,-492.19,-408.20,815.92,18.73,17.32,-15.94,71.70,-46.35,-4.80,34.36,90.395,
01/01/2000,00:00:04.34,-564.45,-407.23,825.68,15.99,7.81,-16.10,71.70,-46.35,-4.80,34.31,90.427,
01/01/2000,00:00:04.35,-546.88,-397.46,849.12,9.66,-2.88,-10.37,70.20,-48.30,-4.35,34.21,90.399,
01/01/2000,00:00:04.36,-566.41,-371.58,806.15,7.04,-4.21,2.85,70.80,-47.40,-5.40,34.21,90.401,
01/01/2000,00:00:04.38,-532.23,-359.38,748.05,1.97,-5.95,4.73,70.50,-49.20,-4.05,34.50,90.314,
01/01/2000,00:00:04.39,-589.36,-376.46,779.30,4.56,1.13,0.93,71.25,-46.35,-4.35,34.31,90.287,
01/01/2000,00:00:04.40,-563.96,-366.70,795.90,10.82,9.11,6.15,71.10,-47.40,-5.40,34.02,90.289,
01/01/2000,00:00:04.41,-545.90,-356.93,793.95,15.88,13.84,2.52,71.10,-47.40,-5.40,34.36,90.291,
01/01/2000,00:00:04.42,-531.74,-339.36,790.04,12.59,12.93,7.23,71.10,-47.40,-5.40,34.12,90.293,
01/01/2000,00:00:04.43,-544.43,-361.82,813.96,11.24,13.49,9.05,70.05,-47.70,-4.95,34.31,90.325,
01/01/2000,00:00:04.44,-542.97,-343.75,807.13,4.36,12.47,14.07,70.35,-46.95,-4.20,34.50,90.327,
01/01/2000,00:00:04.45,-561.52,-325.68,799.80,4.89,14.44,12.90,70.50,-46.05,-4.80,34.21,90.358,
01/01/2000,00:00:04.47,-586.91,-355.96,824.71,6.98,13.40,14.11,70.20,-46.80,-4.35,34.21,90.360,
01/01/2000,00:00:04.48,-600.10,-327.64,802.25,7.24,12.43,10.81,69.45,-46.80,-7.35,34.21,90.361,
01/01/2000,00:00:04.49,-621.09,-348.14,798.34,8.58,23.44,10.30,69.45,-46.80,-7.35,34.21,90.363,
01/01/2000,00:00:04.50,-572.75,-345.70,824.71,6.81,12.46,4.61,69.45,-46.80,-7.35,34.12,90.394,
01/01/2000,00:00:04.51,-567.87,-351.56,822.75,0.47,0.73,0.31,70.20,-45.60,-6.60,34.40,90.395,
01/01/2000,00:00:04.52,-568.36,-335.45,843.26,-2.07,6.08,-1.25,69.75,-47.55,-7.05,34.21,90.426,
01/01/2000,00:00:04.53,-578.13,-322.75,821.78,-6.83,-5.75,-1.77,70.80,-46.20,-6.75,34.31,90.399,
01/01/2000,00:00:04.54,-563.48,-305.18,823.73,-9.73,1.78,4.28,69.45,-45.15,-6.60,34.21,90.401,
01/01/2000,00:00:04.55,-563.96,-335.94,768.07,-12.70,-14.49,6.50,70.80,-47.70,-6.0,34.21,90.430,
01/01/2000,00:00:04.56,-586.91,-311.52,838.87,-11.80,-11.51,11.04,70.20,-45.60,-7.35,34.40,90.432,
01/01/2000,00:00:04.57,-581.05,-327.15,806.15,-12.97,-23.25,11.34,70.20,-45.60,-7.35,34.16,90.462,
01/01/2000,00:00:04.59,-586.91,-319.34,844.24,-19.13,-15.68,8.58,70.95,-46.35,-7.80,34.31,90.435,
01/01/2000,00:00:04.60,-580.57,-354.98,813.48,-17.85,-22.84,6.92,71.85,-45.75,-6.75,34.40,90.437,
01/01/2000,00:00:04.61,-566.41,-399.90,839.36,-22.76,-28.93,3.76,70.95,-46.05,-6.30,34.50,90.438,
01/01/2000,00:00:04.62,-559.08,-390.63,829.59,-32.96,-31.21,1.72,71.70,-45.15,-7.05,34.64,90.468,
01/01/2000,00:00:04.63,-558.11,-348.14,842.77,-36.69,-45.90,-9.82,70.80,-46.95,-6.45,34.02,90.469,
01/01/2000,00:00:04.64,-561.52,-333.01,823.24,-30.28,-61.24,-7.85,73.05,-45.45,-5.40,34.31,90.443,
01/01/2000,00:00:04.65,-571.29,-353.03,809.57,-31.49,-47.57,-6.50,73.05,-45.45,-5.40,34.21,90.445,
01/01/2000,00:00:04.66,-531.74,-346.68,747.56,-22.53,-48.34,-3.02,73.05,-45.45,-5.40,34.02,90.446,
01/01/2000,00:00:04.67,-525.88,-354.00,847.17,-21.86,-48.48,3.44,73.05,-45.0,-4.65,34.40,90.448,
01/01/2000,00:00:04.68,-501.95,-377.44,845.70,-20.41,-55.68,1.96,73.05,-47.40,-2.40,34.40,90.476,
01/01/2000,00:00:04.70,-479.00,-383.30,851.56,-20.42,-63.82,8.13,72.60,-46.95,-1.95,34.36,90.451,
01/01/2000,00:00:04.71,-496.09,-410.16,810.06,-24.98,-62.17,8.95,70.95,-45.60,0.0,34.40,90.452,
01/01/2000,00:00:04.72,-460.45,-374.51,812.01,-23.59,-63.27,6.80,71.25,-45.60,0.0,34.40,90.480,
01/01/2000,00:00:04.73,-504.88,-401.86,831.54,-18.40,-57.06,11.09,71.25,-45.60,0.0,34.50,90.482,
01/01/2000,00:00:04.74,-478.03,-393.55,820.80,-20.05,-55.39,8.77,71.25,-45.60,0.0,34.21,90.510,
01/01/2000,00:00:04.75,-381.35,-355.96,698.73,-12.19,-66.67,7.79,72.0,-47.55,2.10,34.21,90.511,
01/01/2000,00:00:04.76,-457.03,-390.14,788.57,-11.57,-42.18,12.50,72.90,-46.05,3.15,34.36,90.512,
01/01/2000,00:00:04.77,-441.41,-363.77,794.43,-9.24,-35.48,11.09,72.90,-46.05,5.55,34.31,90.513,
01/01/2000,00:00:04.78,-463.38,-381.35,806.15,-6.44,-29.02,9.01,71.85,-45.0,6.45,34.40,90.515,
01/01/2000,00:00:04.79,-448.24,-373.05,817.38,-0.92,-15.50,1.71,72.45,-45.15,5.85,34.50,90.542,
01/01/2000,00:00:04.80,-438.96,-381.35,820.31,11.56,-10.20,-0.27,72.45,-45.15,5.85,34.36,90.543,
01/01/2000,00:00:04.82,-458.98,-398.44,864.75,20.56,-2.38,-4.24,72.45,-45.15,5.85,34.21,90.518,
01/01/2000,00:00:04.83,-451.66,-418.46,848.63,23.76,-13.37,-0.69,73.65,-46.35,7.35,34.16,90.546,
01/01/2000,00:00:04.84,-449.22,-453.13,937.50,35.76,-12.97,-0.33,71.85,-46.20,7.50,34.50,90.547,
01/01/2000,00:00:04.85,-436.04,-447.27,837.89,40.82,-13.87,4.40,72.90,-45.60,8.10,34.31,90.574,
01/01/2000,00:00:04.86,-390.63,-312.01,962.89,34.31,-12.18,10.89,73.35,-46.65,9.45,33.88,90.575,
01/01/2000,00:00:04.87,-479.49,-446.29,742.68,22.08,-8.42,27.51,72.30,-45.0,9.75,34.36,90.550,
01/01/2000,00:00:04.88,-492.68,-313.96,866.70,20.85,9.23,18.21,72.30,-45.0,9.75,34.50,90.475,
01/01/2000,00:00:04.90,-450.68,-284.67,865.72,-26.27,-7.14,19.27,72.30,-45.0,9.75,34.50,90.451,
01/01/2000,00:00:04.91,-489.75,-379.39,1034.18,-25.62,-36.95,11.93,71.25,-44.40,9.60,34.31,90.452,
01/01/2000,00:00:04.92,-402.83,-382.32,914.06,-10.73,-67.41,1.73,72.45,-44.40,8.55,34.40,90.479,
01/01/2000,00:00:04.93,-442.38,-408.69,839.36,-6.22,-72.80,2.02,71.55,-43.50,12.75,34.31,90.455,
01/01/2000,00:00:04.94,-403.81,-393.07,955.57,-7.08,-81.98,-7.58,69.0,-43.65,14.40,34.12,90.456,
01/01/2000,00:00:04.95,-369.14,-406.25,943.36,-9.61,-90.02,-8.42,68.70,-42.90,17.10,34.40,90.483,
01/01/2000,00:00:04.96,-338.87,-394.04,913.09,-20.90,-88.82,-10.40,68.70,-42.90,17.10,34.21,90.484,
01/01/2000,00:00:04.97,-360.35,-361.33,845.70,-29.46,-86.95,-0.69,68.70,-42.90,17.10,34.40,90.485,
01/01/2000,00:00:04.98,-374.02,-340.82,886.72,-21.69,-81.69,5.88,62.55,-40.50,20.10,34.50,90.487,
01/01/2000,00:00:05.00,-313.96,-326.17,879.39,-21.44,-70.61,0.76,61.65,-37.95,22.50,34.12,90.488,
01/01/2000,00:00:05.01,-315.43,-346.68,890.63,-9.45,-60.52,2.18,61.05,-39.30,23.40,34.31,90.489,
01/01/2000,00:00:05.02,-291.50,-378.42,842.29,-8.63,-42.52,-2.24,58.20,-36.75,25.05,34.02,90.490,
01/01/2000,00:00:05.03,-301.76,-370.12,843.26,-3.40,-35.76,-5.63,58.80,-36.60,24.45,34.40,90.492,
01/01/2000,00:00:05.04,-312.99,-378.91,857.42,2.05,-25.30,-6.66,58.80,-36.60,24.45,34.16,90.517,
01/01/2000,00:00:05.05,-302.25,-370.61,858.40,2.34,-17.69,-3.34,58.80,-36.60,24.45,34.31,90.494,
01/01/2000,00:00:05.06,-276.37,-385.25,885.74,6.46,-8.18,-3.88,55.80,-34.65,24.15,34.50,90.495,
01/01/2000,00:00:05.07,-295.90,-387.70,905.76,8.78,-11.88,-4.66,55.80,-34.95,24.90,34.12,90.521,
01/01/2000,00:00:05.08,-277.83,-381.84,886.72,7.94,-4.56,-9.79,56.70,-34.05,25.05,34.31,90.522,
01/01/2000,00:00:05.09,-284.18,-372.56,868.16,11.0,-1.17,-5.79,57.90,-34.35,24.75,34.50,90.547,
01/01/2000,00:00:05.10,-291.50,-365.72,905.27,9.92,6.05,-11.97,57.45,-33.15,24.0,34.31,90.524,
01/01/2000,00:00:05.12,-284.67,-361.82,914.55,9.65,2.06,-10.08,57.45,-35.10,24.30,34.36,90.549,
01/01/2000,00:00:05.13,-275.39,-379.88,900.88,6.40,5.81,-4.55,57.45,-35.10,24.30,34.21,90.550,
01/01/2000,00:00:05.14,-271.00,-374.02,914.55,9.31,10.60,-1.10,56.70,-34.80,24.75,34.21,90.575,
01/01/2000,00:00:05.15,-294.92,-369.14,948.73,6.47,10.09,0.08,56.10,-33.75,21.60,34.40,90.576,
01/01/2000,00:00:05.16,-306.64,-379.88,964.84,4.84,4.63,-2.49,56.85,-32.55,24.15,34.21,90.577,
01/01/2000,00:00:05.17,-290.04,-370.61,905.76,2.22,4.66,-7.22,57.0,-34.05,23.55,34.50,90.578,
01/01/2000,00:00:05.18,-334.47,-364.75,950.20,-1.85,0.24,-3.44,54.45,-34.05,23.55,34.31,90.602,
01/01/2000,00:00:05.19,-299.32,-377.44,929.69,-0.88,4.44,-7.70,56.85,-33.75,23.85,34.40,90.603,
01/01/2000,00:00:05.20,-271.97,-361.33,925.78,0.50,7.88,-3.82,56.85,-33.75,23.85,34.64,90.627,
01/01/2000,00:00:05.21,-291.50,-354.98,902.34,0.58,7.88,1.31,56.85,-33.75,23.85,34.40,90.628,
01/01/2000,00:00:05.22,-285.64,-360.35,899.41,0.23,12.69,8.18,56.70,-35.10,22.50,34.40,90.629,
01/01/2000,00:00:05.23,-284.18,-366.21,901.37,0.69,18.31,9.50,56.55,-33.75,21.15,34.40,90.630,
01/01/2000,00:00:05.24,-296.88,-373.05,912.60,5.77,19.37,9.84,56.85,-35.40,21.90,34.36,90.654,
01/01/2000,00:00:05.25,-303.22,-377.93,919.43,5.57,20.57,10.31,57.90,-34.35,21.0,34.40,90.654,
01/01/2000,00:00:05.27,-312.99,-383.79,921.39,8.35,22.29,9.85,57.45,-32.85,21.30,34.36,90.678,
01/01/2000,00:00:05.28,-321.78,-367.68,912.11,8.59,25.21,9.87,57.45,-32.85,21.30,34.55,90.656,
01/01/2000,00:00:05.29,-335.94,-344.73,901.86,7.12,31.27,7.06,57.45,-32.85,21.30,34.31,90.679,
01/01/2000,00:00:05.30,-333.01,-363.77,903.32,5.27,32.99,12.08,56.70,-33.60,19.50,34.31,90.703,
01/01/2000,00:00:05.31,-354.00,-359.38,935.55,4.05,32.44,9.40,57.60,-33.45,18.90,34.36,90.704,
01/01/2000,00:00:05.32,-335.45,-366.21,908.20,0.68,31.28,8.95,57.90,-33.60,18.75,34.40,90.727,
01/01/2000,00:00:05.33,-330.08,-359.38,873.54,3.04,32.49,9.67,57.60,-32.55,19.35,34.21,90.705,
01/01/2000,00:00:05.34,-355.47,-340.33,900.88,0.08,32.50,11.04,58.80,-32.55,18.60,34.40,90.728,
01/01/2000,00:00:05.35,-339.84,-367.19,896.00,2.31,29.18,11.81,58.80,-32.55,18.60,34.50,90.728,
01/01/2000,00:00:05.36,-386.23,-363.77,897.95,5.92,25.73,8.27,58.80,-32.55,18.60,34.31,90.729,
01/01/2000,00:00:05.37,-372.56,-328.61,907.23,8.21,18.86,6.98,58.35,-33.0,18.15,34.36,90.752,
01/01/2000,00:00:05.38,-379.88,-375.98,923.83,4.11,12.39,10.56,59.55,-33.45,16.65,34.40,90.775,
01/01/2000,00:00:05.40,-386.72,-352.54,934.08,-0.40,-0.70,5.53,55.95,-33.60,18.75,34.31,90.597,
01/01/2000,00:00:05.41,-357.91,-364.26,899.90,-0.40,-3.58,0.02,59.85,-32.25,17.40,34.50,90.553,
01/01/2000,00:00:05.43,-360.84,-338.38,903.81,-0.05,-0.24,2.42,60.30,-33.0,16.35,34.16,90.576,
01/01/2000,00:00:05.44,-357.42,-343.75,913.57,2.43,1.34,3.11,60.30,-33.0,16.35,34.21,90.577,
01/01/2000,00:00:05.45,-355.47,-347.66,910.16,-3.08,5.20,-0.70,60.30,-33.0,16.35,34.31,90.600,
01/01/2000,00:00:05.46,-360.84,-351.07,913.09,-3.60,4.94,2.65,59.55,-32.25,17.85,34.55,90.601,
01/01/2000,00:00:05.47,-368.16,-360.35,911.62,-5.35,4.92,1.61,59.70,-33.15,18.0,34.55,90.602,
01/01/2000,00:00:05.48,-380.37,-338.38,904.79,-2.26,6.21,3.85,58.95,-31.95,17.25,34.40,90.624,
01/01/2000,00:00:05.49,-386.23,-361.82,892.58,-1.64,9.74,1.47,59.55,-32.55,17.10,34.36,90.625,
01/01/2000,00:00:05.50,-389.65,-356.45,884.77,-1.11,11.14,0.92,58.35,-32.25,17.10,34.36,90.647,
01/01/2000,00:00:05.51,-388.18,-340.82,878.91,2.28,14.79,3.33,58.35,-32.25,17.10,34.40,90.626,
01/01/2000,00:00:05.52,-378.91,-340.33,878.42,3.40,19.92,5.41,58.35,-32.25,17.10,34.36,90.649,
01/01/2000,00:00:05.53,-376.95,-335.45,875.0,10.46,23.21,6.31,58.65,-31.20,17.25,34.02,90.650,
01/01/2000,00:00:05.54,-390.63,-366.70,878.42,8.27,23.69,8.69,59.85,-33.75,16.35,34.31,90.672,
01/01/2000,00:00:05.55,-392.09,-369.14,883.30,4.34,28.27,8.46,59.55,-31.80,16.35,34.40,90.672,
01/01/2000,00:00:05.56,-391.60,-341.80,894.53,3.72,24.88,8.30,60.75,-31.80,16.65,34.50,90.694,
01/01/2000,00:00:05.58,-399.41,-348.14,895.02,4.18,24.82,5.59,59.55,-31.80,16.35,34.12,90.674,
01/01/2000,00:00:05.59,-392.58,-331.54,906.74,4.24,21.33,6.59,59.55,-33.75,16.65,34.31,90.695,
01/01/2000,00:00:05.60,-414.06,-345.21,912.60,8.64,24.95,7.01,59.55,-33.75,16.65,34.64,90.717,
01/01/2000,00:00:05.61,-437.99,-342.29,885.74,8.02,27.89,6.22,60.90,-33.60,15.75,34.40,90.718,
01/01/2000,00:00:05.62,-427.73,-333.98,875.0,5.79,29.16,10.90,62.25,-30.60,14.10,34.50,90.739,
01/01/2000,00:00:05.63,-419.43,-349.12,902.83,4.37,25.95,12.05,61.65,-31.95,13.95,34.36,90.719,
01/01/2000,00:00:05.64,-420.41,-350.59,916.99,1.40,17.71,5.40,62.70,-31.65,14.25,34.36,90.740,
01/01/2000,00:00:05.65,-416.02,-332.03,894.04,-3.66,11.27,6.52,61.50,-32.55,14.40,34.50,90.741,
01/01/2000,00:00:05.66,-440.43,-326.17,893.07,-4.79,2.89,4.28,63.30,-33.0,15.15,34.12,90.762,
01/01/2000,00:00:05.67,-440.43,-342.29,894.53,-5.42,-1.61,6.90,63.30,-33.0,15.15,34.50,90.762,
01/01/2000,00:00:05.68,-420.90,-324.22,873.05,-5.21,-8.08,5.21,63.30,-33.0,15.15,34.40,90.763,
01/01/2000,00:00:05.69,-411.13,-312.50,831.54,-2.75,0.52,11.17,62.25,-32.55,14.40,34.50,90.763,
01/01/2000,00:00:05.70,-436.04,-353.03,854.98,0.11,11.52,12.94,63.15,-34.35,14.25,34.21,90.784,
01/01/2000,00:00:05.71,-403.81,-327.15,899.90,3.75,15.34,16.27,61.80,-31.80,15.60,34.31,90.785,
01/01/2000,00:00:05.73,-405.76,-392.58,876.46,-1.85,16.31,13.28,63.45,-31.65,15.45,34.64,90.806,
01/01/2000,00:00:05.74,-452.15,-350.10,876.46,-32.32,35.02,-7.04,65.25,-32.25,14.85,34.21,90.806,
01/01/2000,00:00:05.75,-481.45,-351.07,901.37,-19.53,28.07,0.09,65.25,-32.25,14.85,34.40,90.786,
01/01/2000,00:00:05.76,-444.34,-343.26,873.05,-14.24,29.12,-7.95,65.25,-32.25,14.85,34.40,90.806,
01/01/2000,00:00:05.77,-470.21,-346.68,892.58,-9.15,24.08,-11.87,65.55,-33.0,14.10,34.50,90.807,
01/01/2000,00:00:05.78,-463.38,-369.14,881.35,6.59,2.21,-26.02,66.60,-32.40,13.95,34.50,90.807,
01/01/2000,00:00:05.79,-468.26,-397.46,900.88,-4.05,10.12,-30.29,67.65,-33.60,13.20,34.02,90.828,
01/01/2000,00:00:05.80,-400.39,-328.13,874.02,-7.83,9.38,-36.87,68.25,-34.65,12.15,34.64,90.807,
01/01/2000,00:00:05.81,-343.26,-635.25,849.12,4.58,16.11,-43.92,69.45,-36.15,13.35,34.40,90.808,
01/01/2000,00:00:05.82,-434.08,-493.65,923.34,-0.26,-24.15,-36.62,69.45,-36.15,13.35,34.36,90.828,
01/01/2000,00:00:05.84,-425.78,-462.40,882.32,14.11,-23.12,-32.83,69.45,-36.15,13.35,34.50,90.828,
01/01/2000,00:00:05.85,-490.72,-434.57,952.64,8.86,12.35,-8.47,69.75,-37.35,13.65,34.50,90.829,
01/01/2000,00:00:05.86,-429.20,-376.46,903.81,10.06,16.17,8.54,70.95,-37.80,14.10,34.31,90.809,
01/01/2000,00:00:05.87,-386.23,-416.50,885.74,5.36,24.78,-2.60,70.35,-38.25,15.45,34.40,90.829,
01/01/2000,00:00:05.88,-464.36,-375.0,884.77,13.60,29.97,-20.48,71.25,-37.80,15.60,34.21,90.829,
01/01/2000,00:00:05.89,-497.07,-308.11,832.52,16.51,37.82,-17.18,73.20,-38.85,15.90,34.55,90.849,
01/01/2000,00:00:05.90,-486.33,-319.82,811.04,17.34,65.89,-5.21,73.05,-39.45,13.50,34.50,90.770,
01/01/2000,00:00:05.92,-483.40,-256.84,776.86,29.69,88.71,-5.68,73.05,-39.45,13.50,34.50,90.731,
01/01/2000,00:00:05.93,-576.17,-216.31,739.75,37.59,97.37,7.96,76.50,-39.45,17.25,34.64,90.731,
01/01/2000,00:00:05.94,-573.73,-259.28,784.67,45.53,102.67,29.89,77.55,-40.65,15.0,34.40,90.751,
01/01/2000,00:00:05.95,-559.08,-336.91,883.30,40.54,114.42,22.72,80.85,-41.25,13.65,34.02,90.752,
01/01/2000,00:00:05.96,-611.82,-331.05,891.60,60.27,117.23,2.47,82.65,-76.50,11.85,34.40,90.752,
01/01/2000,00:00:05.97,-599.61,-306.64,868.65,69.48,143.89,13.32,82.20,-38.25,9.45,34.40,90.752,
01/01/2000,00:00:05.98,-663.57,-272.46,786.13,51.78,138.22,10.14,82.20,-38.25,9.45,34.55,90.753,
01/01/2000,00:00:05.99,-735.84,-317.87,810.55,21.50,135.82,-9.86,82.20,-38.25,9.45,34.31,90.753,
01/01/2000,00:00:06.00,-708.01,-366.70,780.76,9.11,125.50,-34.91,86.10,-41.70,5.10,34.40,90.773,
01/01/2000,00:00:06.02,-857.91,-241.21,667.48,18.15,155.84,-67.61,87.30,-42.45,5.55,34.64,90.773,
01/01/2000,00:00:06.03,-916.99,-194.82,626.95,27.69,184.82,-63.63,86.55,-41.25,3.30,34.40,90.773,
01/01/2000,00:00:06.04,-748.05,-232.42,621.58,22.05,206.71,-33.19,88.05,-44.40,2.85,34.40,90.774,
01/01/2000,00:00:06.05,-524.41,-309.08,701.17,25.53,207.50,-2.15,86.25,-43.50,0.90,34.31,90.774,
01/01/2000,00:00:06.06,-559.57,-329.59,687.50,31.46,200.06,19.95,86.85,-44.40,-1.35,34.40,90.774,
01/01/2000,00:00:06.07,-639.65,-343.75,695.80,26.61,175.08,28.79,86.85,-44.40,-1.35,34.31,90.794,
01/01/2000,00:00:06.08,-683.59,-342.29,617.19,15.40,143.92,18.18,86.85,-43.20,-7.80,34.50,90.794,
01/01/2000,00:00:06.09,-720.21,-378.42,500.49,10.34,107.31,-1.55,85.50,-40.65,-8.70,34.50,90.775,
01/01/2000,00:00:06.10,-774.41,-323.24,502.44,8.66,86.62,-25.73,86.70,-41.40,-9.0,34.55,90.776,
01/01/2000,00:00:06.11,-853.03,-278.81,451.17,14.61,78.53,-30.78,86.70,-41.85,-11.70,34.64,90.795,
01/01/2000,00:00:06.13,-956.54,-267.58,399.41,28.31,81.47,-50.78,85.50,-44.25,-12.0,34.40,90.795,
01/01/2000,00:00:06.14,-1034.67,-225.10,339.84,46.53,116.64,-54.39,85.35,-43.65,-11.10,34.36,90.796,
01/01/2000,00:00:06.15,-990.23,-285.16,415.04,56.31,177.56,-33.85,85.35,-43.65,-11.10,34.64,90.777,
01/01/2000,00:00:06.16,-874.02,-342.77,493.16,47.97,211.84,-23.33,85.35,-42.0,-17.10,34.64,90.777,
01/01/2000,00:00:06.17,-890.14,-378.91,498.05,45.24,221.79,-19.54,83.85,-42.90,-20.10,34.31,90.796,
01/01/2000,00:00:06.18,-814.94,-349.61,505.37,30.35,194.49,-26.69,83.85,-42.0,-20.10,34.40,90.797,
01/01/2000,00:00:06.19,-802.73,-338.87,468.75,18.71,154.28,-31.82,82.50,-41.40,-21.75,34.31,90.797,
01/01/2000,00:00:06.20,-884.28,-223.14,340.82,18.50,116.54,-41.87,81.90,-41.70,-24.90,34.64,90.778,
01/01/2000,00:00:06.21,-950.68,-208.98,309.08,38.60,109.37,-34.87,80.10,-42.45,-25.95,34.64,90.779,
01/01/2000,00:00:06.23,-962.40,-281.25,297.36,44.48,111.72,-32.10,80.10,-42.45,-25.95,34.50,90.779,
01/01/2000,00:00:06.24,-998.54,-319.34,287.60,42.87,125.50,-38.84,78.45,-42.0,-30.90,34.40,90.779,
01/01/2000,00:00:06.25,-1017.09,-364.75,178.22,69.47,157.34,-49.95,77.25,-42.30,-32.85,34.64,90.780,
01/01/2000,00:00:06.26,-990.23,-436.04,170.41,50.69,222.93,-43.82,76.20,-42.90,-31.95,34.16,90.761,
01/01/2000,00:00:06.27,-943.36,-445.31,283.20,19.13,250.13,-41.0,74.85,-42.30,-36.30,34.31,90.762,
01/01/2000,00:00:06.28,-855.96,-431.64,296.39,-4.17,242.02,-52.38,76.65,-40.95,-39.45,34.36,90.780,
01/01/2000,00:00:06.29,-943.36,-352.05,262.70,-8.66,197.26,-64.21,75.60,-41.40,-43.35,34.40,90.781,
01/01/2000,00:00:06.30,-985.84,-241.21,168.46,9.26,167.59,-63.66,75.60,-41.40,-43.35,34.55,90.781,
01/01/2000,00:00:06.32,-979.00,-275.88,79.10,30.44,151.26,-46.27,72.90,-40.95,-52.05,34.21,90.763,
01/01/2000,00:00:06.33,-875.0,-327.15,100.59,25.46,139.44,-29.12,71.85,-40.65,-54.15,34.40,90.763,
01/01/2000,00:00:06.34,-822.75,-373.05,135.74,21.86,113.66,-15.41,71.85,-40.35,-56.40,34.50,90.764,
01/01/2000,00:00:06.35,-900.88,-435.55,115.23,18.75,88.80,-20.99,70.35,-40.65,-55.95,34.50,90.764,
01/01/2000,00:00:06.36,-940.92,-482.91,61.52,31.93,94.27,-29.79,70.20,-40.05,-57.75,34.50,90.782,
01/01/2000,00:00:06.37,-891.60,-445.31,38.57,29.35,115.47,-24.66,68.85,-42.30,-57.15,34.64,90.765,
01/01/2000,00:00:06.38,-870.12,-485.84,28.32,18.15,129.59,-21.31,68.85,-42.30,-57.15,34.40,90.765,
01/01/2000,00:00:06.39,-827.64,-493.65,-10.25,14.20,124.73,-25.12,68.85,-42.30,-57.15,34.31,90.765,
01/01/2000,00:00:06.40,-360.35,-945.31,-951.66,23.26,119.88,-36.13,65.85,-41.40,-63.45,34.50,90.766,
01/01/2000,00:00:06.42,-847.66,-427.25,-47.85,8.68,92.67,-24.21,65.55,-43.65,-67.05,34.12,90.694,
01/01/2000,00:00:06.43,-865.72,-395.02,-105.96,2.16,67.30,-6.63,65.55,-41.70,-67.35,34.31,90.659,
01/01/2000,00:00:06.44,-841.80,-433.11,-98.14,0.37,58.95,0.48,64.35,-43.05,-69.45,34.50,90.678,
01/01/2000,00:00:06.45,-871.58,-444.34,-97.66,-5.30,43.34,6.14,64.35,-43.05,-69.45,34.69,90.678,
01/01/2000,00:00:06.46,-866.70,-388.18,-108.89,-20.39,32.92,18.95,61.95,-44.25,-69.45,34.31,90.679,
01/01/2000,00:00:06.48,-822.27,-463.38,-88.38,-33.58,15.73,18.62,61.95,-42.30,-70.95,34.31,90.679,
01/01/2000,00:00:06.49,-785.16,-512.21,-123.54,-37.27,5.22,14.08,61.95,-42.60,-71.25,34.55,90.697,
01/01/2000,00:00:06.50,-869.14,-386.23,-117.68,-17.47,-3.26,-3.03,63.0,-42.0,-69.60,34.31,90.680,
01/01/2000,00:00:06.51,-905.76,-358.89,-201.66,7.43,-6.37,-10.21,61.05,-43.20,-69.60,34.64,90.681,
01/01/2000,00:00:06.52,-878.91,-397.46,-236.82,17.51,6.82,-7.79,62.25,-42.45,-68.55,34.64,90.681,
01/01/2000,00:00:06.53,-900.39,-401.86,-203.61,8.98,11.40,1.02,62.70,-41.85,-68.70,34.40,90.682,
01/01/2000,00:00:06.54,-863.77,-438.96,-180.66,0.73,8.05,-0.22,61.65,-42.30,-68.70,34.55,90.699,
01/01/2000,00:00:06.55,-844.73,-446.29,-137.21,1.07,-1.82,-2.94,61.65,-43.50,-69.45,34.31,90.683,
01/01/2000,00:00:06.56,-846.19,-434.08,-166.02,-1.24,-12.33,-5.83,62.70,-43.05,-69.75,34.69,90.683,
01/01/2000,00:00:06.57,-899.90,-444.34,-146.97,-8.97,-28.57,-1.63,61.95,-42.60,-70.20,34.64,90.701,
01/01/2000,00:00:06.59,-900.88,-443.85,-163.09,-20.02,-30.59,0.85,62.25,-44.10,-69.60,34.55,90.701,
01/01/2000,00:00:06.60,-920.90,-416.50,-164.55,-14.81,-20.08,-4.40,60.75,-44.10,-68.10,34.36,90.702,
01/01/2000,00:00:06.61,-889.16,-395.51,-172.85,-2.54,-16.77,-4.11,60.45,-44.25,-69.75,34.21,90.685,
01/01/2000,00:00:06.62,-848.63,-409.18,-152.83,-5.15,-21.37,-2.28,60.45,-44.25,-69.75,34.50,90.685,
01/01/2000,00:00:06.63,-872.07,-368.16,-128.91,-3.11,-30.58,0.95,61.20,-42.30,-69.45,34.50,90.686,
01/01/2000,00:00:06.64,-874.02,-387.21,-111.33,1.31,-44.12,7.28,61.05,-44.40,-68.85,34.55,90.686,
01/01/2000,00:00:06.65,-906.25,-423.83,-127.44,4.02,-56.87,12.60,61.05,-43.20,-68.85,34.16,90.687,
01/01/2000,00:00:06.66,-904.79,-425.29,-127.44,5.60,-51.36,12.20,61.80,-43.20,-68.10,34.64,90.670,
01/01/2000,00:00:06.68,-921.88,-439.94,-114.75,6.82,-41.50,8.93,62.55,-42.90,-66.30,34.50,90.688,
01/01/2000,00:00:06.69,-910.16,-468.26,-110.84,5.34,-38.97,7.91,62.25,-44.40,-66.30,34.31,90.688,
01/01/2000,00:00:06.70,-929.20,-439.94,-72.75,-2.41,-37.62,5.19,62.25,-44.40,-66.30,34.50,90.689,
01/01/2000,00:00:06.71,-909.67,-434.08,-72.27,-5.47,-42.44,2.61,63.15,-43.05,-64.65,34.31,90.689,
01/01/2000,00:00:06.72,-892.09,-428.22,-69.34,-4.05,-45.55,2.91,62.25,-44.10,-65.10,34.40,90.689,
01/01/2000,00:00:06.73,-867.19,-425.29,-48.34,-5.92,-50.01,3.35,62.70,-42.60,-64.20,34.40,90.690,
01/01/2000,00:00:06.74,-895.51,-411.13,-46.88,-9.86,-55.31,0.54,64.05,-43.20,-62.85,34.64,90.690,
01/01/2000,00:00:06.75,-921.39,-388.18,-38.57,-13.40,-66.66,2.0,64.35,-43.50,-62.40,34.55,90.708,
01/01/2000,00:00:06.76,-939.45,-369.14,-14.16,-16.92,-81.37,19.96,63.75,-43.65,-61.05,34.64,90.708,
01/01/2000,00:00:06.77,-906.74,-374.02,-2.44,-25.83,-93.42,34.93,63.75,-43.65,-61.05,34.55,90.692,
01/01/2000,00:00:06.79,-906.25,-419.92,-6.84,-28.24,-102.09,38.24,62.55,-46.35,-60.30,34.36,90.692,
01/01/2000,00:00:06.80,-896.00,-390.63,35.64,-26.58,-107.32,40.18,64.05,-42.45,-58.50,34.36,90.693,
01/01/2000,00:00:06.81,-872.56,-393.55,37.60,-33.42,-127.29,43.73,65.40,-43.05,-57.15,34.40,90.693,
01/01/2000,00:00:06.82,-794.43,-395.02,82.03,-34.15,-137.95,38.40,64.65,-43.05,-53.10,34.40,90.693,
01/01/2000,00:00:06.83,-733.40,-336.43,137.70,-29.85,-155.77,37.73,66.15,-43.80,-54.15,34.50,90.677,
01/01/2000,00:00:06.84,-727.54,-293.46,166.99,-27.12,-190.26,48.53,67.50,-42.0,-51.75,34.40,90.678,
01/01/2000,00:00:06.85,-726.56,-325.20,156.25,-23.39,-218.49,48.97,67.50,-42.0,-51.75,34.50,90.678,
01/01/2000,00:00:06.86,-710.94,-315.43,198.24,-22.69,-242.98,36.07,67.50,-43.65,-48.0,34.64,90.695,
01/01/2000,00:00:06.87,-783.20,-296.88,237.79,-21.10,-250.14,18.12,67.95,-43.20,-44.25,34.40,90.696,
01/01/2000,00:00:06.89,-842.29,-253.42,297.85,-28.13,-250.14,24.77,69.15,-44.55,-38.85,34.36,90.680,
01/01/2000,00:00:06.90,-930.18,-309.08,-172.85,-36.79,-241.29,13.93,71.25,-42.45,-35.40,34.64,90.680,
01/01/2000,00:00:06.91,-1330.08,-229.00,359.38,-37.61,-172.10,43.59,70.95,-42.0,-38.25,34.64,90.681,
01/01/2000,00:00:06.92,-1267.09,-318.36,468.75,-12.89,-93.58,15.97,68.85,-41.40,-43.65,34.50,90.616,
01/01/2000,00:00:06.94,-1055.18,-374.02,411.13,-7.24,-68.39,35.56,63.45,-43.80,-46.65,34.88,90.584,
01/01/2000,00:00:06.95,-931.15,-405.27,476.56,-6.37,-54.51,39.60,64.50,-42.90,-48.0,34.69,90.569,
01/01/2000,00:00:06.96,-903.81,-415.04,515.63,-7.21,-48.02,27.20,64.50,-42.45,-48.0,34.31,90.569,
01/01/2000,00:00:06.97,-854.00,-397.46,530.76,-4.05,-50.27,15.94,64.50,-42.90,-47.70,34.50,90.586,
01/01/2000,00:00:06.98,-843.75,-379.88,480.96,-6.44,-61.44,5.10,63.30,-43.20,-46.50,34.40,90.587,
01/01/2000,00:00:06.99,-943.85,-353.52,446.29,-10.21,-53.88,-7.53,64.35,-41.10,-45.60,34.55,90.587,
01/01/2000,00:00:07.00,-1045.90,-267.58,509.28,5.02,-33.73,-21.51,63.90,-43.50,-44.85,34.64,90.588,
01/01/2000,00:00:07.01,-1034.67,-321.78,492.68,11.63,-6.17,-1.26,65.40,-41.85,-45.15,34.64,90.573,
01/01/2000,00:00:07.03,-935.55,-430.66,555.66,6.47,10.31,3.60,64.35,-43.50,-44.10,34.50,90.573,
01/01/2000,00:00:07.04,-856.93,-420.90,542.48,-0.95,9.63,-3.35,64.80,-42.45,-43.20,34.64,90.590,
01/01/2000,00:00:07.05,-835.94,-390.14,479.49,-10.99,8.21,-13.12,63.90,-41.85,-42.60,34.40,90.590,
01/01/2000,00:00:07.06,-827.15,-363.28,459.47,-17.55,5.87,-12.67,65.25,-42.45,-42.0,34.64,90.591,
01/01/2000,00:00:07.07,-811.04,-330.08,442.87,-20.89,-1.25,-15.70,65.25,-42.0,-41.70,34.64,90.592,
01/01/2000,00:00:07.08,-792.48,-309.57,450.68,-19.73,-12.02,-9.37,65.25,-43.20,-39.45,34.69,90.592,
01/01/2000,00:00:07.09,-749.02,-346.19,488.77,-18.60,-23.42,-9.41,67.50,-44.85,-76.65,34.55,90.593,
01/01/2000,00:00:07.10,-803.22,-365.23,419.43,-22.99,-39.45,-20.82,66.0,-45.60,-38.25,34.55,90.594,
01/01/2000,00:00:07.11,-843.75,-333.50,329.10,-23.31,-30.46,-32.13,68.25,-46.35,-38.25,34.55,90.594,
01/01/2000,00:00:07.13,-958.01,-283.69,414.06,-18.14,-7.95,-23.12,67.65,-44.25,-38.10,34.83,90.579,
01/01/2000,00:00:07.14,-956.05,-311.52,453.61,-9.82,5.53,-9.76,68.85,-45.0,-37.05,34.50,90.580,
01/01/2000,00:00:07.15,-947.75,-373.54,437.50,0.0,17.22,-2.93,67.35,-44.55,-37.80,34.31,90.596,
01/01/2000,00:00:07.16,-910.64,-384.28,593.75,3.21,27.35,1.0,67.35,-44.55,-37.80,34.83,90.597,
01/01/2000,00:00:07.17,-823.24,-370.12,433.11,-6.93,27.95,-10.67,67.35,-44.55,-37.80,34.64,90.613,
01/01/2000,00:00:07.18,-814.45,-374.51,427.25,-12.31,20.53,-11.59,68.70,-46.35,-36.45,34.64,90.598,
01/01/2000,00:00:07.19,-817.38,-315.43,434.57,-8.21,15.45,-10.84,68.70,-47.25,-37.95,34.40,90.598,
01/01/2000,00:00:07.20,-791.50,-321.78,404.79,-5.62,8.73,-9.52,69.15,-45.75,-37.80,34.69,90.599,
01/01/2000,00:00:07.21,-814.45,-387.21,377.44,-0.56,3.10,-8.99,69.75,-47.55,-37.95,34.64,90.599,
01/01/2000,00:00:07.22,-882.81,-345.70,444.82,-4.34,12.02,-19.58,70.35,-48.60,-37.80,34.50,90.615,
01/01/2000,00:00:07.24,-942.38,-378.91,409.67,7.37,27.06,-32.65,70.35,-48.60,-37.80,34.64,90.601,
01/01/2000,00:00:07.25,-926.76,-384.28,256.35,5.23,44.65,-27.47,70.35,-48.60,-37.80,34.55,90.601,
01/01/2000,00:00:07.26,-921.88,-407.71,423.83,-3.48,64.08,-15.55,71.70,-49.20,-36.45,34.55,90.602,
01/01/2000,00:00:07.27,-852.05,-473.63,348.63,-7.36,61.27,-15.19,72.0,-48.0,-36.45,34.55,90.618,
01/01/2000,00:00:07.28,-873.05,-409.67,417.97,-8.99,57.83,-30.66,70.80,-50.55,-37.80,34.36,90.618,
01/01/2000,00:00:07.29,-839.36,-393.07,373.05,-11.94,43.80,-31.60,72.0,-48.75,-39.0,34.21,90.603,
01/01/2000,00:00:07.30,-813.96,-383.79,390.14,-17.73,34.29,-38.49,70.95,-49.95,-38.25,34.55,90.604,
01/01/2000,00:00:07.31,-841.80,-408.20,405.27,-18.79,21.27,-42.86,70.95,-49.95,-38.25,34.50,90.620,
01/01/2000,00:00:07.32,-850.59,-402.34,378.91,-15.44,9.95,-39.48,70.95,-49.95,-38.25,34.74,90.620,
01/01/2000,00:00:07.33,-826.17,-402.34,361.82,-21.20,-2.47,-34.22,69.15,-50.55,-39.60,34.74,90.621,
01/01/2000,00:00:07.35,-812.50,-463.87,372.07,-16.50,-3.69,-23.46,70.80,-50.85,-40.35,34.50,90.606,
01/01/2000,00:00:07.36,-842.77,-497.07,368.16,-18.40,0.16,-22.71,71.10,-51.30,-39.30,34.50,90.607,
01/01/2000,00:00:07.37,-812.99,-454.59,394.04,-13.78,0.99,-21.22,70.05,-51.30,-39.60,34.50,90.607,
01/01/2000,00:00:07.38,-769.04,-421.88,359.38,-12.04,-0.23,-15.17,70.20,-51.90,-39.0,34.64,90.608,
01/01/2000,00:00:07.39,-763.67,-449.22,329.10,28.30,-63.39,-21.73,70.20,-51.90,-39.0,34.31,90.608,
01/01/2000,00:00:07.40,-687.50,-437.50,357.91,20.75,-44.75,-6.21,70.20,-51.90,-39.0,34.31,90.624,
01/01/2000,00:00:07.41,-671.39,-496.58,197.75,10.61,-30.38,3.29,69.75,-52.35,-38.25,34.83,90.610,
01/01/2000,00:00:07.43,-644.04,-471.68,434.08,0.60,-49.66,0.53,68.70,-54.30,-37.20,34.50,90.551,
01/01/2000,00:00:07.44,-691.41,-460.45,438.48,4.71,-66.76,12.17,68.85,-52.95,-37.05,34.74,90.536,
01/01/2000,00:00:07.45,-812.01,-480.47,447.27,6.69,-83.27,10.96,70.35,-50.10,-35.85,34.64,90.537,
01/01/2000,00:00:07.46,-788.09,-475.10,413.57,-2.82,-96.91,-5.17,69.45,-51.45,-36.75,34.69,90.552,
01/01/2000,00:00:07.47,-778.32,-444.34,467.29,-9.33,-93.37,-13.77,69.45,-51.45,-36.75,34.55,90.538,
01/01/2000,00:00:07.49,-780.27,-447.27,519.53,-9.88,-89.53,-5.85,69.45,-51.45,-36.75,34.50,90.539,
01/01/2000,00:00:07.50,-789.55,-434.57,523.93,-8.73,-97.38,-4.02,72.0,-53.85,-34.20,34.40,90.540,
01/01/2000,00:00:07.51,-774.90,-422.85,489.26,-12.56,-93.64,-4.55,69.75,-51.15,-32.70,34.64,90.540,
01/01/2000,00:00:07.52,-746.09,-477.05,500.98,-25.70,-97.0,-0.77,72.90,-51.90,-32.70,34.50,90.541,
01/01/2000,00:00:07.53,-673.34,-433.59,414.06,-25.07,-105.44,-2.27,71.55,-51.30,-30.30,34.64,90.542,
01/01/2000,00:00:07.54,-739.75,-488.28,536.13,-27.55,-117.55,0.0,72.0,-53.55,-31.95,34.64,90.528,
01/01/2000,00:00:07.55,-742.19,-377.44,508.79,-34.46,-97.12,-0.42,72.0,-53.55,-31.95,34.64,90.543,
01/01/2000,00:00:07.56,-807.13,-510.74,658.20,-38.15,-97.56,16.57,72.0,-53.55,-31.95,34.50,90.544,
01/01/2000,00:00:07.57,-720.21,-477.54,561.52,-26.63,-99.42,20.77,73.35,-52.50,-28.80,34.31,90.544,
01/01/2000,00:00:07.59,-713.38,-482.91,576.17,-28.04,-103.02,22.60,76.50,-53.70,-27.75,34.36,90.530,
01/01/2000,00:00:07.60,-699.71,-486.33,554.20,-28.01,-99.24,24.28,75.30,-51.30,-25.80,34.55,90.531,
01/01/2000,00:00:07.61,-627.44,-506.84,588.38,-26.37,-87.43,17.60,78.30,-52.50,-24.75,34.50,90.532,
01/01/2000,00:00:07.62,-665.53,-485.84,521.00,-18.70,-94.57,0.01,77.55,-51.75,-24.0,34.83,90.532,
01/01/2000,00:00:07.63,-687.50,-407.23,565.92,-11.97,-77.92,-8.73,77.55,-51.75,-24.0,34.40,90.547,
01/01/2000,00:00:07.64,-632.81,-417.48,559.08,1.55,-76.12,-0.04,77.55,-51.75,-24.0,34.55,90.534,
01/01/2000,00:00:07.65,-606.93,-477.54,603.03,1.12,-74.21,5.97,78.75,-53.25,-21.75,34.64,90.534,
01/01/2000,00:00:07.66,-648.44,-457.52,637.70,-2.36,-66.24,2.76,80.55,-52.05,-20.55,34.31,90.549,
01/01/2000,00:00:07.67,-669.43,-500.49,684.57,-3.04,-67.24,-3.72,80.25,-52.95,-18.0,34.64,90.550,
01/01/2000,00:00:07.68,-622.56,-542.48,673.83,-4.05,-66.19,-5.91,81.15,-51.90,-16.65,34.55,90.551,
01/01/2000,00:00:07.70,-651.37,-492.68,661.62,-4.50,-69.69,-10.73,81.75,-53.70,-16.95,34.50,90.537,
01/01/2000,00:00:07.71,-658.69,-476.07,691.89,-1.04,-60.98,-17.10,81.75,-53.70,-16.95,34.69,90.538,
01/01/2000,00:00:07.72,-625.98,-465.33,668.46,9.98,-60.25,-14.39,81.75,-53.70,-16.95,34.64,90.538,
01/01/2000,00:00:07.73,-625.98,-458.01,654.30,7.40,-41.93,-9.22,84.15,-53.85,-16.65,34.74,90.553,
01/01/2000,00:00:07.74,-605.47,-469.24,678.71,9.03,-25.37,3.31,84.45,-53.70,-16.95,34.21,90.554,
01/01/2000,00:00:07.75,-559.57,-467.29,698.24,9.62,-20.91,3.79,84.15,-51.45,-14.85,34.64,90.540,
01/01/2000,00:00:07.76,-572.75,-464.36,680.18,10.05,-15.85,4.65,83.25,-52.50,-16.95,34.69,90.555,
01/01/2000,00:00:07.77,-641.11,-464.84,776.86,16.61,-22.18,5.37,86.25,-52.50,-15.45,34.64,90.555,
01/01/2000,00:00:07.78,-604.98,-491.21,750.49,17.46,-27.84,8.21,86.25,-52.50,-15.45,34.55,90.556,
01/01/2000,00:00:07.79,-584.47,-518.07,722.66,13.34,-26.86,6.18,86.25,-52.50,-15.45,34.64,90.557,
01/01/2000,00:00:07.81,-649.41,-515.63,630.37,6.30,-28.90,6.77,83.70,-54.0,-12.0,34.40,90.571,
01/01/2000,00:00:07.82,-721.68,-504.88,784.67,2.31,-31.15,9.92,81.30,-54.90,-7.95,34.40,90.558,
01/01/2000,00:00:07.83,-649.41,-459.47,772.95,0.87,-24.38,11.12,78.45,-57.0,-5.10,34.40,90.572,
01/01/2000,00:00:07.84,-611.82,-467.29,716.80,5.31,-20.31,7.37,76.65,-53.85,-2.55,34.64,90.573,
01/01/2000,00:00:07.85,-540.04,-483.89,471.19,0.80,-20.24,15.73,62.25,-41.70,-3.30,34.74,90.574,
01/01/2000,00:00:07.86,-528.32,-441.89,369.14,-6.71,-22.57,20.47,62.25,-41.70,-3.30,34.50,90.588,
01/01/2000,00:00:07.87,-450.20,-503.91,115.72,-6.05,7.40,-9.92,62.25,-41.70,-3.30,34.55,90.575,
01/01/2000,00:00:07.88,-732.91,-415.53,1250.49,22.40,6.0,-52.90,65.10,-33.15,-39.60,34.50,90.589,
01/01/2000,00:00:07.89,-651.86,-391.60,1504.39,11.34,-76.64,-34.46,65.40,-37.20,-45.15,34.16,90.590,
01/01/2000,00:00:07.90,-654.30,-436.52,1268.55,7.37,-65.87,1.64,65.25,-43.20,-45.75,34.50,90.590,
01/01/2000,00:00:07.91,-433.11,-495.12,-177.73,-19.63,-20.73,-14.13,66.90,-45.45,-45.60,34.50,90.591,
01/01/2000,00:00:07.93,-637.21,-525.39,1217.29,-47.27,-35.21,35.23,66.30,-46.05,-45.45,34.40,90.578,
01/01/2000,00:00:07.94,-629.88,-510.74,1065.43,0.78,-30.02,-34.22,66.0,-48.75,-45.0,34.36,90.523,
01/01/2000,00:00:07.95,-528.32,-336.43,86.91,-49.96,-0.47,26.79,66.0,-48.75,-45.0,34.64,90.510,
01/01/2000,00:00:07.96,-395.51,-522.46,214.84,-11.13,15.42,15.24,66.90,-48.60,-44.40,34.64,90.511,
01/01/2000,00:00:07.98,-775.39,-574.22,698.73,6.54,-14.08,4.52,66.75,-48.0,-43.95,34.64,90.511,
01/01/2000,00:00:07.99,-484.86,-462.89,777.83,11.21,-14.93,-0.42,66.75,-47.55,-44.70,34.74,90.512,
01/01/2000,00:00:08.00,-536.62,-411.13,944.82,6.75,-4.74,1.08,66.30,-46.35,-45.75,34.64,90.513,
01/01/2000,00:00:08.01,-509.77,-493.16,344.73,4.94,3.87,12.92,64.50,-46.35,-45.45,34.64,90.513,
01/01/2000,00:00:08.02,-535.16,-455.57,882.32,11.28,-1.33,13.56,64.50,-46.35,-45.45,34.64,90.528,
01/01/2000,00:00:08.03,-567.87,-420.41,756.35,11.0,-9.44,12.99,64.50,-46.35,-45.45,34.50,90.528,
01/01/2000,00:00:08.04,-582.52,-447.75,730.96,11.66,5.14,20.15,66.15,-45.0,-46.35,34.50,90.515,
01/01/2000,00:00:08.05,-555.18,-462.89,765.14,12.76,5.30,16.56,64.05,-45.15,-47.70,34.40,90.529,
01/01/2000,00:00:08.06,-580.08,-456.54,767.09,15.81,0.91,16.0,63.45,-45.45,-47.40,34.64,90.530,
01/01/2000,00:00:08.07,-571.29,-462.89,738.28,16.76,2.26,12.30,64.65,-43.50,-48.60,34.40,90.544,
01/01/2000,00:00:08.08,-544.92,-444.82,709.47,23.23,1.24,12.15,65.10,-43.50,-49.35,34.50,90.545,
01/01/2000,00:00:08.10,-536.13,-426.27,708.01,30.76,5.98,9.99,65.10,-43.50,-49.35,34.64,90.545,
01/01/2000,00:00:08.11,-558.59,-425.29,757.32,31.89,3.21,14.28,65.10,-43.50,-49.35,34.36,90.546,
01/01/2000,00:00:08.12,-600.59,-431.15,785.16,21.85,3.47,12.09,62.25,-42.90,-50.55,34.64,90.547,
01/01/2000,00:00:08.13,-590.33,-416.99,774.41,16.73,-1.15,9.49,62.40,-43.80,-49.35,34.36,90.560,
01/01/2000,00:00:08.14,-558.59,-399.41,771.97,15.98,-1.36,6.71,63.0,-43.20,-49.80,34.64,90.561,
01/01/2000,00:00:08.15,-606.93,-392.58,752.93,14.24,2.18,3.72,63.30,-42.90,-51.75,34.40,90.562,
01/01/2000,00:00:08.16,-592.29,-354.98,741.21,17.18,5.05,4.84,61.05,-42.45,-51.0,34.64,90.562,
01/01/2000,00:00:08.17,-580.08,-342.77,748.05,16.36,-2.27,11.40,61.80,-42.0,-48.0,34.40,90.563,
01/01/2000,00:00:08.18,-589.84,-376.46,737.30,13.11,9.75,14.13,61.80,-42.0,-48.0,34.40,90.577,
01/01/2000,00:00:08.19,-591.80,-403.32,773.93,12.89,4.54,15.84,61.50,-39.30,-51.75,34.55,90.577,
01/01/2000,00:00:08.20,-574.71,-409.18,772.95,12.23,0.76,12.31,61.65,-39.15,-51.15,34.55,90.591,
01/01/2000,00:00:08.22,-596.68,-406.25,702.15,10.50,3.76,0.54,59.70,-38.25,-52.35,34.74,90.578,
01/01/2000,00:00:08.23,-630.37,-359.38,761.23,19.76,4.98,3.49,59.40,-41.40,-54.15,34.36,90.579,
01/01/2000,00:00:08.24,-524.90,-346.68,764.16,18.95,13.24,16.66,58.95,-40.65,-51.60,34.64,90.592,
01/01/2000,00:00:08.25,-535.16,-377.93,838.38,16.78,4.72,23.10,58.05,-40.05,-52.50,34.64,90.593,
01/01/2000,00:00:08.26,-612.30,-274.90,650.39,22.82,-8.07,18.89,58.05,-40.05,-52.50,34.69,90.606,
01/01/2000,00:00:08.27,-648.93,-251.95,687.99,20.54,15.26,29.18,57.0,-38.70,-51.60,34.40,90.594,
01/01/2000,00:00:08.28,-636.72,-260.74,727.05,26.24,15.47,30.71,56.85,-40.50,-52.80,34.50,90.594,
01/01/2000,00:00:08.29,-597.17,-272.46,711.91,26.63,18.66,29.50,54.75,-38.25,-52.35,34.64,90.595,
01/01/2000,00:00:08.30,-616.70,-323.24,757.81,29.66,16.66,30.26,54.0,-36.75,-51.90,34.55,90.608,
01/01/2000,00:00:08.31,-548.34,-381.35,744.63,23.55,23.34,35.74,52.95,-36.0,-52.35,34.74,90.609,
01/01/2000,00:00:08.32,-567.38,-401.37,792.48,21.07,21.89,37.27,52.20,-36.30,-51.90,34.50,90.609,
01/01/2000,00:00:08.34,-480.47,-406.74,761.72,32.27,13.22,28.32,52.20,-36.30,-51.90,34.50,90.610,
01/01/2000,00:00:08.35,-530.76,-404.30,770.02,36.81,-5.45,11.79,50.25,-36.0,-52.35,34.40,90.610,
01/01/2000,00:00:08.36,-495.12,-357.42,804.20,38.66,-23.08,-0.24,48.75,-37.20,-51.60,34.50,90.611,
01/01/2000,00:00:08.37,-584.96,-361.33,754.39,22.47,-35.41,-10.40,49.80,-36.30,-49.65,34.50,90.611,
01/01/2000,00:00:08.38,-750.98,-434.57,837.40,5.34,-37.16,-24.22,47.40,-34.95,-51.30,34.55,90.625,
01/01/2000,00:00:08.39,-682.62,-436.04,861.82,3.11,-32.57,-38.69,46.80,-35.55,-51.60,34.69,90.612,
01/01/2000,00:00:08.40,-619.14,-298.83,873.05,5.45,-38.54,-43.43,46.50,-36.0,-49.65,34.40,90.613,
01/01/2000,00:00:08.41,-615.72,-302.73,782.71,8.53,-36.89,-39.05,46.50,-36.0,-49.65,34.50,90.613,
01/01/2000,00:00:08.42,-609.86,-297.85,790.53,10.40,-10.11,-31.56,44.40,-38.55,-50.55,34.74,90.614,
01/01/2000,00:00:08.43,-607.42,-269.53,886.72,16.66,-10.32,-16.45,44.85,-37.95,-48.60,34.40,90.614,
01/01/2000,00:00:08.45,-276.37,-250.0,843.26,11.81,-11.09,34.14,44.40,-38.10,-48.30,34.31,90.551,
01/01/2000,00:00:08.46,-697.75,-392.09,731.93,9.93,-45.78,-28.24,43.80,-36.0,-50.10,34.55,90.538,
01/01/2000,00:00:08.47,-418.95,-338.87,909.67,44.18,-65.60,-4.04,42.0,-38.85,-49.50,34.64,90.539,
01/01/2000,00:00:08.49,-593.75,-310.06,859.86,13.73,-65.84,-5.53,43.65,-36.60,-50.25,34.64,90.540,
01/01/2000,00:00:08.50,-698.24,-326.66,931.64,25.16,-37.63,0.16,43.65,-36.60,-50.25,34.74,90.553,
01/01/2000,00:00:08.51,-626.46,-290.53,899.41,-0.80,-43.95,-27.85,44.55,-37.20,-48.15,34.50,90.541,
01/01/2000,00:00:08.52,-692.87,-335.94,884.77,-12.79,-2.50,-1.19,44.40,-36.90,-50.25,34.50,90.541,
01/01/2000,00:00:08.53,-722.17,-326.17,914.55,-1.76,13.58,3.89,44.55,-37.20,-48.60,34.74,90.542,
01/01/2000,00:00:08.54,-636.72,-291.50,862.30,0.92,32.06,12.20,45.15,-38.10,-47.70,34.50,90.542,
01/01/2000,00:00:08.55,-616.70,-302.25,849.61,9.52,41.45,7.34,45.45,-36.90,-49.50,34.64,90.556,
01/01/2000,00:00:08.56,-536.62,-298.83,819.34,11.16,31.89,0.70,45.45,-36.90,-49.50,34.83,90.544,
01/01/2000,00:00:08.57,-220.21,-129.88,691.89,35.90,-5.82,3.31,45.45,-36.90,-49.50,34.40,90.557,
01/01/2000,00:00:08.58,-445.80,-399.41,779.30,30.23,-12.64,20.95,46.80,-37.20,-47.85,34.69,90.557,
01/01/2000,00:00:08.60,-461.91,-268.55,783.69,10.68,-14.27,6.13,47.55,-38.70,-47.40,34.50,90.558,
01/01/2000,00:00:08.61,-487.30,-306.64,799.32,-1.18,-39.40,-8.48,47.25,-37.50,-46.35,34.50,90.558,
01/01/2000,00:00:08.62,-553.22,-308.11,803.71,-10.60,-50.17,-33.73,48.75,-38.25,-47.10,34.36,90.559,
01/01/2000,00:00:08.63,-592.77,-314.94,837.89,-16.63,-37.33,-26.75,48.30,-38.25,-46.65,34.40,90.559,
01/01/2000,00:00:08.64,-570.31,-329.59,842.29,-23.39,-32.26,-26.36,48.30,-38.25,-46.65,34.40,90.560,
01/01/2000,00:00:08.65,-571.29,-294.92,831.05,5.44,-31.34,-22.02,48.30,-38.25,-46.65,34.74,90.560,
01/01/2000,00:00:08.66,-533.69,-262.70,801.27,68.01,-46.95,-24.95,49.35,-39.30,-45.75,34.31,90.561,
01/01/2000,00:00:08.67,-600.10,-343.75,889.16,29.02,-43.35,-27.19,48.30,-39.45,-44.10,34.83,90.549,
01/01/2000,00:00:08.69,146.97,-13.67,1353.52,-2.79,-12.94,-15.51,50.10,-41.25,-42.0,34.64,90.550,
01/01/2000,00:00:08.70,-447.75,-319.34,869.63,2.50,15.76,-0.27,48.90,-40.50,-40.95,34.74,90.550,
01/01/2000,00:00:08.71,-445.31,-347.17,880.86,6.71,13.55,-4.79,48.60,-40.05,-42.0,34.55,90.563,
01/01/2000,00:00:08.72,-401.86,-262.70,848.14,4.69,8.44,-4.98,48.60,-40.05,-42.0,34.55,90.563,
01/01/2000,00:00:08.73,-405.76,-334.47,881.35,-4.15,-4.37,-8.20,48.60,-40.05,-42.0,34.21,90.564,
01/01/2000,00:00:08.74,-463.87,-353.03,886.23,-17.54,-15.40,-6.56,49.80,-39.15,-40.80,34.64,90.565,
01/01/2000,00:00:08.75,-727.05,-782.71,933.59,-56.36,-7.84,-5.91,48.60,-40.50,-40.20,34.50,90.565,
01/01/2000,00:00:08.76,-298.34,-264.16,740.72,-15.67,-44.56,12.13,49.80,-40.65,-40.05,34.55,90.566,
01/01/2000,00:00:08.77,-410.16,-120.61,893.55,-11.09,-44.11,-20.21,51.30,-41.85,-39.30,34.69,90.566,
01/01/2000,00:00:08.78,-460.94,-291.99,825.68,-21.68,-32.69,-9.69,51.90,-41.25,-38.70,34.74,90.567,
01/01/2000,00:00:08.80,-484.86,-326.66,827.64,4.41,-35.70,-3.02,51.90,-41.25,-38.70,34.64,90.555,
01/01/2000,00:00:08.81,-449.71,-298.83,779.30,19.10,-37.63,-5.16,51.90,-41.25,-38.70,34.36,90.568,
01/01/2000,00:00:08.82,-491.70,-385.74,955.08,25.80,1.24,4.60,50.25,-42.30,-36.60,34.83,90.568,
01/01/2000,00:00:08.83,-481.45,-318.85,861.82,51.09,-28.09,6.89,51.90,-42.90,-37.50,34.36,90.569,
01/01/2000,00:00:08.84,-420.90,-279.30,840.33,50.70,-31.06,-4.73,51.90,-40.50,-36.75,34.74,90.569,
01/01/2000,00:00:08.85,-422.85,-171.39,789.55,37.47,-7.52,4.40,51.0,-41.85,-35.85,34.69,90.570,
01/01/2000,00:00:08.86,-405.76,-255.86,917.97,27.24,-18.77,14.02,51.60,-42.45,-36.0,34.74,90.570,
01/01/2000,00:00:08.87,-416.50,-301.76,880.37,22.06,-21.08,15.62,51.75,-41.10,-38.55,34.50,90.571,
01/01/2000,00:00:08.88,-446.78,-323.73,924.80,31.09,-21.81,11.27,51.75,-41.10,-38.55,34.69,90.571,
01/01/2000,00:00:08.89,-432.13,-267.58,895.51,34.60,-32.46,6.44,51.15,-42.0,-37.20,34.64,90.584,
01/01/2000,00:00:08.91,-458.01,-271.00,1079.10,30.66,-51.15,10.33,52.20,-40.35,-35.85,34.69,90.572,
01/01/2000,00:00:08.92,-458.50,-223.14,964.84,32.49,-43.27,3.53,51.60,-40.95,-35.40,34.64,90.573,
01/01/2000,00:00:08.93,-401.37,-260.74,870.61,35.34,-68.90,-5.24,51.30,-41.40,-34.80,34.64,90.573,
01/01/2000,00:00:08.94,-414.06,-247.56,917.48,28.63,-39.30,-12.91,51.75,-41.10,-34.80,34.50,90.585,
01/01/2000,00:00:08.95,-442.87,-197.27,1039.06,23.18,-32.43,-14.66,53.25,-41.10,-33.60,34.83,90.586,
01/01/2000,00:00:08.97,-521.48,-73.73,484.38,24.95,209.04,-33.53,53.25,-41.10,-33.60,34.64,90.479,
01/01/2000,00:00:08.98,-827.64,-115.72,678.22,-18.91,250.13,44.50,49.80,-39.15,-38.55,34.64,90.468,
01/01/2000,00:00:08.99,-852.05,-410.16,1314.94,-48.95,250.13,75.15,46.95,-38.10,-40.95,34.40,90.469,
01/01/2000,00:00:09.00,-739.75,-407.71,1439.94,-52.92,205.91,36.38,46.80,-37.20,-45.15,34.40,90.469,
01/01/2000,00:00:09.01,-746.58,-326.66,1339.84,0.78,18.47,4.27,45.15,-38.55,-44.70,34.50,90.470,
01/01/2000,00:00:09.03,-639.65,-222.17,834.47,31.91,-44.92,7.65,43.35,-37.95,-46.65,34.74,90.459,
01/01/2000,00:00:09.04,-616.70,-189.94,508.79,20.54,-15.72,-4.73,43.35,-37.95,-46.65,34.93,90.459,
01/01/2000,00:00:09.05,-291.50,-127.44,678.22,-14.36,76.98,16.0,44.10,-37.50,-45.90,34.55,90.472,
01/01/2000,00:00:09.06,-620.61,-266.11,261.72,1.72,68.90,0.30,42.90,-36.90,-46.95,34.88,90.472,
01/01/2000,00:00:09.07,-1058.59,-586.91,1999.94,7.90,227.01,-3.31,42.45,-33.75,-49.50,34.69,90.473,
01/01/2000,00:00:09.08,-966.80,56.64,1999.94,23.43,70.88,23.45,42.90,-35.40,-49.80,34.83,90.462,
01/01/2000,00:00:09.09,-698.24,-54.20,302.25,21.29,-86.68,-0.39,40.95,-35.40,-50.25,34.64,90.474,
01/01/2000,00:00:09.10,-771.48,-80.57,1454.59,31.12,-73.75,-2.36,40.80,-38.25,-48.15,34.64,90.475,
01/01/2000,00:00:09.11,-615.23,-298.83,210.45,4.60,0.44,7.24,40.80,-38.25,-48.15,34.74,90.476,
01/01/2000,00:00:09.12,-735.84,-259.28,1715.33,-25.41,15.80,21.26,40.80,-38.25,-48.15,34.64,90.488,
01/01/2000,00:00:09.14,-628.91,-297.36,790.04,-3.38,5.63,1.62,41.70,-36.60,-47.25,34.69,90.488,
01/01/2000,00:00:09.15,-691.41,-206.54,518.55,11.16,-0.43,-21.30,40.35,-39.15,-47.10,34.69,90.477,
01/01/2000,00:00:09.16,-657.23,-214.36,786.62,12.79,-19.08,4.52,40.35,-37.20,-45.60,34.64,90.478,
01/01/2000,00:00:09.17,-659.67,-230.47,715.33,2.59,-17.69,18.77,40.80,-38.25,-46.65,34.69,90.490,
01/01/2000,00:00:09.18,-640.14,-241.21,591.80,1.85,-5.58,13.15,41.10,-37.50,-45.15,34.50,90.491,
01/01/2000,00:00:09.19,-634.77,-253.42,681.64,-9.49,21.25,11.01,41.10,-37.50,-45.15,34.55,90.491,
01/01/2000,00:00:09.20,-638.18,-228.52,618.16,-13.32,28.98,12.74,40.80,-37.95,-45.90,34.69,90.492,
01/01/2000,00:00:09.21,-682.62,-246.58,829.59,-8.90,19.65,15.53,40.50,-37.35,-44.70,34.69,90.493,
01/01/2000,00:00:09.22,-707.52,-261.23,871.58,1.92,-3.44,13.78,38.85,-37.20,-46.35,34.74,90.493,
01/01/2000,00:00:09.23,-736.82,-259.77,915.53,-1.36,-24.60,6.75,40.95,-36.90,-45.75,34.55,90.494,
01/01/2000,00:00:09.25,-740.72,-206.05,990.23,18.78,-52.47,10.55,40.50,-36.90,-46.20,34.40,90.506,
01/01/2000,00:00:09.26,-716.80,-221.19,462.40,10.92,-23.34,16.99,40.20,-38.10,-47.25,34.64,90.495,
01/01/2000,00:00:09.27,-671.39,-227.54,670.41,2.66,-12.89,8.47,40.20,-38.10,-47.25,34.55,90.495,
01/01/2000,00:00:09.28,-664.55,-270.51,684.57,0.74,4.22,8.93,41.55,-36.0,-46.35,34.74,90.496,
01/01/2000,00:00:09.29,-661.13,-262.21,751.95,7.20,0.06,5.96,41.70,-36.60,-45.75,34.69,90.508,
01/01/2000,00:00:09.30,-654.79,-229.98,741.21,6.18,-6.37,2.75,40.95,-35.40,-46.95,34.64,90.509,
01/01/2000,00:00:09.31,-669.92,-202.64,734.86,3.29,-2.58,5.77,43.35,-36.0,-45.60,34.55,90.509,
01/01/2000,00:00:09.32,-663.57,-197.75,767.58,0.89,4.69,4.20,41.85,-37.95,-43.65,34.69,90.510,
01/01/2000,00:00:09.33,-685.55,-159.18,788.09,-0.88,1.51,7.62,41.85,-35.55,-45.90,34.64,90.522,
01/01/2000,00:00:09.34,-682.13,-192.87,776.37,-2.25,0.66,10.02,41.85,-35.55,-45.90,34.50,90.522,
01/01/2000,00:00:09.35,-679.20,-197.27,781.74,-1.50,4.87,12.56,44.40,-36.60,-47.25,34.50,90.534,
01/01/2000,00:00:09.37,-703.13,-221.19,770.51,5.32,6.82,10.78,43.05,-35.10,-45.90,34.50,90.523,
01/01/2000,00:00:09.38,-684.57,-239.75,775.88,3.76,4.79,7.05,44.40,-36.60,-46.50,34.36,90.535,
01/01/2000,00:00:09.39,-657.23,-242.19,760.25,-2.43,-1.73,-9.97,44.55,-34.35,-47.40,34.50,90.535,
01/01/2000,00:00:09.40,-652.34,-183.59,704.10,-4.55,-0.12,-9.46,45.45,-36.90,-46.50,34.55,90.536,
01/01/2000,00:00:09.41,-648.93,-174.32,702.64,-8.89,7.02,-12.55,46.05,-36.0,-47.10,34.88,90.548,
01/01/2000,00:00:09.42,-658.20,-189.45,712.89,-6.66,11.69,-8.96,46.05,-36.0,-47.10,34.40,90.548,
01/01/2000,00:00:09.43,-662.11,-189.94,771.48,-5.66,7.89,-13.11,46.05,-36.0,-47.10,34.55,90.538,
01/01/2000,00:00:09.44,-638.18,-173.34,740.23,-8.79,3.37,-13.40,46.65,-36.15,-45.75,34.64,90.549,
01/01/2000,00:00:09.45,-683.59,-167.48,775.39,-11.11,1.30,-10.06,45.15,-36.60,-46.20,34.50,90.550,
01/01/2000,00:00:09.46,-683.59,-149.41,766.11,-12.63,0.30,-3.90,46.50,-36.0,-48.15,34.64,90.550,
01/01/2000,00:00:09.48,-682.62,-211.43,790.04,-6.05,-0.54,0.56,48.0,-35.55,-44.85,34.50,90.517,
01/01/2000,00:00:09.49,-628.42,-383.79,732.91,-21.02,-12.27,-20.41,45.90,-36.15,-45.75,34.64,90.496,
01/01/2000,00:00:09.50,-622.07,-274.90,762.21,-16.56,-8.66,-36.13,45.90,-36.15,-45.75,34.64,90.496,
01/01/2000,00:00:09.51,-786.62,-460.45,719.73,8.96,9.65,-59.85,47.55,-36.75,-45.60,34.69,90.497,
01/01/2000,00:00:09.52,-834.47,-85.94,809.57,2.61,-39.89,-67.80,48.15,-37.35,-45.0,34.36,90.497,
01/01/2000,00:00:09.53,-599.61,-253.42,666.50,-4.33,-56.47,-28.42,49.35,-38.10,-45.75,34.74,90.498,
01/01/2000,00:00:09.55,-698.73,-356.45,738.28,-5.95,-46.15,-6.65,48.30,-37.50,-44.85,34.36,90.498,
01/01/2000,00:00:09.56,-653.81,-258.30,690.92,13.34,-27.50,-10.15,48.75,-39.15,-45.60,34.69,90.499,
01/01/2000,00:00:09.57,-627.93,-219.73,1035.64,18.12,-51.18,-1.05,49.50,-36.30,-44.10,34.64,90.499,
01/01/2000,00:00:09.58,-612.30,-273.93,1192.38,16.94,-88.42,-7.93,49.50,-36.30,-44.10,34.69,90.500,
01/01/2000,00:00:09.59,-541.99,-259.28,713.87,6.65,-93.06,-20.21,48.15,-36.90,-42.75,34.64,90.500,
01/01/2000,00:00:09.60,-655.27,-72.27,1041.02,-10.04,-33.84,-10.92,51.15,-38.55,-41.70,34.40,90.490,
01/01/2000,00:00:09.61,-558.59,-174.80,432.13,-17.07,68.82,66.21,51.0,-38.25,-43.65,34.64,90.491,
01/01/2000,00:00:09.62,-540.04,-183.11,641.60,-7.34,95.08,31.56,51.15,-38.85,-42.45,34.64,90.491,
01/01/2000,00:00:09.64,-563.96,-304.20,832.52,-2.51,46.55,-0.17,51.60,-36.90,-41.70,34.55,90.503,
01/01/2000,00:00:09.65,212.40,-60.55,-160.64,11.31,10.97,-11.32,50.25,-37.20,-43.65,34.64,90.503,
01/01/2000,00:00:09.66,-596.19,-218.26,657.23,5.90,26.18,4.41,50.25,-37.20,-43.65,34.69,90.493,
01/01/2000,00:00:09.67,-613.77,-262.70,797.36,14.50,18.40,1.73,51.0,-37.20,-43.65,34.64,90.504,
01/01/2000,00:00:09.68,-611.33,-299.32,844.73,30.11,-4.56,0.73,48.90,-37.35,-46.20,34.74,90.505,
01/01/2000,00:00:09.69,-589.36,-181.64,1301.27,43.11,-35.63,-1.95,49.05,-37.20,-45.60,34.64,90.505,
01/01/2000,00:00:09.70,-805.18,-327.64,506.84,60.92,-32.68,-12.60,47.70,-36.15,-45.45,34.40,90.517,
01/01/2000,00:00:09.71,-760.25,-521.00,-1642.58,34.06,5.35,-3.11,50.40,-34.95,-44.70,34.64,90.506,
01/01/2000,00:00:09.72,-2000.0,-837.89,1999.94,54.40,-30.79,-104.08,48.0,-35.10,-42.90,34.74,90.507,
01/01/2000,00:00:09.73,-2000.0,-1134.28,737.79,-42.02,14.44,124.89,48.0,-35.10,-42.90,34.40,90.507,
01/01/2000,00:00:09.75,-580.08,-219.24,1324.22,3.01,-23.74,106.46,48.0,-35.10,-42.90,34.64,90.508,
01/01/2000,00:00:09.76,-613.28,-218.75,912.11,-1.16,-5.45,13.63,46.20,-35.40,-40.20,34.88,90.509,
01/01/2000,00:00:09.77,-652.83,-207.03,853.52,-5.23,-3.32,25.11,45.45,-32.55,-39.0,34.64,90.498,
01/01/2000,00:00:09.78,-655.76,-224.61,849.61,-2.11,-6.26,15.92,46.50,-34.05,-37.05,34.40,90.510,
01/01/2000,00:00:09.79,-658.69,-258.30,872.56,-1.31,-9.82,4.37,46.65,-33.45,-36.75,34.64,90.510,
01/01/2000,00:00:09.80,-646.00,-215.33,852.05,-0.96,-11.51,5.95,47.25,-34.05,-35.10,34.64,90.511,
01/01/2000,00:00:09.81,-660.16,-174.80,819.34,-1.98,-4.48,9.15,47.25,-34.05,-35.10,34.64,90.522,
01/01/2000,00:00:09.82,-672.36,-190.92,869.63,0.15,12.66,2.59,47.25,-34.05,-35.10,34.50,90.522,
01/01/2000,00:00:09.83,-570.31,-156.25,777.34,-9.81,17.42,13.23,47.25,-34.05,-32.85,34.40,90.512,
01/01/2000,00:00:09.84,-664.55,-183.59,912.60,-3.06,13.17,18.16,47.55,-35.55,-31.80,34.74,90.523,
01/01/2000,00:00:09.86,-514.16,-237.79,531.25,-0.53,-33.69,5.05,46.20,-33.45,-26.40,34.69,90.524,
01/01/2000,00:00:09.87,-297.36,-202.15,944.34,-44.36,128.97,12.17,47.55,-34.05,-23.55,34.50,90.524,
01/01/2000,00:00:09.88,-503.42,-217.29,831.05,-38.37,84.89,8.02,45.15,-33.45,-23.40,34.74,90.525,
01/01/2000,00:00:09.89,-636.72,-246.09,812.99,-37.51,58.73,-1.78,45.15,-33.45,-23.40,34.55,90.525,
01/01/2000,00:00:09.90,-554.20,-195.80,703.13,-37.44,32.57,1.95,45.15,-33.45,-23.40,34.40,90.526,
01/01/2000,00:00:09.91,-674.32,-298.83,848.14,-30.67,36.25,3.94,43.05,-35.10,-16.20,34.74,90.526,
01/01/2000,00:00:09.92,-617.19,-237.30,683.11,-30.01,0.18,5.43,41.85,-34.05,-14.25,34.64,90.527,
01/01/2000,00:00:09.93,-646.00,-169.43,798.83,-9.96,-12.41,0.24,39.45,-33.75,-14.10,34.69,90.538,
01/01/2000,00:00:09.94,-696.78,-233.89,773.44,3.0,-27.33,1.02,38.25,-34.20,-11.55,34.64,90.528,
01/01/2000,00:00:09.95,-681.15,-147.95,510.25,9.07,-1.91,1.47,39.15,-32.40,-13.20,34.55,90.528,
01/01/2000,00:00:09.97,-702.15,-148.93,827.15,7.17,2.14,10.90,39.15,-32.40,-13.20,34.69,90.539,
01/01/2000,00:00:09.98,-625.98,-261.72,752.44,-5.25,-34.99,17.59,39.15,-32.40,-13.20,34.93,90.540,
01/01/2000,00:00:09.99,-645.02,-157.23,459.96,9.17,42.16,12.91,33.30,-30.30,-8.85,34.64,90.498,
01/01/2000,00:00:10.00,-631.35,-316.41,877.93,-15.98,5.85,3.70,29.85,-29.10,-7.80,34.55,90.488,
01/01/2000,00:00:10.01,-666.50,-241.21,756.35,-37.80,-7.48,-10.48,30.30,-27.90,-7.80,34.40,90.489,
01/01/2000,00:00:10.03,-718.26,-243.16,889.65,-16.69,-34.21,4.50,30.90,-28.80,-8.70,34.83,90.489,
01/01/2000,00:00:10.04,-800.78,-270.02,838.38,-9.38,-15.98,12.80,29.10,-26.25,-10.80,34.69,90.490,
01/01/2000,00:00:10.05,-752.93,-173.83,506.35,-24.96,29.14,29.76,29.10,-26.25,-10.80,34.40,90.501,
01/01/2000,00:00:10.06,-802.73,-180.18,842.29,-8.56,3.76,-5.53,29.10,-26.25,-10.80,34.69,90.491,
01/01/2000,00:00:10.07,-670.90,-191.89,717.29,-23.10,31.79,19.70,30.75,-27.15,-20.10,34.50,90.492,
01/01/2000,00:00:10.08,-681.15,-238.77,703.61,-44.74,40.85,20.75,31.05,-24.0,-24.15,34.55,90.492,
01/01/2000,00:00:10.09,-705.57,-209.47,647.46,-40.89,65.87,32.21,30.30,-24.30,-24.15,34.64,90.503,
01/01/2000,00:00:10.10,-680.66,-269.53,667.97,-35.79,77.69,31.22,31.05,-24.30,-24.15,34.50,90.503,
01/01/2000,00:00:10.11,-715.33,-340.82,757.32,-37.17,69.32,22.77,31.80,-23.55,-24.90,34.64,90.504,
01/01/2000,00:00:10.13,-740.72,-332.03,795.90,-32.21,35.60,4.40,31.80,-23.55,-24.90,34.74,90.494,
01/01/2000,00:00:10.14,-816.89,-318.85,726.07,-30.56,6.64,-22.56,31.80,-23.55,-24.90,34.40,90.495,
01/01/2000,00:00:10.15,-747.07,-229.00,752.44,-42.83,-13.09,-30.39,30.45,-25.35,-25.50,34.64,90.505,
01/01/2000,00:00:10.16,-740.23,-218.26,794.43,-54.26,-43.99,-16.60,30.75,-24.75,-25.65,34.74,90.496,
01/01/2000,00:00:10.17,-821.78,-222.17,823.73,-63.94,-62.47,-18.03,29.10,-24.30,-24.45,34.64,90.496,
01/01/2000,00:00:10.18,-677.73,-321.29,672.85,-60.31,-58.27,-15.69,28.95,-24.90,-20.55,34.50,90.486,
01/01/2000,00:00:10.19,-708.50,-347.17,758.30,-52.02,-50.72,-14.34,28.95,-26.10,-21.0,34.64,90.487,
01/01/2000,00:00:10.20,-653.32,-342.29,690.43,-42.27,-42.66,-5.46,28.95,-26.10,-21.0,34.50,90.498,
01/01/2000,00:00:10.21,-649.41,-364.26,662.11,-24.67,-38.55,1.27,28.95,-26.10,-21.0,34.74,90.498,
01/01/2000,00:00:10.23,-636.72,-337.89,695.80,-15.73,-45.53,0.38,31.20,-23.70,-19.80,34.40,90.499,
01/01/2000,00:00:10.24,-618.65,-242.68,664.55,-0.35,-50.28,10.86,31.95,-23.40,-18.30,34.69,90.489,
01/01/2000,00:00:10.25,-573.24,-251.95,698.73,15.63,-49.54,15.94,31.50,-24.75,-18.60,34.55,90.490,
01/01/2000,00:00:10.26,-695.31,-287.11,880.37,29.67,-56.66,24.56,32.25,-24.30,-17.85,34.55,90.500,
01/01/2000,00:00:10.27,-597.17,-296.88,762.21,36.62,-60.37,-11.18,33.15,-22.95,-17.70,34.55,90.501,
01/01/2000,00:00:10.28,-705.57,-301.76,920.90,19.04,-94.24,-10.07,33.15,-22.95,-17.70,34.50,90.501,
01/01/2000,00:00:10.29,-670.90,-253.91,812.50,5.52,-113.11,-9.83,33.90,-26.10,-18.0,34.69,90.492,
01/01/2000,00:00:10.30,-627.44,-300.29,853.52,2.76,-125.86,-10.60,36.45,-25.50,-14.85,34.50,90.492,
01/01/2000,00:00:10.31,-594.73,-308.59,768.55,-0.45,-126.59,-10.16,34.50,-25.95,-14.40,34.40,90.493,
01/01/2000,00:00:10.33,-608.89,-283.69,791.02,-1.31,-129.16,-10.94,36.0,-24.75,-12.90,34.40,90.493,
01/01/2000,00:00:10.34,-579.10,-295.41,789.06,3.96,-125.16,-6.60,38.10,-26.55,-11.70,34.64,90.494,
01/01/2000,00:00:10.35,-562.99,-294.43,775.88,-7.79,-119.84,-6.82,40.20,-24.75,-12.90,34.74,90.484,
01/01/2000,00:00:10.36,-457.03,-266.11,737.79,-1.50,-74.50,-11.31,40.20,-24.75,-12.90,34.55,90.495,
01/01/2000,00:00:10.37,-486.33,-254.39,803.71,4.93,-38.03,-9.32,39.60,-25.35,-9.45,34.74,90.495,
01/01/2000,00:00:10.38,-519.04,-327.64,843.75,12.07,-29.39,-8.83,39.45,-25.20,-10.80,34.55,90.496,
01/01/2000,00:00:10.39,-545.90,-343.26,895.51,0.61,-30.56,-2.08,40.05,-22.95,-9.0,34.93,90.496,
01/01/2000,00:00:10.40,-509.77,-362.79,901.37,-10.89,-34.02,9.06,40.95,-25.50,-8.10,34.69,90.497,
01/01/2000,00:00:10.41,-467.77,-319.82,887.70,-13.50,-30.62,-6.92,41.85,-22.95,-9.0,34.50,90.497,
01/01/2000,00:00:10.43,-427.25,-302.25,835.45,-18.44,-39.77,-2.90,40.35,-23.70,-10.20,34.69,90.498,
01/01/2000,00:00:10.44,-471.68,-346.19,874.02,-12.40,-49.34,-0.50,40.35,-23.70,-10.20,34.55,90.498,
01/01/2000,00:00:10.45,-491.21,-303.71,927.25,-3.40,-62.07,-9.82,42.30,-23.40,-9.0,34.55,90.499,
01/01/2000,00:00:10.46,-492.19,-341.80,954.10,-1.44,-77.05,-2.23,42.90,-24.0,-8.10,34.69,90.499,
01/01/2000,00:00:10.47,-427.73,-306.15,928.22,-3.13,-96.15,-11.79,42.60,-24.15,-7.20,34.74,90.500,
01/01/2000,00:00:10.48,-562.50,-326.17,856.45,-10.92,-85.98,-39.42,45.45,-22.80,-8.10,34.64,90.500,
01/01/2000,00:00:10.50,-286.62,-266.11,798.83,8.96,-86.86,-24.35,46.50,-24.90,-4.65,34.64,90.461,
01/01/2000,00:00:10.51,-298.83,-283.69,859.38,9.82,-80.83,2.79,45.75,-23.70,-4.20,34.64,90.452,
01/01/2000,00:00:10.52,-272.46,-316.89,895.02,-4.56,-85.38,-4.16,45.75,-23.70,-4.20,34.69,90.442,
01/01/2000,00:00:10.53,-389.65,-308.59,891.60,26.01,-82.14,16.92,44.70,-23.55,-1.35,34.40,90.453,
01/01/2000,00:00:10.54,-217.29,-378.91,839.36,53.33,-104.60,-25.92,46.20,-26.70,0.0,34.83,90.453,
01/01/2000,00:00:10.55,-354.98,-107.42,1113.28,118.27,-74.32,-18.56,44.85,-24.60,-0.15,34.64,90.454,
01/01/2000,00:00:10.56,275.88,-520.02,644.53,11.11,-105.83,10.73,45.45,-22.80,2.55,34.74,90.454,
01/01/2000,00:00:10.57,-299.80,-280.76,934.57,4.56,-79.06,53.30,43.65,-24.30,5.10,34.74,90.465,
01/01/2000,00:00:10.59,-420.41,-408.69,983.89,-5.69,-50.99,11.37,42.90,-26.25,7.05,34.55,90.456,
01/01/2000,00:00:10.60,-388.18,-268.55,786.62,-11.18,-20.14,-3.89,42.90,-26.25,7.05,34.74,90.456,
01/01/2000,00:00:10.61,-273.93,-304.20,841.31,1.98,-28.50,-41.73,45.15,-27.90,14.40,34.74,90.466,
01/01/2000,00:00:10.62,-260.25,-345.21,1021.48,2.38,-37.21,-7.79,50.10,-31.50,17.40,34.69,90.467,
01/01/2000,00:00:10.63,-264.65,-357.91,867.68,-10.23,-17.83,1.11,51.15,-31.50,18.90,34.64,90.467,
01/01/2000,00:00:10.64,-219.24,-262.21,859.38,-7.67,-14.49,-8.52,52.65,-32.25,22.35,34.69,90.458,
01/01/2000,00:00:10.65,-282.71,-130.37,876.46,-1.34,-7.88,-7.40,55.05,-33.45,23.10,34.55,90.468,
01/01/2000,00:00:10.66,-557.62,-296.39,774.90,-0.79,2.59,-28.78,55.05,-33.45,23.10,34.50,90.469,
01/01/2000,00:00:10.67,-297.85,-240.23,844.24,-10.18,-34.69,-38.76,55.05,-33.45,23.10,34.69,90.470,
01/01/2000,00:00:10.68,-147.95,-396.97,969.73,-6.63,12.21,5.13,61.95,-38.70,20.55,34.40,90.470,
01/01/2000,00:00:10.70,-362.79,-381.35,970.21,6.26,-16.39,25.95,62.55,-39.75,21.60,34.74,90.471,
01/01/2000,00:00:10.71,-184.57,-455.57,878.91,-9.57,4.45,-14.79,61.05,-38.10,20.85,34.31,90.471,
01/01/2000,00:00:10.72,-294.92,-322.27,993.16,-24.31,42.50,-34.15,62.70,-39.15,21.75,34.93,90.481,
01/01/2000,00:00:10.73,-286.62,-323.73,938.96,-22.55,16.83,3.31,63.90,-39.45,20.55,34.55,90.482,
01/01/2000,00:00:10.74,-187.99,-390.63,838.38,-14.85,1.86,3.26,61.05,-40.05,20.40,34.64,90.482,
01/01/2000,00:00:10.75,-189.94,-320.31,1030.76,-19.95,12.94,-7.67,61.05,-40.05,20.40,34.93,90.483,
01/01/2000,00:00:10.76,-224.12,-282.23,922.85,-4.18,-9.98,-2.84,63.0,-39.75,19.65,34.69,90.483,
01/01/2000,00:00:10.77,-279.30,-327.64,973.14,-2.62,-19.75,-9.12,63.15,-39.45,20.55,34.69,90.484,
01/01/2000,00:00:10.78,-247.07,-262.21,990.23,-27.84,24.88,-20.75,63.0,-40.05,19.35,34.74,90.484,
01/01/2000,00:00:10.79,-373.54,-331.54,1061.52,-20.30,-6.51,-13.06,63.30,-38.55,18.90,34.83,90.494,
01/01/2000,00:00:10.81,-332.52,-335.94,1008.30,1.95,-2.93,-1.09,63.75,-38.85,16.65,35.03,90.485,
01/01/2000,00:00:10.82,-334.47,-364.75,1012.21,-2.97,39.44,3.63,61.95,-40.35,19.05,34.40,90.486,
01/01/2000,00:00:10.83,-283.69,-285.16,984.38,-4.18,26.49,2.02,61.95,-40.35,19.05,34.64,90.486,
01/01/2000,00:00:10.84,-234.38,-172.85,880.37,-2.90,42.13,0.98,61.95,-40.35,19.05,34.40,90.496,
01/01/2000,00:00:10.85,-279.30,-311.52,1082.52,3.59,14.92,-4.81,63.0,-38.10,17.10,34.64,90.497,
01/01/2000,00:00:10.86,-229.00,-381.35,900.39,12.02,-15.58,-19.66,61.65,-37.95,19.50,34.64,90.507,
01/01/2000,00:00:10.87,-219.24,-426.76,937.50,9.44,-44.57,-21.95,61.95,-36.0,19.80,34.64,90.498,
01/01/2000,00:00:10.88,-232.91,-467.29,998.54,6.63,-52.81,-27.15,61.20,-36.0,19.50,34.64,90.498,
01/01/2000,00:00:10.89,-158.20,-404.30,1144.53,6.89,0.06,-57.0,61.20,-36.0,19.50,34.74,90.508,
01/01/2000,00:00:10.90,-271.00,-364.26,891.11,17.68,-26.70,-51.12,61.20,-36.0,19.50,34.64,90.509,
01/01/2000,00:00:10.91,-239.26,-323.73,881.84,13.02,-20.44,-44.18,61.20,-36.0,19.50,34.74,90.509,
01/01/2000,00:00:10.92,-233.89,-313.48,930.66,4.98,-9.21,-21.39,61.95,-36.0,20.55,34.50,90.510,
01/01/2000,00:00:10.94,-76.66,-360.35,841.80,0.69,-29.17,6.47,61.50,-36.90,19.65,34.40,90.510,
01/01/2000,00:00:10.95,-287.11,-460.45,919.92,-5.93,0.64,-4.69,61.05,-35.70,19.35,34.64,90.520,
01/01/2000,00:00:10.96,-177.73,-328.13,930.18,-3.10,18.58,1.69,61.50,-37.35,17.85,34.64,90.520,
01/01/2000,00:00:10.97,-294.92,-479.98,969.24,2.34,16.92,8.47,61.65,-36.75,16.95,34.74,90.530,
01/01/2000,00:00:10.98,-281.25,-333.01,978.03,1.83,15.18,16.24,61.65,-36.75,16.95,34.69,90.521,
01/01/2000,00:00:10.99,-331.05,-310.55,995.61,-1.11,6.44,11.10,61.65,-36.75,16.95,34.74,90.531,
01/01/2000,00:00:11.00,-295.41,-302.25,970.70,3.07,-2.38,-7.08,65.40,-35.55,15.45,34.93,90.494,
01/01/2000,00:00:11.02,-248.54,-300.78,966.31,4.20,-11.40,-1.63,65.25,-35.40,13.35,34.74,90.485,
01/01/2000,00:00:11.03,-216.80,-343.26,932.13,3.76,-11.14,0.44,64.80,-35.40,13.35,34.83,90.486,
01/01/2000,00:00:11.04,-206.54,-335.94,904.79,7.53,-7.76,12.96,66.75,-34.95,11.55,34.64,90.486,
01/01/2000,00:00:11.05,-186.52,-379.88,879.88,5.65,0.07,20.79,66.60,-34.35,12.75,34.74,90.487,
01/01/2000,00:00:11.06,-211.91,-321.78,905.76,-2.01,23.05,15.07,66.60,-34.35,12.75,34.36,90.496,
01/01/2000,00:00:11.07,-268.55,-286.13,999.51,-9.82,29.48,18.07,66.60,-34.35,12.75,34.64,90.497,
01/01/2000,00:00:11.08,-262.21,-264.16,1011.72,-2.23,19.80,28.22,66.15,-33.15,12.75,34.74,90.497,
01/01/2000,00:00:11.09,-264.16,-312.99,986.33,-0.55,12.42,24.26,66.15,-34.05,10.20,34.64,90.507,
01/01/2000,00:00:11.10,-273.93,-353.03,922.36,1.28,5.64,17.73,66.75,-33.0,8.55,34.93,90.498,
01/01/2000,00:00:11.11,-153.32,-368.65,1142.09,2.49,-30.39,31.93,66.90,-31.95,11.25,34.88,90.508,
01/01/2000,00:00:11.13,-254.39,-455.08,942.87,-8.37,-42.84,71.62,67.65,-32.40,9.75,34.40,90.508,
01/01/2000,00:00:11.14,-179.69,-272.46,1007.32,-14.98,-26.10,37.15,67.65,-32.40,9.75,34.69,90.509,
01/01/2000,00:00:11.15,-204.10,-189.45,1005.37,-5.77,-25.24,5.86,67.65,-32.40,9.75,34.64,90.519,
01/01/2000,00:00:11.16,-262.21,-254.39,1032.23,2.78,-55.50,1.21,66.15,-31.95,15.45,34.69,90.510,
01/01/2000,00:00:11.17,-297.85,-570.31,61.04,30.18,-79.65,5.08,65.10,-33.15,18.0,34.83,90.510,
01/01/2000,00:00:11.18,-95.70,-231.45,1328.61,6.88,-83.69,-1.05,66.30,-34.65,22.35,34.74,90.520,
01/01/2000,00:00:11.19,-199.22,-312.01,930.18,-1.51,-91.30,-4.55,64.65,-36.0,24.30,34.74,90.520,
01/01/2000,00:00:11.20,-175.29,-308.11,1018.55,-20.53,-93.87,-8.40,65.10,-36.75,25.80,34.69,90.521,
01/01/2000,00:00:11.21,-161.13,-273.93,1021.00,-26.39,-103.86,-0.28,65.25,-34.20,25.95,34.74,90.521,
01/01/2000,00:00:11.22,-108.40,-318.36,939.94,-19.44,-108.24,3.08,63.75,-36.90,30.90,34.74,90.522,
01/01/2000,00:00:11.24,-10.25,-345.70,718.75,-11.35,-55.02,-6.05,63.0,-35.70,33.90,34.88,90.522,
01/01/2000,00:00:11.25,-86.91,-279.30,1023.44,9.45,10.73,4.50,63.30,-37.80,33.45,34.69,90.522,
01/01/2000,00:00:11.26,-181.15,-302.73,877.44,0.30,-3.60,15.64,63.45,-38.25,35.85,34.74,90.532,
01/01/2000,00:00:11.27,-163.09,-328.61,941.41,-5.95,-20.49,4.25,65.40,-37.20,35.55,34.64,90.523,
01/01/2000,00:00:11.28,-110.84,-190.43,900.39,0.67,-8.49,-0.56,65.10,-38.25,36.60,34.74,90.524,
01/01/2000,00:00:11.29,-177.25,-271.00,956.05,2.20,0.61,-14.46,66.30,-38.55,35.70,34.74,90.533,
01/01/2000,00:00:11.30,-204.10,-312.99,999.51,-4.79,-10.67,-1.87,66.30,-38.55,35.70,34.69,90.534,
01/01/2000,00:00:11.31,-148.93,-355.96,1005.86,-7.18,-23.25,2.01,65.25,-38.10,36.0,34.55,90.543,
01/01/2000,00:00:11.32,-134.28,-380.86,912.60,5.11,-23.72,-9.02,64.65,-39.45,35.10,34.69,90.535,
01/01/2000,00:00:11.33,-100.10,-329.59,821.29,-1.52,-7.79,-14.22,65.10,-37.50,37.35,34.64,90.535,
01/01/2000,00:00:11.34,-86.43,-328.13,907.23,8.24,14.47,-11.67,64.50,-38.10,36.75,34.64,90.544,
01/01/2000,00:00:11.36,-150.88,-374.51,967.29,4.61,15.04,-0.76,63.0,-37.80,38.70,34.40,90.545,
01/01/2000,00:00:11.37,-110.35,-374.51,957.03,5.84,22.79,-3.35,65.55,-38.55,36.45,34.74,90.545,
01/01/2000,00:00:11.38,-123.54,-287.60,1019.04,6.83,23.95,-26.02,65.55,-38.55,36.45,34.83,90.555,
01/01/2000,00:00:11.39,-78.13,-264.16,1016.60,6.15,21.07,-4.16,63.90,-39.15,35.55,34.69,90.546,
01/01/2000,00:00:11.40,169.92,-264.16,1121.58,20.69,18.01,-12.76,63.75,-39.30,36.0,34.74,90.556,
01/01/2000,00:00:11.41,-32.23,-129.88,1168.46,3.39,19.34,-5.28,65.40,-39.45,34.80,34.64,90.556,
01/01/2000,00:00:11.42,-187.99,-398.44,1025.39,14.50,-13.51,-6.32,67.20,-39.30,33.45,34.93,90.556,
01/01/2000,00:00:11.43,-173.34,-344.24,973.63,10.04,-23.75,-7.84,65.55,-38.55,34.20,34.83,90.566,
01/01/2000,00:00:11.44,-82.03,-303.22,1004.88,10.16,-26.51,-6.74,65.55,-38.55,34.20,34.74,90.557,
01/01/2000,00:00:11.45,-65.43,-348.63,977.05,6.31,-14.46,10.22,65.55,-38.55,34.20,34.93,90.557,
01/01/2000,00:00:11.46,-111.82,-320.80,1002.44,-6.90,-5.04,12.05,65.55,-39.75,34.65,34.64,90.567,
01/01/2000,00:00:11.48,-157.23,-294.43,962.40,-10.98,-9.61,-0.56,64.65,-38.25,35.55,34.40,90.567,
01/01/2000,00:00:11.49,-74.22,-311.52,975.10,-3.05,0.98,-7.89,65.40,-40.65,36.30,34.64,90.568,
01/01/2000,00:00:11.50,-119.14,-299.32,1012.21,-1.52,-3.31,-3.90,66.75,-38.85,35.70,34.93,90.568,
01/01/2000,00:00:11.51,-129.39,-325.68,1014.65,-4.51,-17.21,-10.21,65.40,-40.65,33.30,34.40,90.533,
01/01/2000,00:00:11.52,-75.20,-318.85,963.87,-8.34,-14.56,-0.47,65.40,-40.65,33.30,34.40,90.515,
01/01/2000,00:00:11.54,-87.89,-337.40,942.38,-18.21,-7.42,3.59,65.40,-40.65,33.30,34.64,90.524,
01/01/2000,00:00:11.55,-105.96,-326.66,955.08,-20.85,3.27,9.31,65.85,-41.40,36.60,34.69,90.525,
01/01/2000,00:00:11.56,-95.21,-315.92,918.95,-25.70,20.02,14.20,63.45,-39.45,37.05,34.83,90.525,
01/01/2000,00:00:11.57,-118.16,-325.68,932.62,-26.15,29.11,10.82,64.05,-39.30,37.20,34.88,90.526,
01/01/2000,00:00:11.58,-132.32,-320.31,949.22,-28.64,37.85,6.44,66.15,-41.10,35.85,34.64,90.526,
01/01/2000,00:00:11.59,-87.89,-296.39,901.37,-29.13,42.48,16.70,64.50,-39.30,34.95,34.93,90.535,
01/01/2000,00:00:11.60,-85.45,-316.41,891.60,-37.09,67.48,16.17,64.50,-39.30,34.95,34.69,90.536,
01/01/2000,00:00:11.61,-130.37,-360.84,959.96,-21.79,83.10,7.40,64.50,-39.30,34.95,34.50,90.536,
01/01/2000,00:00:11.62,-177.73,-320.31,924.32,-6.36,83.69,8.34,67.65,-38.25,31.80,34.64,90.537,
01/01/2000,00:00:11.63,-196.29,-353.03,950.68,2.95,78.73,17.22,66.90,-38.25,30.60,34.69,90.537,
01/01/2000,00:00:11.64,-168.95,-350.59,794.43,4.10,66.79,16.32,67.50,-35.40,30.90,34.74,90.546,
01/01/2000,00:00:11.66,-204.10,-366.21,1000.49,-2.23,53.53,18.93,69.45,-34.65,26.70,34.40,90.547,
01/01/2000,00:00:11.67,-245.12,-379.39,1014.65,-2.89,38.58,11.80,70.35,-35.10,27.0,34.74,90.547,
01/01/2000,00:00:11.68,-251.95,-368.16,1003.42,-5.65,16.28,12.31,70.35,-35.10,27.0,34.83,90.547,
01/01/2000,00:00:11.69,-182.62,-351.56,944.34,-9.73,20.30,6.75,70.35,-35.10,27.0,34.83,90.548,
01/01/2000,00:00:11.70,-254.88,-366.70,956.05,-12.63,15.91,10.92,70.35,-35.55,26.25,34.83,90.548,
01/01/2000,00:00:11.71,-215.82,-365.72,905.27,-14.64,20.84,11.50,69.45,-34.95,25.95,34.64,90.557,
01/01/2000,00:00:11.72,-222.17,-374.02,955.08,-9.32,30.28,10.76,71.25,-33.75,25.20,34.83,90.558,
01/01/2000,00:00:11.73,-250.49,-359.38,981.93,-3.39,33.29,11.37,70.20,-34.20,24.45,34.64,90.549,
01/01/2000,00:00:11.74,-266.11,-370.61,973.63,-3.06,12.57,16.73,70.80,-33.15,23.25,34.74,90.558,
01/01/2000,00:00:11.75,-267.09,-364.26,1001.95,-10.52,14.18,15.62,70.80,-33.15,23.25,34.69,90.559,
01/01/2000,00:00:11.76,-257.81,-368.16,950.68,-11.40,2.59,9.03,70.80,-33.15,23.25,34.69,90.559,
01/01/2000,00:00:11.78,-257.32,-363.77,987.30,-10.19,1.07,3.61,70.20,-33.75,22.35,34.50,90.568,
01/01/2000,00:00:11.79,-279.30,-395.02,958.50,-13.51,1.57,1.45,70.05,-33.60,22.50,34.93,90.560,
01/01/2000,00:00:11.80,-239.26,-363.28,939.94,-12.42,-9.11,-0.58,70.50,-33.75,23.85,34.64,90.569,
01/01/2000,00:00:11.81,-252.44,-381.84,918.46,-6.62,-13.38,0.15,70.20,-34.95,23.85,34.69,90.569,
01/01/2000,00:00:11.82,-228.52,-388.18,905.27,-5.40,-15.26,3.11,70.35,-35.10,24.30,34.69,90.570,
01/01/2000,00:00:11.83,-223.63,-361.33,887.21,-2.77,-9.53,4.69,70.50,-34.20,22.65,34.93,90.579,
01/01/2000,00:00:11.84,-244.63,-354.98,910.16,-1.20,-1.48,4.67,70.50,-34.20,22.65,34.83,90.570,
01/01/2000,00:00:11.85,-263.18,-362.79,950.68,-0.99,2.0,0.47,69.45,-33.75,22.65,34.83,90.571,
01/01/2000,00:00:11.86,-273.44,-371.58,961.43,0.20,-4.46,3.86,71.25,-34.20,24.15,34.88,90.580,
01/01/2000,00:00:11.87,-239.75,-361.33,956.54,1.21,-8.96,-6.20,70.20,-35.40,24.45,34.69,90.589,
01/01/2000,00:00:11.88,-229.00,-368.65,926.76,2.82,-16.36,-5.56,69.15,-32.85,24.0,34.40,90.589,
01/01/2000,00:00:11.89,-260.74,-372.07,961.43,4.39,-16.47,-7.01,69.15,-33.15,23.55,34.69,90.589,
01/01/2000,00:00:11.91,-234.86,-362.79,939.45,6.29,-21.95,-4.44,67.95,-33.75,24.45,34.93,90.590,
01/01/2000,00:00:11.92,-189.45,-378.91,916.02,5.06,-21.14,-8.11,67.95,-33.75,24.45,34.64,90.590,
01/01/2000,00:00:11.93,-204.59,-377.44,921.39,4.56,-21.91,-3.44,69.45,-34.65,25.65,34.69,90.590,
01/01/2000,00:00:11.94,-218.26,-374.02,934.57,3.65,-23.31,2.18,69.45,-34.65,25.20,34.64,90.599,
01/01/2000,00:00:11.95,-328.61,-323.24,955.57,7.17,-32.53,7.23,69.0,-34.65,26.40,34.40,90.600,
01/01/2000,00:00:11.96,-218.26,-375.49,963.38,2.66,-37.21,2.47,67.20,-36.15,27.45,35.03,90.600,
01/01/2000,00:00:11.97,-214.84,-366.21,959.47,0.42,-41.34,0.21,69.0,-33.75,27.15,34.74,90.600,
01/01/2000,00:00:11.98,-192.38,-378.91,960.94,5.58,-39.78,-1.60,66.30,-34.95,28.20,34.83,90.609,
01/01/2000,00:00:11.99,-178.22,-370.12,951.66,0.11,-39.95,-3.75,66.30,-34.95,28.20,34.83,90.609,
01/01/2000,00:00:12.00,-180.18,-381.35,968.26,-3.76,-40.23,-2.63,67.95,-34.95,29.70,34.50,90.610,
