-37.1
-37.1
-37.1
-37.2
-37.2
-37.2
-37.2
-37.2
-37.2
-37.2
-37.2
-37.2
-37.2
-37.2
-37.3
-37.3
-37.4
-37.5
-37.7
-37.7
-37.8
-37.8
-37.8
-37.9
-38.1
-38.3
-39.1
-42.8
-44.2
-42.0
-33.7
-25.9
-18.6
-13.3
-10.6
-12.6
-19.2
-27.8
-32.7
-37.0
-38.8
-39.3
-39.3
-40.0
-40.5
-41.0
-41.2
-44.4
-53.2
-71.2
-95.6
-103.1
-94.3
-75.9
-57.4
-38.2
-21.3
-9.5
-13.7
-34.6
-44.7
-46.8
-47.3
-48.0
-48.3
-48.3
-48.2
-49.5
-55.9
-69.3
-95.3
-109.4
-102.7
-84.2
-65.8
-46.5
-30.4
-17.0
-16.5
-33.1
-42.9
-45.8
-46.2
-46.0
-45.6
-45.7
-45.8
-46.1
-47.5
-53.2
-66.0
-90.2
-97.3
-91.4
-76.9
-60.7
-44.3
-30.5
-20.0
-17.3
-24.6
-34.6
-39.3
-40.4
-40.9
-41.5
-42.3
-42.8
-43.2
-43.7
-44.8
-47.0
-53.8
-68.4
-71.6
-64.9
-56.2
-47.8
-42.6
-42.9
-44.8
-43.8
-43.7
-43.6
-43.5
-43.5
-43.4
