-95.6
-95.6
-95.7
-95.7
-95.8
-95.8
-95.8
-95.9
-96.0
-96.0
-96.0
-96.0
-96.1
-96.2
-96.3
-96.3
-96.3
-96.3
-96.2
-96.2
-96.3
-96.3
-96.2
-96.4
-96.8
-97.5
-99.0
-102.7
-108.0
-113.7
-115.0
-111.4
-103.9
-94.1
-84.1
-75.9
-71.8
-74.3
-76.7
-81.4
-84.6
-87.0
-89.7
-91.8
-93.2
-94.8
-96.7
-99.7
-103.2
-107.8
-113.7
-121.3
-130.9
-137.9
-138.3
-130.7
-117.0
-100.9
-84.4
-71.3
-68.6
-71.1
-79.2
-85.8
-89.9
-92.3
-94.8
-97.9
-101.1
-105.4
-111.3
-119.7
-129.4
-136.5
-137.7
-129.8
-116.2
-99.3
-82.6
-70.1
-70.4
-71.7
-79.0
-85.6
-89.3
-91.6
-94.4
-97.3
-100.4
-104.2
-109.1
-116.7
-125.3
-133.3
-135.3
-129.3
-117.8
-103.7
-89.2
-75.7
-68.7
-74.5
-77.5
-82.2
-87.0
-89.5
-90.8
-92.5
-94.0
-95.8
-98.0
-100.9
-105.3
-110.5
-115.9
-122.6
-126.7
-127.7
-124.9
-119.0
-111.0
-102.0
-93.8
-87.8
-88.6
-89.8
-90.2
-89.8
-89.0
-88.5
-88.3
-88.3
-88.8
-89.1
-89.0
-88.7
-88.6
-89.0
-89.4
-89.8
-90.0
-90.3
-90.8
-91.4

