-0.052,-148.383,-0.028,0.270,-6.046,0.097
-0.049,-148.960,-0.059,0.277,-6.597,0.103
-0.047,-149.529,-0.051,0.287,-7.341,0.113
-0.046,-150.071,-0.064,0.294,-7.831,0.114
-0.047,-150.649,-0.073,0.307,-9.704,0.125
-0.057,-150.640,-0.092,0.314,-10.299,0.132
-0.068,-151.270,-0.080,0.327,-10.439,0.136
-0.085,-152.294,-0.091,0.334,-10.203,0.134
-0.093,-153.633,-0.094,0.341,-10.719,0.134
-0.095,-155.059,-0.087,0.350,-10.964,0.136
-0.090,-156.704,-0.109,0.356,-11.462,0.143
-0.087,-157.290,-0.119,0.362,-11.716,0.151
-0.088,-158.182,-0.139,0.368,-11.489,0.162
-0.086,-158.156,-0.143,0.374,-10.938,0.176
-0.088,-158.944,-0.147,0.382,-10.623,0.187
-0.089,-160.090,-0.164,0.388,-9.774,0.193
-0.088,-160.729,-0.176,0.397,-8.733,0.201
-0.088,-161.341,-0.198,0.403,-7.403,0.212
-0.085,-161.009,-0.214,0.410,-6.457,0.215
-0.083,-161.893,-0.229,0.414,-6.064,0.220
-0.082,-161.438,-0.254,0.419,-5.679,0.230
-0.081,-160.781,-0.269,0.425,-5.696,0.233
-0.083,-159.985,-0.288,0.428,-4.891,0.241
-0.083,-158.996,-0.307,0.432,-4.060,0.242
-0.084,-158.357,-0.316,0.436,-3.001,0.248
-0.081,-157.150,-0.359,0.439,-2.651,0.252
-0.079,-157.413,-0.376,0.442,-1.628,0.252
-0.079,-157.071,-0.402,0.442,-0.560,0.257
-0.072,-156.152,-0.412,0.445,1.120,0.264
-0.067,-155.496,-0.421,0.444,2.520,0.265
-0.063,-154.648,-0.434,0.445,4.016,0.266
-0.053,-154.394,-0.462,0.441,4.707,0.268
-0.047,-154.446,-0.507,0.439,5.871,0.270
-0.044,-154.569,-0.519,0.433,6.457,0.274
-0.042,-154.866,-0.515,0.430,7.367,0.268
-0.040,-155.356,-0.527,0.421,8.251,0.273
-0.037,-155.339,-0.510,0.415,9.555,0.277
-0.030,-155.426,-0.487,0.405,11.629,0.280
-0.015,-154.997,-0.445,0.390,13.160,0.280
-0.000,-154.639,-0.414,0.375,14.735,0.274
0.016,-154.411,-0.381,0.352,15.549,0.265
0.035,-153.178,-0.363,0.333,15.584,0.254
0.047,-153.107,-0.344,0.299,14.262,0.241
0.060,-151.839,-0.348,0.273,12.136,0.231
0.067,-150.535,-0.372,0.237,8.006,0.225
0.056,-148.654,-0.411,0.206,4.323,0.222
0.041,-146.816,-0.424,0.180,0.814,0.221
0.020,-144.856,-0.418,0.141,-3.203,0.227
-0.017,-142.695,-0.429,0.111,-5.477,0.226
-0.050,-141.383,-0.433,0.072,-6.939,0.235
-0.092,-139.405,-0.429,0.046,-6.755,0.236
-0.125,-138.574,-0.438,0.007,-4.681,0.232
-0.163,-137.506,-0.419,-0.021,-1.741,0.224
-0.180,-136.447,-0.396,-0.059,3.474,0.207
-0.205,-136.133,-0.385,-0.086,9.118,0.188
-0.214,-136.404,-0.369,-0.126,16.835,0.155
-0.214,-136.719,-0.347,-0.150,23.362,0.129
-0.205,-138.031,-0.332,-0.183,31.780,0.088
-0.185,-139.501,-0.354,-0.211,39.471,0.040
-0.159,-141.181,-0.335,-0.244,44.721,0.010
-0.140,-142.126,-0.315,-0.275,50.444,-0.026
-0.113,-143.167,-0.294,-0.296,53.147,-0.052
-0.081,-143.981,-0.262,-0.325,54.618,-0.081
-0.067,-144.637,-0.277,-0.357,55.729,-0.110
-0.039,-145.521,-0.255,-0.376,55.965,-0.123
-0.017,-146.606,-0.241,-0.402,54.478,-0.139
0.003,-147.122,-0.221,-0.426,52.342,-0.150
0.027,-147.893,-0.228,-0.445,50.094,-0.162
0.040,-147.884,-0.237,-0.466,46.340,-0.165
0.057,-148.374,-0.246,-0.482,42.928,-0.173
0.057,-148.444,-0.257,-0.504,37.616,-0.177
0.062,-148.610,-0.261,-0.522,31.850,-0.183
0.055,-148.312,-0.261,-0.537,27.554,-0.189
0.047,-147.717,-0.263,-0.555,21.648,-0.194
0.039,-147.464,-0.265,-0.569,17.596,-0.199
0.030,-147.324,-0.282,-0.588,12.635,-0.210
0.021,-147.385,-0.275,-0.600,7.980,-0.221
0.011,-147.648,-0.263,-0.617,5.705,-0.229
0.000,-147.534,-0.254,-0.627,3.412,-0.248
-0.009,-147.656,-0.250,-0.645,1.636,-0.262
-0.017,-147.682,-0.246,-0.661,-0.385,-0.277
-0.025,-147.928,-0.233,-0.669,-1.286,-0.294
-0.046,-147.761,-0.221,-0.681,-2.564,-0.312
-0.029,-148.356,-0.217,-0.694,-3.124,-0.332
-0.026,-149.030,-0.226,-0.702,-3.316,-0.349
-0.043,-149.292,-0.200,-0.712,-3.080,-0.366
-0.038,-149.984,-0.181,-0.721,-2.406,-0.385
-0.045,-149.958,-0.155,-0.728,-2.275,-0.400
-0.059,-150.990,-0.129,-0.735,-1.969,-0.414
-0.062,-151.708,-0.144,-0.744,-1.899,-0.429
-0.071,-151.191,-0.165,-0.751,-1.794,-0.437
-0.082,-151.366,-0.151,-0.757,-0.831,-0.445
-0.087,-151.568,-0.122,-0.764,0.420,-0.453
-0.090,-150.894,-0.104,-0.767,1.680,-0.458
-0.097,-150.622,-0.095,-0.771,3.780,-0.461
-0.099,-150.579,-0.084,-0.776,5.477,-0.461
-0.094,-149.712,-0.040,-0.778,8.234,-0.465
-0.090,-149.975,-0.020,-0.778,11.007,-0.461
-0.083,-148.908,-0.017,-0.778,12.801,-0.461
-0.075,-148.890,-0.010,-0.779,14.630,-0.457
-0.066,-148.225,0.009,-0.778,16.459,-0.456
-0.051,-147.525,0.026,-0.776,17.316,-0.457
-0.039,-147.201,0.038,-0.771,17.964,-0.459
-0.025,-147.000,0.027,-0.771,17.456,-0.458
-0.021,-145.924,-0.064,-0.769,15.041,-0.457
-0.021,-145.128,-0.055,-0.767,11.891,-0.452
-0.026,-143.054,-0.037,-0.765,10.334,-0.452
-0.033,-141.803,-0.021,-0.761,8.514,-0.454
-0.049,-139.545,-0.013,-0.761,7.332,-0.451
-0.059,-138.128,0.004,-0.761,6.431,-0.453
-0.063,-137.454,0.041,-0.754,5.801,-0.453
-0.071,-136.299,0.053,-0.750,6.247,-0.451
-0.084,-136.500,0.029,-0.743,6.239,-0.445
-0.087,-135.223,0.001,-0.741,5.626,-0.442
-0.091,-134.409,0.010,-0.730,6.221,-0.441
-0.095,-133.096,0.040,-0.723,6.948,-0.438
-0.091,-131.565,0.042,-0.714,8.155,-0.430
-0.091,-130.909,0.037,-0.706,9.310,-0.433
-0.085,-130.322,0.013,-0.700,9.608,-0.430
-0.080,-130.288,-0.014,-0.693,8.873,-0.429
-0.087,-130.471,-0.020,-0.682,7.079,-0.425
-0.102,-130.594,0.003,-0.676,6.431,-0.427
-0.112,-130.016,0.015,-0.670,5.941,-0.435
-0.122,-129.019,0.032,-0.666,5.976,-0.435
-0.124,-128.432,0.046,-0.653,6.204,-0.441
-0.120,-127.619,0.059,-0.647,7.114,-0.450
-0.115,-127.995,0.072,-0.635,8.540,-0.450
-0.112,-129.045,0.071,-0.625,9.144,-0.447
-0.112,-129.798,0.087,-0.611,9.319,-0.446
-0.114,-130.366,0.078,-0.602,9.310,-0.441
-0.111,-129.824,0.088,-0.588,9.450,-0.439
-0.103,-129.133,0.089,-0.575,8.890,-0.435
-0.098,-128.695,0.079,-0.562,7.770,-0.425
-0.095,-127.942,0.053,-0.550,7.114,-0.421
-0.097,-127.155,0.045,-0.533,6.090,-0.415
-0.093,-125.842,0.054,-0.524,5.582,-0.406
-0.091,-124.434,0.069,-0.507,4.646,-0.399
-0.089,-124.276,0.093,-0.493,4.716,-0.393
-0.089,-123.226,0.095,-0.478,4.305,-0.386
-0.086,-122.981,0.094,-0.463,4.270,-0.384
-0.088,-122.605,0.101,-0.445,3.570,-0.378
-0.079,-122.412,0.101,-0.427,2.975,-0.371
-0.075,-121.879,0.083,-0.407,1.873,-0.365
-0.069,-121.713,0.070,-0.391,0.901,-0.351
-0.069,-121.310,0.084,-0.369,-0.507,-0.342
-0.053,-120.969,0.083,-0.352,-2.651,-0.328
-0.059,-120.452,0.074,-0.330,-4.611,-0.317
-0.060,-119.446,0.080,-0.307,-6.965,-0.300
-0.066,-118.344,0.072,-0.288,-8.496,-0.290
-0.064,-117.679,0.068,-0.264,-10.325,-0.275
-0.059,-116.620,0.060,-0.244,-11.681,-0.264
-0.048,-116.445,0.057,-0.219,-12.512,-0.254
-0.044,-116.970,0.057,-0.193,-13.703,-0.242
-0.033,-118.414,0.108,-0.170,-12.784,-0.226
-0.016,-120.540,0.122,-0.138,-12.469,-0.216
-0.010,-122.308,0.095,-0.107,-13.160,-0.202
-0.003,-124.618,0.029,-0.082,-14.464,-0.178
-0.001,-126.000,-0.031,-0.043,-14.962,-0.164
0.001,-126.647,-0.060,-0.002,-15.199,-0.137
0.003,-126.875,-0.075,0.040,-15.102,-0.107
0.006,-126.577,-0.095,0.070,-14.831,-0.087
0.013,-124.486,-0.130,0.104,-14.989,-0.057
0.027,-122.028,-0.158,0.131,-15.523,-0.035
0.039,-116.769,-0.213,0.169,-16.485,-0.007
0.052,-115.255,-0.263,0.197,-17.517,0.020
0.061,-112.298,-0.291,0.235,-18.034,0.046
0.062,-109.856,-0.307,0.266,-19.364,0.084
0.063,-107.923,-0.339,0.306,-20.755,0.112
0.068,-107.476,-0.375,0.355,-23.083,0.156
0.082,-107.853,-0.456,0.390,-25.051,0.190
0.094,-107.809,-0.537,0.438,-27.335,0.230
0.094,-107.651,-0.603,0.475,-27.983,0.260
0.091,-107.599,-0.626,0.522,-29.138,0.305
0.091,-107.669,-0.748,0.552,-29.925,0.337
0.087,-107.800,-0.857,0.590,-29.654,0.376
0.081,-106.934,-0.935,0.619,-28.000,0.400
0.081,-106.120,-0.987,0.651,-24.167,0.438
0.079,-104.668,-1.090,0.671,-21.017,0.469
0.087,-103.381,-1.155,0.695,-16.905,0.500
0.095,-103.416,-1.143,0.710,-12.661,0.531
0.096,-104.659,-1.052,0.719,-6.046,0.558
0.072,-109.655,-0.692,0.721,0.744,0.572
0.016,-118.151,-0.056,0.709,9.608,0.570
-0.102,-132.633,1.073,0.674,26.626,0.534
-0.380,-177.450,3.213,0.627,40.145,0.477
-0.631,-237.396,4.201,0.500,50.619,0.356
-0.821,-286.685,3.284,0.389,34.834,0.241
-0.787,-286.685,2.159,0.324,4.550,0.112
-0.504,-286.685,1.545,0.386,-16.039,0.047
0.025,-286.685,1.136,0.464,-19.845,0.029
0.256,-286.685,0.772,0.520,-36.592,0.156
0.293,-220.587,0.016,0.533,-58.949,0.320
0.254,-167.790,-0.244,0.562,-84.298,0.505
0.162,-111.011,-0.388,0.599,-92.067,0.631
0.072,-78.662,-0.373,0.621,-87.526,0.744
-0.009,-56.577,-0.373,0.630,-78.365,0.777
-0.065,-51.546,-0.476,0.623,-69.816,0.801
-0.075,-57.146,-0.724,0.604,-60.926,0.807
-0.068,-64.435,-0.851,0.596,-52.299,0.784
-0.051,-76.221,-0.910,0.583,-47.784,0.761
0.008,-89.714,-1.019,0.575,-45.404,0.694
0.056,-105.411,-1.167,0.564,-47.696,0.629
0.083,-126.884,-1.194,0.568,-50.890,0.566
0.057,-143.850,-1.140,0.570,-54.022,0.489
0.000,-166.294,-1.107,0.565,-54.513,0.434
-0.033,-178.622,-1.050,0.559,-52.894,0.420
-0.045,-185.938,-0.919,0.553,-48.011,0.429
-0.033,-185.159,-0.874,0.530,-42.612,0.472
-0.012,-180.329,-0.851,0.507,-33.434,0.536
0.046,-168.980,-0.781,0.493,-27.046,0.572
0.115,-156.546,-0.727,0.470,-19.618,0.587
0.188,-145.320,-0.651,0.449,-15.645,0.585
0.216,-138.548,-0.635,0.429,-13.265,0.571
0.221,-130.042,-0.729,0.416,-15.330,0.546
0.199,-125.729,-0.774,0.398,-19.854,0.505
0.158,-126.061,-0.806,0.385,-23.188,0.467
0.112,-128.923,-0.853,0.371,-26.294,0.434
0.043,-134.820,-0.915,0.363,-26.819,0.420
0.003,-141.391,-0.922,0.360,-25.681,0.424
-0.029,-150.640,-0.891,0.356,-23.205,0.423
-0.052,-156.695,-0.950,0.345,-18.226,0.431
-0.082,-162.243,-1.003,0.337,-12.084,0.427
-0.090,-164.806,-0.966,0.328,-10.010,0.421
-0.089,-164.859,-0.973,0.318,-7.744,0.416
-0.095,-162.671,-0.936,0.308,-7.227,0.413
-0.094,-159.863,-0.905,0.298,-8.033,0.409
-0.090,-153.598,-0.826,0.290,-9.153,0.405
-0.087,-149.319,-0.782,0.278,-12.171,0.402
-0.078,-145.416,-0.759,0.272,-15.628,0.403
-0.083,-142.975,-0.725,0.261,-20.939,0.405
-0.094,-142.205,-0.702,0.251,-24.159,0.405
-0.107,-142.380,-0.641,0.241,-26.950,0.407
-0.106,-143.999,-0.626,0.232,-27.991,0.413
-0.102,-145.705,-0.665,0.227,-25.497,0.420
-0.098,-147.219,-0.694,0.218,-19.364,0.429
-0.070,-147.551,-0.688,0.212,-13.387,0.443
-0.047,-148.190,-0.651,0.208,-4.725,0.454
-0.003,-146.860,-0.695,0.203,2.030,0.455
0.043,-146.641,-0.700,0.192,10.089,0.452
0.102,-146.029,-0.720,0.185,15.619,0.440
0.145,-145.714,-0.724,0.174,20.493,0.424
0.194,-145.915,-0.722,0.167,22.864,0.411
0.219,-146.186,-0.723,0.160,23.896,0.392
0.241,-146.615,-0.684,0.150,24.089,0.374
0.245,-147.420,-0.691,0.144,23.914,0.356
0.245,-148.006,-0.669,0.131,21.201,0.340
0.225,-149.651,-0.602,0.127,19.530,0.327
0.205,-150.290,-0.569,0.116,18.034,0.306
0.187,-149.791,-0.538,0.107,17.692,0.290
0.180,-150.579,-0.530,0.103,17.972,0.267
0.174,-150.264,-0.507,0.096,18.812,0.250
0.159,-150.062,-0.506,0.096,20.580,0.237
0.154,-149.581,-0.481,0.088,22.103,0.221
0.147,-147.805,-0.472,0.085,23.660,0.205
0.142,-147.053,-0.443,0.082,25.585,0.192
0.140,-146.055,-0.459,0.077,26.434,0.179
0.140,-145.967,-0.463,0.073,26.407,0.171
0.135,-145.985,-0.452,0.065,26.145,0.163
0.138,-145.495,-0.427,0.064,25.331,0.153
0.146,-144.909,-0.412,0.058,23.923,0.146
0.150,-144.629,-0.354,0.056,22.304,0.144
0.145,-143.850,-0.354,0.050,18.795,0.139
0.139,-142.914,-0.275,0.048,15.759,0.141
0.133,-142.223,-0.213,0.047,13.108,0.138
0.134,-142.135,-0.173,0.044,9.879,0.134
0.141,-141.654,-0.106,0.044,7.674,0.137
0.145,-141.444,-0.042,0.031,5.110,0.136
0.153,-141.899,-0.025,0.044,3.456,0.141
0.153,-142.441,-0.031,0.043,0.779,0.141
0.150,-142.678,-0.027,0.040,-3.124,0.141
0.139,-142.712,-0.016,0.039,-6.274,0.143
0.122,-141.776,0.006,0.039,-8.846,0.144
0.106,-140.735,0.026,0.043,-11.279,0.149
0.084,-138.241,0.036,0.046,-12.618,0.151
0.072,-136.439,0.043,0.052,-12.985,0.152
0.060,-134.706,0.042,0.054,-13.038,0.151
0.053,-134.461,0.067,0.061,-12.530,0.155
0.049,-135.292,0.045,0.070,-11.314,0.159
0.047,-136.133,0.009,0.073,-10.404,0.162
0.049,-137.760,0.023,0.079,-9.336,0.165
0.051,-138.714,-0.025,0.081,-9.310,0.168
0.038,-139.580,-0.020,0.086,-9.520,0.172
0.011,-140.709,-0.010,0.088,-8.234,0.175
0.004,-140.971,-0.036,0.091,-5.294,0.183
0.022,-141.470,-0.049,0.097,-1.111,0.189
0.076,-131.731,-0.105,0.101,0.280,0.184
0.103,-123.637,-0.137,0.100,-1.715,0.104
0.063,-141.330,-0.028,0.108,-5.338,0.079
-0.028,-136.281,-0.056,0.114,-6.501,0.119
-0.026,-133.026,-0.063,0.114,-3.220,0.097
-0.045,-143.894,-0.056,0.121,0.298,0.100
-0.043,-146.160,-0.063,0.133,5.093,0.123
0.047,-148.943,-0.074,0.136,6.361,0.122
0.013,-157.334,-0.011,0.143,5.381,0.163
0.021,-151.182,-0.037,0.152,4.489,0.203
0.065,-146.221,-0.046,0.158,2.695,0.209
0.097,-140.254,-0.094,0.158,-2.126,0.204
0.087,-132.904,-0.095,0.160,-7.035,0.200
0.070,-130.961,-0.088,0.166,-11.568,0.196
0.068,-131.294,-0.086,0.172,-15.531,0.196
0.056,-140.289,-0.021,0.184,-17.413,0.227
0.029,-143.220,-0.008,0.188,-18.427,0.251
0.025,-142.660,-0.026,0.187,-17.360,0.262
0.052,-139.545,-0.034,0.191,-15.391,0.248
0.052,-139.361,-0.033,0.195,-14.184,0.240
0.052,-140.962,-0.058,0.198,-13.458,0.232
0.050,-139.904,-0.067,0.203,-11.996,0.230
0.051,-141.146,-0.058,0.208,-10.264,0.234
0.053,-141.663,-0.034,0.215,-8.864,0.244
0.058,-140.726,-0.060,0.219,-7.184,0.240
0.059,-137.812,-0.104,0.224,-5.057,0.239
0.063,-136.027,-0.107,0.232,-1.619,0.250
0.067,-135.179,-0.106,0.237,0.569,0.257
0.071,-136.386,-0.121,0.243,2.931,0.257
0.076,-138.128,-0.120,0.249,5.049,0.254
0.090,-140.429,-0.104,0.254,5.740,0.244
0.088,-142.432,-0.130,0.255,5.136,0.240
0.081,-143.054,-0.156,0.256,3.430,0.241
0.074,-143.027,-0.125,0.261,1.505,0.245
0.066,-139.685,-0.142,0.260,-0.359,0.255
0.060,-137.191,-0.107,0.265,-0.551,0.263
0.059,-136.649,-0.099,0.269,0.149,0.269
0.051,-137.462,-0.087,0.278,1.575,0.270
0.063,-139.020,-0.094,0.282,3.474,0.271
0.066,-140.639,-0.103,0.286,5.119,0.265
0.073,-141.837,-0.094,0.293,7.088,0.269
0.082,-143.360,-0.056,0.301,9.030,0.269
0.089,-142.756,-0.045,0.304,10.474,0.277
0.099,-141.190,-0.026,0.310,12.574,0.284
0.112,-139.554,0.022,0.318,14.035,0.291
0.118,-140.114,-0.054,0.326,14.131,0.296
0.093,-141.916,0.035,0.335,13.300,0.300
0.077,-141.199,0.131,0.344,15.837,0.252
0.080,-141.523,0.128,0.360,13.064,0.291
0.045,-137.664,0.103,0.361,12.399,0.300
0.029,-135.284,0.121,0.378,13.948,0.307
0.026,-133.280,0.130,0.395,14.717,0.306
0.023,-132.379,0.094,0.407,14.210,0.305
-0.000,-134.330,0.114,0.427,14.595,0.310
-0.033,-136.010,0.106,0.447,15.890,0.312
-0.053,-137.900,0.066,0.465,17.710,0.309
-0.041,-139.930,0.052,0.484,19.941,0.316
-0.029,-142.432,0.070,0.502,22.059,0.326
-0.034,-144.454,0.064,0.520,23.914,0.336
-0.036,-145.626,0.003,0.542,24.036,0.339
-0.043,-146.982,-0.044,0.557,24.211,0.344
-0.034,-147.280,0.015,0.580,27.790,0.347
-0.022,-146.519,0.076,0.598,31.202,0.351
0.003,-148.409,0.054,0.610,32.016,0.354
0.043,-151.743,0.075,0.621,31.693,0.356
0.057,-152.792,0.033,0.632,30.923,0.359
0.053,-151.839,-0.024,0.643,31.448,0.364
0.057,-150.701,-0.012,0.655,33.049,0.360
0.074,-151.410,-0.003,0.669,32.909,0.358
0.099,-152.539,-0.128,0.674,31.176,0.358
0.122,-153.169,-0.191,0.680,30.065,0.363
0.128,-156.223,-0.227,0.695,29.435,0.368
0.135,-158.139,-0.297,0.701,28.210,0.369
0.136,-159.469,-0.377,0.711,24.640,0.372
0.126,-160.729,-0.491,0.722,22.006,0.376
0.100,-163.669,-0.549,0.732,21.026,0.370
0.070,-166.810,-0.572,0.740,21.788,0.360
0.064,-169.566,-0.586,0.746,21.149,0.348
0.082,-171.587,-0.620,0.749,17.946,0.340
0.125,-177.354,-0.656,0.751,17.343,0.329
0.127,-183.610,-0.652,0.760,16.642,0.323
0.080,-187.355,-0.716,0.760,12.486,0.317
0.026,-186.375,-0.737,0.758,5.084,0.308
-0.032,-182.779,-0.745,0.755,1.181,0.291
-0.123,-178.561,-0.702,0.756,-1.741,0.276
-0.176,-174.344,-0.627,0.755,-4.034,0.264
-0.220,-170.590,-0.554,0.757,-4.751,0.268
-0.226,-168.884,-0.549,0.762,-3.273,0.266
-0.219,-166.434,-0.550,0.769,-1.067,0.272
-0.212,-166.451,-0.521,0.782,3.194,0.271
-0.204,-165.716,-0.479,0.789,7.149,0.274
-0.207,-167.387,-0.500,0.797,10.124,0.269
-0.195,-170.494,-0.458,0.806,11.629,0.264
-0.202,-172.708,-0.409,0.821,15.146,0.261
-0.204,-175.333,-0.485,0.824,15.094,0.255
-0.138,-175.613,-0.446,0.828,18.760,0.236
0.035,-182.438,-0.082,0.852,31.316,0.211
0.119,-196.035,-0.090,0.863,35.368,0.179
0.120,-213.124,-0.402,0.853,25.139,0.161
0.041,-222.618,-0.529,0.848,9.336,0.137
-0.094,-227.544,-0.507,0.853,6.379,0.129
-0.268,-226.704,-0.256,0.860,5.005,0.106
-0.338,-224.262,-0.094,0.861,1.873,0.070
-0.345,-220.413,-0.007,0.857,-1.881,0.055
-0.355,-218.076,-0.092,0.849,-2.030,0.049
-0.375,-213.089,-0.134,0.846,-1.067,0.054
-0.403,-210.315,0.012,0.859,3.404,0.073
-0.456,-204.977,0.038,0.854,7.499,0.085
-0.485,-201.084,0.109,0.855,11.559,0.096
-0.489,-197.960,0.204,0.856,21.691,0.105
-0.465,-196.648,0.404,0.859,31.526,0.106
-0.432,-194.688,0.520,0.874,45.491,0.102
-0.359,-193.769,0.735,0.864,56.026,0.100
-0.290,-195.160,0.894,0.862,65.651,0.081
-0.204,-197.234,1.001,0.859,76.641,0.053
-0.081,-198.363,1.094,0.854,83.291,0.034
-0.005,-199.824,1.119,0.843,88.393,0.018
0.088,-198.923,1.140,0.831,90.904,0.001
0.148,-198.231,1.193,0.821,92.059,-0.012
0.192,-195.204,1.242,0.809,93.144,-0.004
0.236,-191.599,1.236,0.793,93.931,0.013
0.247,-188.274,1.150,0.755,94.981,0.025
0.252,-181.729,1.048,0.747,88.603,0.039
0.278,-178.150,0.811,0.741,72.887,0.069
0.309,-174.571,0.591,0.746,39.191,0.145
0.368,-170.783,0.353,0.767,6.309,0.220
0.429,-168.149,-0.176,0.787,-26.845,0.297
0.517,-165.489,-0.821,0.828,-64.304,0.408
0.631,-166.189,-1.333,0.878,-79.511,0.491
0.683,-170.494,-1.480,0.955,-86.546,0.604
0.726,-173.906,-1.699,0.988,-86.800,0.682
0.686,-188.720,-1.893,0.993,-93.441,0.734
0.628,-198.625,-1.588,0.977,-96.985,0.748
0.564,-207.926,-0.991,0.968,-97.598,0.740
0.475,-223.125,-0.589,0.933,-104.676,0.745
0.384,-230.720,-0.632,0.851,-98.674,0.745
0.160,-238.796,-0.507,0.796,-77.700,0.746
-0.029,-242.113,-0.157,0.746,-51.240,0.715
-0.160,-245.158,0.248,0.703,-48.396,0.638
-0.145,-237.309,-0.076,0.637,-59.841,0.599
-0.068,-226.625,-0.584,0.590,-70.018,0.593
-0.040,-213.841,-1.087,0.557,-65.581,0.634
-0.088,-201.241,-1.201,0.543,-41.178,0.682
-0.193,-179.900,-1.215,0.525,-18.130,0.691
-0.258,-166.731,-1.145,0.511,7.963,0.679
-0.283,-150.964,-0.978,0.509,25.419,0.681
-0.258,-140.989,-0.996,0.490,52.421,0.677
-0.198,-132.886,-0.987,0.474,74.121,0.662
-0.113,-128.669,-0.997,0.437,104.965,0.598
0.002,-130.025,-0.965,0.405,127.426,0.485
0.123,-129.106,-0.998,0.342,151.620,0.395
0.258,-128.126,-1.025,0.297,163.870,0.271
0.341,-126.761,-1.025,0.236,171.789,0.183
0.449,-123.839,-1.042,0.180,171.631,0.074
0.532,-120.374,-1.168,0.100,163.441,0.003
0.609,-116.357,-1.179,0.042,153.685,-0.079
0.680,-112.341,-1.167,-0.029,139.291,-0.126
0.713,-106.339,-1.142,-0.094,121.677,-0.168
0.762,-101.106,-1.196,-0.145,105.910,-0.206
0.791,-96.451,-1.148,-0.222,83.195,-0.251
0.786,-92.698,-1.157,-0.277,62.335,-0.287
0.779,-91.079,-1.193,-0.357,45.719,-0.291
0.773,-88.594,-1.314,-0.411,24.211,-0.263
0.756,-83.851,-1.433,-0.490,8.137,-0.234
0.721,-80.719,-1.409,-0.545,-8.470,-0.221
0.676,-78.969,-1.341,-0.609,-27.589,-0.215
0.642,-78.864,-1.385,-0.678,-40.653,-0.227
0.597,-75.871,-1.358,-0.735,-49.621,-0.239
0.561,-74.865,-1.288,-0.800,-62.186,-0.250
0.501,-73.622,-1.232,-0.858,-70.332,-0.265
0.475,-73.264,-1.366,-0.946,-82.005,-0.283
0.421,-70.035,-1.567,-1.011,-87.728,-0.306
0.369,-65.494,-1.454,-1.074,-94.535,-0.333
0.352,-63.009,-1.309,-1.129,-99.601,-0.383
0.325,-60.541,-1.284,-1.178,-99.374,-0.431
0.304,-58.949,-1.330,-1.249,-98.499,-0.494
0.274,-56.735,-1.332,-1.295,-99.645,-0.567
0.266,-55.213,-1.390,-1.356,-99.908,-0.631
0.262,-54.198,-1.465,-1.412,-98.184,-0.717
0.249,-53.042,-1.529,-1.452,-96.162,-0.789
0.233,-52.281,-1.570,-1.504,-93.581,-0.897
0.232,-52.386,-1.579,-1.540,-92.024,-0.973
0.226,-52.876,-1.589,-1.589,-88.200,-1.074
0.216,-53.734,-1.604,-1.624,-84.332,-1.169
0.219,-59.605,-1.608,-1.673,-81.174,-1.235
0.222,-59.815,-1.635,-1.720,-77.613,-1.308
0.228,-64.243,-1.709,-1.750,-75.040,-1.359
0.215,-66.115,-1.743,-1.795,-72.012,-1.428
0.210,-69.580,-1.712,-1.825,-69.466,-1.491
0.191,-71.164,-1.717,-1.865,-65.520,-1.531
0.178,-73.036,-1.706,-1.904,-61.469,-1.590
0.152,-77.149,-1.692,-1.931,-57.794,-1.620
0.124,-80.824,-1.688,-1.970,-51.581,-1.659
0.097,-86.030,-1.733,-1.993,-45.754,-1.683
0.083,-90.160,-1.776,-1.999,-35.901,-1.704
0.075,-96.355,-1.796,-1.999,-23.931,-1.718
0.075,-103.022,-1.866,-1.999,-14.805,-1.723
0.078,-108.202,-1.895,-1.999,-2.747,-1.717
0.087,-115.089,-1.788,-1.999,5.049,-1.704
0.106,-121.441,-1.736,-1.999,15.619,-1.684
0.142,-128.292,-1.743,-1.999,25.690,-1.657
0.185,-135.380,-1.831,-1.999,32.349,-1.635
0.229,-140.534,-1.931,-1.999,38.824,-1.591
0.280,-145.827,-1.979,-1.999,43.321,-1.557
0.314,-148.628,-1.986,-1.999,47.014,-1.495
0.330,-151.891,-1.946,-1.999,47.854,-1.411
0.322,-154.018,-1.896,-1.999,45.010,-1.383
0.312,-156.336,-1.838,-1.999,39.384,-1.321
0.286,-158.279,-1.669,-1.999,35.280,-1.283
0.277,-161.954,-1.600,-1.999,28.892,-1.236
0.272,-166.626,-1.718,-1.999,22.593,-1.207
0.270,-170.205,-1.771,-1.999,16.651,-1.168
0.274,-173.565,-1.753,-1.999,11.489,-1.133
0.264,-176.435,-1.709,-1.999,8.802,-1.108
0.236,-178.894,-1.675,-1.999,5.915,-1.076
0.177,-183.592,-1.647,-1.999,4.104,-1.054
0.130,-187.232,-1.615,-1.999,2.966,-1.012
0.072,-191.074,-1.574,-1.999,2.257,-0.971
0.032,-191.363,-1.571,-1.999,2.879,-0.900
-0.026,-186.550,-1.544,-1.979,3.386,-0.842
-0.033,-182.499,-1.496,-1.903,2.275,-0.751
-0.058,-173.854,-1.536,-1.843,0.779,-0.681
-0.070,-164.124,-1.511,-1.751,3.019,-0.579
-0.068,-153.755,-1.457,-1.671,7.490,-0.501
-0.051,-143.509,-1.392,-1.565,14.446,-0.446
-0.048,-133.648,-1.353,-1.456,18.847,-0.369
-0.044,-118.213,-1.338,-1.373,21.604,-0.312
0.004,-111.606,-1.244,-1.248,27.825,-0.245
0.024,-104.335,-1.135,-1.106,34.842,-0.159
0.122,-100.371,-1.164,-1.000,39.568,-0.102
0.180,-95.244,-1.201,-0.863,43.925,-0.010
0.159,-87.588,-1.042,-0.744,48.037,0.066
0.189,-85.724,-0.989,-0.589,54.749,0.157
0.245,-81.375,-0.981,-0.478,58.678,0.225
0.263,-80.955,-0.983,-0.317,61.233,0.315
0.236,-82.198,-1.030,-0.195,60.279,0.371
0.223,-83.431,-1.044,-0.080,57.409,0.407
0.233,-85.181,-1.059,0.075,52.544,0.423
0.240,-87.264,-1.181,0.184,47.478,0.443
0.250,-87.841,-1.196,0.291,42.936,0.478
0.262,-89.285,-1.230,0.428,40.425,0.501
0.284,-92.006,-1.306,0.518,36.251,0.526
0.320,-97.536,-1.372,0.636,28.507,0.565
0.349,-105.691,-1.410,0.704,19.618,0.597
0.397,-118.650,-1.250,0.768,9.993,0.619
0.404,-128.266,-0.704,0.840,-1.365,0.639
0.332,-148.837,0.961,0.887,-6.020,0.621
0.210,-181.064,2.139,0.910,-13.291,0.523
0.055,-236.355,1.794,0.838,-59.999,0.375
-0.270,-286.685,0.425,0.719,-131.924,0.185
-0.563,-286.685,0.143,0.667,-224.814,-0.139
-0.571,-286.685,0.615,0.700,-274.759,-0.469
-0.026,-286.685,0.668,0.694,-286.703,-0.539
0.331,-286.685,0.171,0.656,-286.720,-0.338
0.534,-196.245,-0.623,0.613,-286.720,-0.106
0.486,-123.812,-1.155,0.607,-286.720,0.091
0.232,-78.479,-1.401,0.590,-286.720,0.365
-0.110,-32.778,-1.497,0.613,-286.720,0.539
-0.308,-11.401,-1.286,0.651,-286.720,0.673
-0.428,-10.159,-0.948,0.677,-286.720,0.744
-0.455,-41.571,-0.904,0.713,-276.483,0.839
-0.252,-86.327,-1.117,0.759,-237.991,0.926
0.051,-147.534,-1.684,0.794,-220.290,1.018
0.223,-180.294,-2.094,0.821,-207.629,1.117
0.337,-210.455,-2.156,0.837,-199.596,1.136
0.316,-224.744,-1.917,0.842,-196.175,1.103
0.248,-226.188,-1.713,0.826,-202.318,1.033
0.107,-203.779,-1.795,0.760,-204.120,0.956
-0.081,-182.962,-1.779,0.706,-198.118,0.826
-0.359,-166.066,-1.528,0.694,-185.999,0.745
-0.532,-149.660,-1.305,0.670,-161.262,0.650
-0.618,-138.215,-1.159,0.643,-124.766,0.581
-0.677,-129.307,-1.027,0.628,-93.625,0.559
-0.660,-126.674,-1.022,0.624,-53.559,0.569
-0.609,-126.875,-1.067,0.623,-15.706,0.619
-0.536,-131.224,-1.139,0.627,11.751,0.629
-0.485,-131.163,-1.171,0.626,41.711,0.646
-0.434,-131.259,-1.174,0.619,59.920,0.667
-0.392,-134.085,-1.170,0.615,80.334,0.698
-0.314,-144.655,-1.170,0.612,91.875,0.718
-0.238,-153.134,-1.201,0.590,101.762,0.718
-0.124,-160.904,-1.231,0.571,107.257,0.706
-0.047,-163.363,-1.245,0.543,110.232,0.679
0.072,-166.215,-1.233,0.525,107.450,0.659
0.142,-165.699,-1.243,0.499,97.554,0.634
0.221,-161.954,-1.239,0.477,85.216,0.620
0.284,-158.804,-1.209,0.449,63.823,0.597
0.345,-154.227,-1.155,0.431,44.809,0.587
0.373,-152.521,-1.115,0.394,18.288,0.590
0.389,-148.339,-1.101,0.377,-0.210,0.589
0.373,-145.731,-1.048,0.353,-17.369,0.588
0.347,-143.631,-0.960,0.325,-37.748,0.587
0.304,-142.511,-0.870,0.308,-50.969,0.581
0.262,-143.395,-0.768,0.285,-63.884,0.569
0.218,-145.679,-0.642,0.271,-70.088,0.561
0.187,-147.061,-0.529,0.255,-74.830,0.551
0.147,-151.051,-0.466,0.244,-76.764,0.531
0.114,-153.204,-0.395,0.232,-75.198,0.517
0.052,-154.044,-0.400,0.228,-70.595,0.495
-0.010,-152.915,-0.300,0.220,-59.570,0.481
-0.094,-149.852,-0.252,0.221,-43.505,0.464
-0.172,-145.854,-0.217,0.219,-28.420,0.450
-0.214,-143.561,-0.190,0.225,-3.308,0.424
-0.224,-141.356,-0.153,0.231,17.491,0.409
-0.199,-139.414,-0.153,0.236,46.489,0.387
-0.140,-138.092,-0.159,0.242,67.130,0.375
-0.082,-137.165,-0.171,0.250,89.714,0.371
0.008,-138.504,-0.115,0.255,102.839,0.364
0.051,-139.667,-0.114,0.257,113.628,0.356
0.094,-143.098,-0.095,0.258,117.136,0.340
0.126,-143.806,-0.057,0.254,116.961,0.325
0.181,-144.279,0.023,0.256,113.216,0.308
0.235,-143.780,0.051,0.251,103.582,0.299
0.294,-142.415,0.064,0.248,93.739,0.295
0.319,-140.184,-0.004,0.243,81.524,0.296
0.328,-138.766,-0.040,0.238,62.790,0.294
0.331,-137.681,0.011,0.235,49.717,0.288
0.338,-136.281,0.036,0.227,30.634,0.281
0.341,-133.105,-0.025,0.221,14.534,0.283
0.311,-132.816,-0.071,0.214,0.018,0.294
0.269,-133.324,-0.049,0.211,-14.849,0.302
0.205,-132.921,-0.008,0.210,-22.837,0.307
0.160,-133.779,-0.012,0.210,-30.091,0.312
0.111,-136.150,-0.023,0.216,-32.489,0.322
0.077,-137.462,-0.052,0.220,-31.535,0.332
0.042,-138.827,-0.053,0.226,-28.061,0.337
0.023,-139.667,-0.047,0.234,-20.571,0.335
0.005,-140.954,-0.054,0.240,-14.717,0.335
0.000,-141.872,-0.094,0.243,-7.989,0.328
-0.041,-142.144,-0.087,0.247,-2.818,0.323
0.021,-140.420,-0.038,0.243,-1.356,0.309
-0.033,-143.579,-0.208,0.261,13.239,0.322
-0.075,-143.045,-0.178,0.269,24.798,0.311
0.019,-139.746,-0.011,0.275,32.042,0.297
0.066,-142.914,0.024,0.272,33.294,0.300
0.128,-143.220,-0.164,0.261,34.396,0.286
0.163,-145.101,-0.147,0.275,37.091,0.288
0.184,-145.057,-0.064,0.282,37.214,0.287
0.190,-144.812,-0.105,0.279,33.233,0.284
0.196,-143.789,-0.140,0.277,25.436,0.281
0.198,-143.211,-0.146,0.280,20.851,0.281
0.185,-142.984,-0.109,0.282,17.045,0.284
0.160,-142.170,-0.069,0.285,12.110,0.281
0.129,-143.054,-0.030,0.290,7.744,0.279
0.108,-143.622,0.004,0.294,3.036,0.283
0.084,-143.710,0.029,0.301,1.269,0.288
0.058,-143.281,0.039,0.304,0.691,0.289
0.039,-143.771,0.085,0.311,-0.464,0.299
0.023,-142.818,0.089,0.321,2.730,0.303
0.002,-140.569,0.147,0.332,3.517,0.309
0.006,-139.580,0.115,0.339,5.836,0.318
0.013,-137.288,0.205,0.350,10.605,0.329
0.024,-135.012,0.211,0.363,14.472,0.340
0.044,-133.928,0.236,0.377,17.561,0.348
0.058,-136.456,0.243,0.392,20.676,0.357
0.069,-137.454,0.271,0.409,22.558,0.361
0.081,-137.708,0.258,0.421,23.931,0.370
0.080,-138.583,0.252,0.453,24.369,0.375
0.085,-139.274,0.239,0.453,23.975,0.381
0.098,-140.306,0.225,0.463,23.476,0.387
0.106,-140.385,0.209,0.475,21.805,0.398
0.094,-142.625,0.147,0.487,21.052,0.409
0.066,-144.909,0.141,0.500,21.000,0.414
0.066,-148.277,0.104,0.509,20.256,0.435
0.105,-148.085,0.247,0.519,26.889,0.453
0.174,-146.598,0.262,0.529,31.999,0.478
0.231,-145.845,0.139,0.528,32.235,0.502
0.257,-149.249,0.133,0.543,33.757,0.531
0.212,-152.539,0.114,0.554,36.417,0.550
0.139,-151.988,0.128,0.567,39.191,0.544
0.043,-150.045,0.143,0.578,41.458,0.532
-0.015,-149.012,0.121,0.595,45.054,0.515
-0.037,-149.432,0.080,0.622,51.371,0.492
-0.032,-148.759,0.075,0.641,55.842,0.479
-0.015,-147.814,0.060,0.661,59.658,0.466
-0.014,-147.210,-0.006,0.674,60.217,0.466
-0.034,-148.006,-0.044,0.685,58.126,0.463
-0.063,-149.266,-0.069,0.710,55.816,0.458
-0.086,-151.174,-0.079,0.723,53.436,0.454
-0.103,-156.747,-0.056,0.744,50.986,0.450
-0.109,-159.696,-0.084,0.758,46.410,0.434
-0.121,-163.205,-0.128,0.778,42.166,0.431
-0.137,-165.016,-0.144,0.807,37.126,0.424
-0.149,-166.390,-0.151,0.812,32.751,0.423
-0.158,-168.560,-0.161,0.841,26.285,0.417
-0.170,-169.374,-0.201,0.840,21.656,0.414
-0.178,-170.170,-0.218,0.859,16.441,0.409
-0.191,-171.325,-0.207,0.873,13.484,0.406
-0.199,-172.944,-0.205,0.890,9.922,0.407
-0.215,-175.761,-0.223,0.900,6.983,0.404
-0.221,-176.523,-0.238,0.912,5.241,0.403
-0.230,-177.905,-0.254,0.930,3.640,0.406
-0.249,-178.911,-0.224,0.942,2.642,0.412
-0.252,-177.266,-0.179,0.960,4.156,0.419
-0.248,-176.864,-0.123,0.972,5.206,0.425
-0.248,-175.822,-0.127,0.981,6.195,0.428
-0.231,-178.649,-0.188,0.994,6.948,0.429
-0.165,-179.602,-0.171,1.002,10.097,0.424
-0.055,-182.079,0.003,1.021,21.499,0.404
0.052,-191.651,0.169,1.043,30.179,0.386
0.069,-199.999,0.043,1.050,28.726,0.366
0.026,-209.493,-0.099,1.051,23.949,0.349
-0.052,-216.283,0.004,1.068,21.648,0.330
-0.148,-220.482,0.192,1.078,19.845,0.318
-0.279,-224.315,0.463,1.090,17.605,0.316
-0.360,-226.511,0.638,1.100,12.311,0.337
-0.436,-228.357,0.761,1.103,9.555,0.371
-0.544,-226.730,0.861,1.118,10.386,0.434
-0.653,-223.965,0.990,1.136,16.599,0.467
-0.757,-225.225,1.212,1.155,24.159,0.504
-0.836,-224.271,1.386,1.181,37.397,0.571
-0.890,-219.765,1.588,1.197,50.164,0.606
-0.880,-217.053,1.752,1.218,73.973,0.626
-0.793,-216.151,1.900,1.232,95.007,0.624
-0.658,-216.326,1.956,1.238,115.456,0.607
-0.490,-218.260,1.936,1.251,141.260,0.593
-0.245,-220.964,1.842,1.253,154.219,0.575
-0.040,-222.425,1.571,1.237,163.949,0.546
0.222,-221.322,1.365,1.217,171.133,0.508
0.411,-220.133,1.180,1.210,179.673,0.498
0.654,-219.651,0.933,1.210,180.810,0.511
0.799,-215.976,0.877,1.161,176.575,0.544
0.943,-210.280,0.830,1.103,168.333,0.552
1.011,-208.863,0.303,0.970,140.455,0.543
1.093,-197.173,-0.985,0.862,104.878,0.520
1.147,-186.428,-2.147,0.785,37.993,0.503
1.190,-177.520,-2.765,0.770,-29.776,0.545
1.207,-166.014,-2.460,0.806,-92.382,0.653
1.168,-154.402,-2.056,0.824,-162.102,0.729
0.967,-148.584,-1.786,0.806,-187.898,0.788
0.506,-160.151,-1.313,0.754,-168.534,0.762
0.048,-166.294,-0.831,0.671,-130.506,0.685
-0.430,-183.461,-0.346,0.602,-117.355,0.613
-0.614,-205.056,-0.017,0.546,-118.037,0.559
-0.664,-243.443,-0.149,0.473,-114.275,0.509
-0.594,-268.914,-0.675,0.391,-104.073,0.467
-0.543,-273.814,-0.755,0.325,-80.552,0.431
-0.478,-259.875,-0.740,0.281,-49.044,0.412
-0.429,-226.704,-1.029,0.190,-22.558,0.401
-0.414,-197.785,-1.192,0.105,7.149,0.359
-0.373,-167.379,-1.263,0.066,25.095,0.320
-0.336,-152.836,-1.281,0.022,47.031,0.281
-0.261,-138.075,-1.251,-0.011,66.316,0.243
-0.237,-131.495,-1.153,-0.061,91.919,0.176
-0.192,-127.776,-1.006,-0.101,109.279,0.122
-0.138,-126.052,-0.981,-0.165,128.852,0.046
0.020,-121.109,-1.015,-0.234,141.531,-0.015
0.126,-116.165,-1.143,-0.290,146.895,-0.019
0.223,-112.656,-1.216,-0.347,150.631,-0.016
0.299,-116.366,-1.140,-0.384,149.607,-0.039
0.386,-116.139,-1.195,-0.444,145.792,-0.060
0.435,-110.250,-1.324,-0.535,138.451,-0.068
0.474,-105.656,-1.327,-0.610,128.879,-0.061
0.517,-100.721,-1.231,-0.658,119.840,-0.064
0.544,-94.780,-1.259,-0.735,106.444,-0.059
0.567,-92.435,-1.308,-0.793,92.050,-0.044
0.569,-91.507,-1.340,-0.859,79.809,-0.020
0.547,-92.628,-1.371,-0.919,63.805,0.018
0.504,-93.966,-1.408,-0.969,51.537,0.041
0.490,-94.946,-1.404,-1.018,40.583,0.063
0.476,-97.073,-1.395,-1.075,27.099,0.073
0.452,-99.785,-1.459,-1.128,16.021,0.078
0.415,-101.885,-1.511,-1.196,1.592,0.085
0.352,-103.626,-1.480,-1.238,-6.878,0.077
0.303,-103.276,-1.440,-1.298,-17.439,0.043
0.239,-103.530,-1.419,-1.342,-22.724,0.013
0.186,-105.026,-1.476,-1.394,-26.486,-0.024
0.107,-105.079,-1.503,-1.429,-27.816,-0.073
0.058,-103.784,-1.478,-1.474,-27.676,-0.113
0.046,-102.664,-1.476,-1.519,-26.976,-0.191
0.030,-100.905,-1.510,-1.551,-23.354,-0.279
0.016,-99.234,-1.542,-1.593,-18.069,-0.349
0.007,-98.262,-1.571,-1.634,-12.836,-0.436
0.003,-97.423,-1.633,-1.658,-8.137,-0.509
-0.003,-97.107,-1.650,-1.693,-2.572,-0.603
-0.005,-97.300,-1.650,-1.721,1.435,-0.676
-0.003,-97.982,-1.652,-1.756,8.715,-0.772
0.009,-98.586,-1.654,-1.784,13.685,-0.826
0.029,-99.960,-1.628,-1.815,20.011,-0.900
0.052,-99.969,-1.583,-1.840,24.535,-0.937
0.072,-102.900,-1.562,-1.865,29.321,-0.986
0.091,-104.755,-1.557,-1.887,32.358,-1.021
0.122,-107.135,-1.520,-1.912,34.545,-1.043
0.135,-109.734,-1.497,-1.935,36.584,-1.070
0.139,-114.205,-1.497,-1.951,37.135,-1.089
0.147,-118.090,-1.528,-1.974,36.934,-1.115
0.145,-122.990,-1.497,-1.987,37.345,-1.137
0.135,-129.124,-1.501,-1.998,38.763,-1.162
0.134,-132.178,-1.511,-1.999,39.917,-1.180
0.137,-136.482,-1.536,-1.999,40.994,-1.193
0.137,-140.315,-1.549,-1.999,42.682,-1.198
0.144,-144.462,-1.546,-1.999,43.041,-1.197
0.147,-147.726,-1.557,-1.999,43.033,-1.185
0.149,-151.734,-1.571,-1.999,42.193,-1.167
0.147,-154.464,-1.572,-1.999,40.478,-1.151
0.138,-155.628,-1.559,-1.999,38.054,-1.116
0.125,-157.264,-1.551,-1.999,35.787,-1.090
0.113,-157.614,-1.524,-1.999,32.217,-1.045
0.100,-158.988,-1.463,-1.999,28.709,-1.003
0.096,-160.011,-1.440,-1.999,22.759,-0.973
0.100,-162.199,-1.445,-1.999,15.776,-0.938
0.092,-162.435,-1.442,-1.999,11.051,-0.919
0.085,-162.785,-1.422,-1.999,6.335,-0.885
0.062,-162.531,-1.390,-1.999,4.174,-0.861
0.050,-161.919,-1.349,-1.999,2.931,-0.829
0.039,-159.320,-1.286,-1.986,3.666,-0.800
0.041,-158.462,-1.295,-1.945,5.959,-0.760
0.047,-158.104,-1.323,-1.909,8.006,-0.723
0.064,-157.220,-1.349,-1.855,12.075,-0.673
0.087,-154.849,-1.388,-1.813,15.610,-0.632
0.096,-152.163,-1.415,-1.754,19.066,-0.585
0.118,-149.599,-1.458,-1.695,19.845,-0.540
0.118,-144.226,-1.533,-1.648,19.574,-0.506
0.110,-142.292,-1.552,-1.578,19.224,-0.458
0.097,-140.087,-1.536,-1.520,19.198,-0.421
0.064,-137.655,-1.506,-1.439,19.705,-0.354
0.024,-131.792,-1.429,-1.372,22.234,-0.294
0.052,-122.911,-1.421,-1.278,26.031,-0.246
0.049,-114.940,-1.402,-1.174,31.334,-0.178
0.026,-105.210,-1.324,-1.084,35.674,-0.124
0.049,-99.444,-1.271,-0.963,40.731,-0.055
0.114,-94.754,-1.202,-0.865,44.144,-0.004
0.119,-88.541,-1.166,-0.725,48.309,0.079
0.124,-81.524,-1.106,-0.615,50.943,0.129
0.149,-77.219,-1.111,-0.454,55.178,0.184
0.190,-74.848,-1.128,-0.339,56.919,0.212
0.211,-73.832,-1.114,-0.215,57.514,0.259
0.225,-71.033,-1.184,-0.051,55.597,0.293
0.230,-70.455,-1.333,0.063,52.299,0.316
0.249,-70.674,-1.401,0.213,46.576,0.331
0.276,-73.351,-1.472,0.321,42.919,0.346
0.305,-75.801,-1.553,0.422,38.535,0.370
0.334,-79.397,-1.644,0.544,32.428,0.398
0.369,-83.948,-1.717,0.627,26.898,0.418
0.401,-89.224,-1.787,0.704,20.204,0.448
0.445,-95.769,-1.810,0.801,8.549,0.469
0.509,-105.105,-1.718,0.864,0.359,0.491
0.551,-113.768,-1.458,0.919,-7.936,0.509
0.567,-124.145,-0.674,0.979,-16.074,0.521
0.421,-152.758,2.364,1.013,-19.005,0.493
0.149,-212.205,4.587,0.954,-10.824,0.346
-0.088,-286.685,3.260,0.685,-61.057,0.133
-0.539,-286.685,0.365,0.274,-232.820,-0.201
-0.957,-286.685,0.688,0.405,-286.720,-0.501
-0.206,-286.685,0.191,0.603,-286.720,-0.654
0.099,-286.685,-0.310,0.664,-286.720,-0.231
0.055,-196.394,-0.956,0.668,-286.720,0.062
0.168,-137.034,-1.696,0.671,-286.720,0.293
-0.137,-60.594,-1.895,0.679,-286.720,0.585
-0.650,5.031,-1.238,0.731,-286.720,0.769
-1.009,24.841,-1.189,0.748,-286.720,0.874
-1.203,42.787,-1.017,0.719,-286.720,0.920
-1.179,17.552,-0.954,0.719,-238.788,0.867
-1.002,-53.340,-0.347,0.788,-163.380,0.839
-0.610,-115.089,-0.439,0.879,-83.598,0.855
0.065,-154.193,-1.319,0.871,-52.316,0.914
0.550,-172.699,-2.045,0.886,-32.611,0.992
0.909,-192.290,-2.922,0.894,-30.275,1.068
0.854,-212.730,-2.878,0.928,-36.890,1.148
0.551,-236.591,-2.249,0.951,-53.034,1.189
0.328,-233.240,-1.908,0.921,-87.736,1.179
0.098,-231.735,-1.777,0.877,-105.324,1.048
-0.059,-221.585,-1.711,0.815,-107.494,0.894
-0.291,-196.875,-1.496,0.773,-95.533,0.784
-0.430,-166.005,-1.182,0.723,-69.606,0.713
-0.471,-138.110,-0.956,0.691,-37.397,0.667
-0.434,-112.726,-0.801,0.680,-11.217,0.630
-0.364,-106.391,-0.817,0.673,23.520,0.592
-0.272,-107.809,-0.924,0.677,46.349,0.575
-0.217,-112.639,-1.053,0.671,70.271,0.572
-0.188,-119.656,-1.116,0.671,83.956,0.572
-0.185,-126.245,-1.128,0.666,98.805,0.558
-0.190,-136.439,-1.063,0.665,109.515,0.551
-0.171,-143.211,-1.033,0.651,124.162,0.542
-0.073,-150.745,-0.989,0.634,135.301,0.511
0.076,-161.271,-0.949,0.607,137.629,0.484
0.209,-167.423,-1.029,0.571,131.661,0.448
0.384,-171.369,-1.138,0.542,122.159,0.437
0.498,-170.546,-1.149,0.509,106.260,0.446
0.599,-164.587,-1.124,0.484,89.495,0.463
0.643,-158.156,-1.051,0.459,57.575,0.474
0.667,-150.325,-0.959,0.422,26.854,0.479
0.654,-145.014,-0.932,0.393,-5.932,0.473
0.616,-140.928,-0.907,0.356,-47.451,0.462
0.515,-137.436,-0.831,0.336,-74.611,0.452
0.421,-135.704,-0.772,0.317,-103.661,0.443
0.290,-135.284,-0.691,0.304,-119.254,0.438
0.168,-139.484,-0.566,0.293,-130.979,0.433
0.076,-143.798,-0.483,0.287,-134.584,0.417
-0.023,-150.649,-0.347,0.284,-132.554,0.405
-0.085,-154.201,-0.293,0.278,-122.509,0.387
-0.163,-157.622,-0.205,0.272,-103.548,0.364
-0.237,-156.572,-0.100,0.274,-87.938,0.354
-0.266,-154.761,-0.043,0.275,-61.180,0.347
-0.257,-149.993,-0.042,0.276,-39.900,0.344
-0.217,-144.366,-0.062,0.279,-10.990,0.338
-0.148,-139.204,-0.091,0.282,16.459,0.329
-0.057,-135.704,-0.112,0.286,34.431,0.318
0.002,-133.971,-0.129,0.286,52.404,0.297
0.060,-134.033,-0.153,0.282,62.213,0.285
0.146,-137.113,-0.156,0.281,68.644,0.268
0.211,-139.440,-0.160,0.276,72.205,0.254
0.265,-142.231,-0.172,0.272,71.041,0.245
0.282,-143.990,-0.174,0.264,64.024,0.240
0.311,-145.294,-0.157,0.255,55.807,0.227
0.326,-146.440,-0.168,0.247,45.745,0.221
0.334,-145.723,-0.174,0.237,30.529,0.217
0.334,-144.375,-0.199,0.231,18.462,0.217
0.329,-142.984,-0.226,0.223,2.625,0.217
0.321,-140.884,-0.257,0.217,-7.997,0.213
0.255,-141.321,-0.249,0.212,-22.181,0.210
0.225,-140.726,-0.288,0.203,-29.986,0.211
0.193,-137.375,-0.346,0.199,-38.439,0.233
0.129,-134.557,-0.369,0.196,-43.549,0.243
0.078,-133.822,-0.330,0.198,-46.419,0.248
0.008,-135.240,-0.293,0.201,-46.182,0.249
-0.037,-136.736,-0.297,0.205,-43.925,0.247
-0.082,-139.921,-0.275,0.212,-40.022,0.252
-0.094,-142.012,-0.267,0.220,-31.701,0.256
-0.065,-130.970,-0.278,0.224,-24.351,0.252
-0.105,-137.270,-0.250,0.215,-15.794,0.166
-0.129,-145.530,-0.169,0.231,-8.776,0.178
-0.150,-144.366,-0.185,0.238,2.879,0.210
0.022,-161.569,-0.230,0.251,11.611,0.216
0.069,-142.826,-0.212,0.253,18.165,0.232
0.069,-155.584,-0.213,0.236,19.320,0.180
0.066,-151.751,-0.115,0.269,18.891,0.273
0.133,-143.054,-0.195,0.252,18.200,0.268
0.165,-142.012,-0.151,0.256,15.295,0.248
0.146,-138.644,-0.130,0.253,11.865,0.236
0.123,-137.428,-0.100,0.256,8.050,0.213
0.109,-140.210,-0.050,0.262,4.568,0.204
0.071,-145.434,0.010,0.270,2.511,0.212
0.047,-144.182,0.027,0.280,1.207,0.228
0.048,-145.408,0.018,0.280,1.356,0.230
0.041,-145.766,0.064,0.292,3.308,0.241
0.028,-144.419,0.119,0.299,5.443,0.246
0.013,-143.045,0.159,0.306,7.385,0.251
0.008,-140.315,0.191,0.320,11.095,0.257
0.007,-139.641,0.245,0.332,13.755,0.258
-0.007,-140.166,0.292,0.344,16.573,0.274
-0.020,-139.536,0.335,0.364,21.744,0.282
-0.028,-138.031,0.397,0.375,25.515,0.279
-0.019,-137.725,0.418,0.386,30.503,0.273
0.002,-135.975,0.449,0.399,33.574,0.277
0.021,-136.089,0.466,0.415,36.006,0.282
0.028,-137.200,0.476,0.440,37.266,0.300
0.035,-137.777,0.468,0.456,37.144,0.313
0.025,-138.863,0.464,0.472,36.995,0.320
0.013,-139.396,0.487,0.493,37.704,0.336
0.021,-138.626,0.481,0.505,37.529,0.341
0.036,-139.239,0.440,0.516,37.327,0.346
0.053,-140.980,0.462,0.532,38.325,0.361
0.101,-142.494,0.537,0.541,42.945,0.379
0.149,-143.658,0.512,0.548,45.395,0.400
0.194,-143.185,0.425,0.558,44.546,0.437
0.191,-142.371,0.351,0.574,45.876,0.471
0.161,-141.899,0.325,0.589,48.624,0.481
0.105,-140.648,0.312,0.610,52.894,0.472
0.032,-141.899,0.307,0.630,55.370,0.450
0.003,-140.744,0.258,0.647,58.502,0.418
-0.005,-141.251,0.243,0.674,63.639,0.397
-0.011,-141.986,0.190,0.694,66.946,0.384
-0.011,-141.549,0.160,0.718,68.425,0.374
-0.025,-142.546,0.101,0.733,67.856,0.371
-0.031,-143.614,0.070,0.747,66.089,0.374
-0.042,-143.500,0.002,0.767,62.597,0.372
-0.072,-147.158,-0.054,0.784,58.844,0.374
-0.117,-148.872,-0.069,0.804,54.259,0.374
-0.143,-155.068,-0.103,0.820,51.310,0.369
-0.151,-155.995,-0.158,0.834,47.338,0.358
-0.142,-155.356,-0.228,0.848,44.406,0.356
-0.137,-157.885,-0.252,0.870,40.355,0.360
-0.123,-158.865,-0.304,0.882,37.118,0.360
-0.111,-159.565,-0.358,0.897,32.051,0.356
-0.098,-161.254,-0.409,0.911,27.597,0.354
-0.096,-162.068,-0.449,0.922,21.087,0.353
-0.099,-163.292,-0.475,0.933,16.205,0.353
-0.114,-164.413,-0.506,0.946,10.255,0.355
-0.130,-163.783,-0.505,0.948,5.320,0.355
-0.146,-162.890,-0.488,0.959,3.316,0.357
-0.157,-162.461,-0.476,0.967,2.231,0.357
-0.163,-163.695,-0.486,0.974,-0.131,0.363
-0.178,-165.445,-0.515,0.980,-1.111,0.375
-0.198,-166.854,-0.528,0.990,-0.131,0.383
-0.210,-167.151,-0.538,0.993,1.094,0.399
-0.218,-167.038,-0.584,1.014,2.328,0.424
-0.213,-162.601,-0.613,1.001,4.996,0.424
-0.068,-165.489,-0.373,1.010,16.004,0.393
0.056,-177.695,-0.067,1.050,36.295,0.356
0.055,-191.887,-0.213,1.052,37.109,0.347
-0.042,-200.130,-0.459,1.048,26.031,0.332
-0.170,-211.190,-0.337,1.062,22.698,0.313
-0.267,-216.624,-0.068,1.080,25.480,0.283
-0.369,-220.202,0.240,1.087,24.763,0.272
-0.416,-218.680,0.372,1.089,21.289,0.292
-0.466,-221.900,0.487,1.098,20.361,0.326
-0.521,-222.241,0.539,1.111,22.978,0.375
-0.585,-221.261,0.719,1.130,29.181,0.415
-0.671,-222.075,0.900,1.152,37.459,0.450
-0.686,-222.985,1.115,1.178,53.620,0.488
-0.633,-224.621,1.417,1.208,69.808,0.499
-0.579,-228.848,1.494,1.230,89.381,0.502
-0.487,-233.914,1.476,1.243,100.170,0.493
-0.402,-235.690,1.527,1.255,113.321,0.466
-0.233,-235.533,1.497,1.266,122.115,0.444
-0.073,-234.378,1.429,1.270,131.723,0.421
0.146,-231.805,1.477,1.274,137.217,0.409
0.332,-229.495,1.321,1.271,137.034,0.395
0.515,-222.285,1.121,1.242,132.309,0.401
0.715,-214.830,1.175,1.223,127.426,0.416
0.855,-211.977,1.055,1.173,118.711,0.420
1.023,-204.584,0.287,1.091,104.484,0.407
1.141,-197.785,-0.694,0.952,74.095,0.387
1.232,-182.901,-1.727,0.873,44.590,0.396
1.227,-173.950,-2.050,0.838,-8.873,0.410
1.198,-164.290,-2.333,0.809,-60.191,0.426
1.051,-148.645,-2.367,0.783,-113.890,0.495
0.788,-145.145,-1.675,0.781,-158.646,0.510
0.539,-145.224,-1.094,0.742,-171.544,0.527
0.127,-154.709,-0.227,0.695,-162.173,0.498
-0.184,-171.693,-0.071,0.604,-152.688,0.429
-0.448,-199.754,-0.236,0.526,-153.965,0.356
-0.534,-232.601,-0.457,0.463,-152.705,0.302
-0.534,-247.459,-0.657,0.391,-132.878,0.217
-0.507,-252.989,-0.808,0.346,-106.838,0.131
-0.456,-239.024,-0.751,0.295,-68.863,0.085
-0.390,-219.651,-0.749,0.246,-30.730,0.028
-0.303,-189.954,-0.865,0.198,-5.653,-0.010
-0.226,-170.284,-0.945,0.134,23.573,-0.044
-0.140,-154.639,-0.929,0.101,43.129,-0.076
-0.088,-151.060,-0.918,0.056,65.485,-0.105
-0.020,-146.309,-0.967,-0.016,82.670,-0.156
0.080,-143.824,-1.021,-0.062,94.106,-0.182
0.146,-142.861,-1.059,-0.112,106.540,-0.216
0.236,-137.690,-1.166,-0.166,114.896,-0.230
0.322,-131.994,-1.252,-0.232,117.232,-0.238
0.387,-129.281,-1.222,-0.289,116.165,-0.244
0.460,-124.731,-1.169,-0.335,113.365,-0.248
0.496,-120.592,-1.187,-0.398,109.261,-0.241
0.512,-118.711,-1.215,-0.469,100.634,-0.228
0.528,-115.964,-1.186,-0.515,88.209,-0.207
0.550,-112.927,-1.206,-0.575,77.884,-0.177
0.568,-111.335,-1.215,-0.634,64.855,-0.138
0.585,-110.040,-1.186,-0.677,54.521,-0.106
0.597,-109.839,-1.277,-0.735,40.189,-0.073
0.590,-108.824,-1.456,-0.783,29.890,-0.040
0.546,-108.841,-1.465,-0.841,15.864,-0.023
0.505,-108.868,-1.450,-0.904,2.231,-0.005
0.441,-109.699,-1.459,-0.947,-6.055,-0.002
0.392,-111.466,-1.456,-1.003,-15.243,0.005
0.322,-111.676,-1.441,-1.047,-20.869,0.010
0.286,-113.636,-1.425,-1.105,-27.580,-0.001
0.232,-115.106,-1.458,-1.160,-31.754,-0.016
0.192,-114.511,-1.518,-1.201,-31.990,-0.040
0.164,-114.074,-1.577,-1.248,-30.800,-0.086
0.120,-111.676,-1.602,-1.281,-29.146,-0.139
0.073,-109.567,-1.658,-1.324,-26.171,-0.187
0.046,-106.698,-1.694,-1.365,-20.799,-0.260
0.019,-103.154,-1.677,-1.404,-12.941,-0.342
0.007,-100.800,-1.662,-1.423,-6.633,-0.398
-0.006,-99.199,-1.656,-1.459,2.336,-0.467
-0.008,-97.624,-1.652,-1.483,10.351,-0.519
0.005,-95.961,-1.639,-1.515,21.936,-0.577
0.034,-93.415,-1.634,-1.539,29.872,-0.618
0.069,-92.531,-1.653,-1.573,38.220,-0.660
0.113,-90.956,-1.656,-1.596,43.120,-0.693
0.144,-90.842,-1.632,-1.629,47.574,-0.715
0.178,-93.021,-1.617,-1.649,49.779,-0.737
0.193,-93.179,-1.621,-1.679,51.048,-0.724
0.223,-93.835,-1.656,-1.702,50.540,-0.739
0.247,-94.351,-1.684,-1.734,49.009,-0.748
0.267,-97.851,-1.671,-1.759,47.057,-0.763
0.265,-100.853,-1.696,-1.787,43.470,-0.762
0.267,-104.668,-1.724,-1.811,38.964,-0.753
0.271,-108.071,-1.746,-1.838,35.096,-0.750
0.273,-108.990,-1.738,-1.868,29.864,-0.751
0.281,-110.836,-1.766,-1.888,26.320,-0.760
0.277,-113.558,-1.804,-1.916,20.256,-0.762
0.255,-116.926,-1.824,-1.934,15.540,-0.766
0.234,-117.766,-1.839,-1.959,8.724,-0.773
0.227,-118.851,-1.857,-1.992,2.713,-0.789
0.223,-121.765,-1.886,-1.992,-1.216,-0.800
0.223,-123.393,-1.886,-1.998,-6.965,-0.808
0.212,-126.438,-1.874,-1.999,-11.305,-0.820
0.196,-128.511,-1.860,-1.999,-16.546,-0.844
0.167,-131.512,-1.865,-1.999,-22.190,-0.875
0.149,-135.030,-1.862,-1.999,-26.110,-0.903
0.132,-138.110,-1.839,-1.999,-30.485,-0.940
0.113,-142.327,-1.818,-1.999,-33.714,-0.970
0.095,-147.359,-1.804,-1.999,-33.862,-1.001
0.080,-151.244,-1.752,-1.999,-32.620,-1.028
0.056,-156.774,-1.719,-1.999,-30.301,-1.046
0.029,-162.872,-1.688,-1.999,-27.571,-1.048
0.006,-165.926,-1.638,-1.999,-23.520,-1.041
-0.018,-169.671,-1.579,-1.999,-18.165,-1.018
-0.025,-171.491,-1.495,-1.998,-13.825,-0.998
-0.031,-172.331,-1.451,-1.979,-7.158,-0.959
-0.034,-171.229,-1.442,-1.943,-3.395,-0.906
-0.043,-168.997,-1.422,-1.913,-1.207,-0.854
-0.039,-165.734,-1.405,-1.860,2.223,-0.778
-0.042,-162.365,-1.368,-1.805,4.384,-0.693
-0.046,-156.126,-1.317,-1.756,5.381,-0.629
-0.064,-149.494,-1.307,-1.688,5.451,-0.529
-0.089,-139.484,-1.281,-1.631,5.898,-0.439
-0.098,-129.500,-1.215,-1.537,9.748,-0.372
-0.091,-122.220,-1.162,-1.435,16.319,-0.283
-0.077,-112.052,-1.129,-1.350,21.674,-0.223
-0.056,-107.030,-1.112,-1.226,29.006,-0.134
-0.026,-99.400,-1.084,-1.096,36.321,-0.060
-0.004,-91.700,-1.026,-0.989,41.090,-0.008
0.031,-87.850,-1.075,-0.842,45.019,0.061
0.093,-78.794,-1.108,-0.728,48.475,0.103
0.138,-78.155,-1.114,-0.560,54.005,0.158
0.169,-74.217,-1.112,-0.443,55.659,0.209
0.180,-65.800,-1.073,-0.321,55.799,0.264
0.216,-56.604,-1.078,-0.176,54.425,0.285
0.250,-51.975,-1.115,-0.060,52.526,0.309
0.271,-53.725,-1.242,0.089,46.515,0.324
0.285,-58.362,-1.428,0.197,41.151,0.333
0.284,-63.893,-1.522,0.306,38.010,0.345
0.274,-71.155,-1.579,0.438,29.663,0.360
0.252,-81.043,-1.638,0.525,21.770,0.374
0.223,-89.346,-1.681,0.609,12.565,0.395
0.192,-96.548,-1.696,0.708,1.129,0.419
0.157,-104.965,-1.705,0.777,-6.396,0.447
0.134,-111.134,-1.722,0.840,-12.906,0.489
0.114,-118.632,-1.580,0.918,-18.926,0.521
0.094,-125.851,-1.256,0.967,-19.985,0.546
0.037,-143.045,-0.074,1.015,-16.013,0.549
-0.208,-169.234,1.957,1.018,-8.120,0.488
-0.568,-222.355,4.587,0.901,10.859,0.343
-0.967,-286.685,4.194,0.640,1.330,0.096
-1.303,-286.685,1.539,0.209,-96.145,-0.287
-1.366,-286.685,1.055,0.260,-140.298,-0.581
-0.650,-286.685,1.188,0.427,-147.000,-0.730
0.161,-286.685,0.841,0.482,-168.709,-0.305
0.219,-198.109,-0.168,0.471,-189.026,-0.013
0.245,-138.661,-0.329,0.519,-219.800,0.217
0.264,-66.754,-1.178,0.542,-238.262,0.463
0.072,-22.628,-1.076,0.613,-241.439,0.653
-0.341,24.929,-0.764,0.658,-231.691,0.776
-0.526,38.307,-0.725,0.662,-209.807,0.776
-0.639,15.435,-0.572,0.683,-179.515,0.753
-0.592,-42.464,-0.654,0.735,-131.075,0.711
-0.306,-124.565,-0.690,0.776,-87.649,0.607
0.201,-158.568,-0.915,0.784,-68.469,0.536
0.545,-169.137,-1.366,0.755,-65.756,0.457
0.782,-186.935,-2.021,0.754,-73.325,0.468
0.803,-201.758,-2.226,0.790,-88.279,0.553
0.653,-222.574,-2.123,0.808,-103.198,0.642
0.482,-221.743,-1.919,0.794,-125.886,0.752
0.185,-217.096,-1.519,0.768,-140.394,0.766
-0.043,-210.245,-1.300,0.705,-153.571,0.728
-0.272,-196.525,-1.127,0.639,-151.795,0.677
-0.500,-176.312,-0.997,0.596,-137.077,0.638
-0.642,-158.419,-0.803,0.562,-105.280,0.599
-0.728,-131.250,-0.587,0.533,-66.098,0.560
-0.694,-110.941,-0.452,0.546,-33.233,0.519
-0.616,-102.183,-0.351,0.555,13.799,0.456
-0.473,-100.800,-0.338,0.577,46.034,0.435
-0.355,-104.361,-0.460,0.580,81.751,0.416
-0.252,-116.043,-0.636,0.587,105.324,0.413
-0.192,-126.070,-0.668,0.601,128.958,0.410
-0.131,-136.833,-0.674,0.606,141.304,0.410
-0.048,-148.837,-0.745,0.604,150.701,0.409
-0.009,-153.414,-0.799,0.582,157.929,0.401
0.079,-159.486,-0.641,0.577,163.188,0.380
0.178,-162.470,-0.595,0.563,165.165,0.351
0.334,-164.159,-0.747,0.540,160.606,0.328
0.451,-162.391,-0.784,0.517,145.976,0.316
0.579,-160.764,-0.757,0.508,128.572,0.307
0.653,-155.435,-0.745,0.483,96.154,0.304
0.710,-149.765,-0.725,0.466,65.713,0.300
0.711,-144.795,-0.701,0.448,20.370,0.295
0.662,-139.134,-0.661,0.420,-13.825,0.286
0.595,-136.719,-0.617,0.401,-44.476,0.278
0.478,-134.768,-0.578,0.380,-80.054,0.272
0.400,-134.584,-0.607,0.361,-108.456,0.264
0.298,-136.964,-0.565,0.345,-121.695,0.261
0.214,-139.965,-0.446,0.342,-131.871,0.260
0.124,-144.051,-0.374,0.342,-134.068,0.260
0.059,-146.895,-0.337,0.336,-131.530,0.259
-0.011,-150.202,-0.257,0.335,-124.836,0.264
-0.077,-150.264,-0.174,0.335,-109.646,0.271
-0.124,-149.240,-0.132,0.335,-89.556,0.271
-0.165,-147.516,-0.046,0.337,-71.076,0.259
-0.161,-145.915,-0.012,0.340,-44.222,0.231
-0.116,-143.421,-0.034,0.340,-17.220,0.205
-0.053,-140.289,-0.018,0.344,2.030,0.187
0.002,-138.504,-0.013,0.347,23.179,0.161
0.057,-138.346,-0.023,0.348,34.947,0.150
0.125,-139.046,-0.046,0.346,42.980,0.137
0.157,-140.324,-0.052,0.344,48.807,0.130
0.195,-141.951,-0.074,0.343,48.912,0.119
0.216,-142.739,-0.087,0.339,45.430,0.107
0.226,-143.342,-0.127,0.333,39.917,0.108
0.225,-143.964,-0.128,0.331,33.241,0.104
0.223,-143.544,-0.150,0.324,21.823,0.106
0.214,-143.281,-0.182,0.320,11.961,0.105
0.201,-142.266,-0.196,0.312,-2.345,0.114
0.183,-141.365,-0.213,0.307,-12.005,0.121
0.157,-141.033,-0.235,0.297,-24.185,0.131
0.124,-142.039,-0.238,0.292,-31.693,0.137
0.104,-142.949,-0.243,0.283,-41.046,0.147
0.087,-143.316,-0.239,0.275,-46.646,0.166
0.083,-142.712,-0.235,0.269,-51.179,0.186
0.077,-140.044,-0.258,0.261,-53.130,0.198
0.074,-138.040,-0.252,0.255,-52.815,0.214
0.060,-137.008,-0.238,0.250,-52.054,0.223
0.044,-137.008,-0.231,0.248,-49.070,0.228
0.049,-138.364,-0.217,0.246,-46.699,0.227
0.058,-139.466,-0.188,0.242,-42.499,0.226
0.053,-141.208,-0.154,0.246,-38.850,0.228
0.025,-141.855,-0.181,0.246,-33.670,0.223
-0.001,-141.566,-0.180,0.247,-28.438,0.219
-0.014,-141.864,-0.141,0.251,-21.420,0.213
-0.018,-139.921,-0.135,0.253,-15.706,0.208
-0.028,-137.384,-0.168,0.256,-7.691,0.211
-0.027,-140.884,-0.147,0.265,0.280,0.214
-0.033,-141.417,-0.148,0.273,6.108,0.200
-0.022,-141.120,-0.114,0.277,11.620,0.189
-0.016,-140.499,-0.149,0.280,16.730,0.186
-0.013,-139.090,-0.226,0.283,18.086,0.179
-0.010,-137.830,-0.223,0.289,19.311,0.180
-0.007,-136.833,-0.215,0.295,19.994,0.186
-0.007,-137.016,-0.223,0.303,19.407,0.188
-0.008,-137.305,-0.220,0.312,17.640,0.188
-0.015,-138.337,-0.194,0.322,15.085,0.184
-0.028,-138.714,-0.181,0.328,11.996,0.181
-0.034,-139.247,-0.144,0.337,8.190,0.174
-0.036,-137.961,-0.068,0.347,5.714,0.181
-0.042,-137.436,-0.008,0.356,4.244,0.179
-0.034,-135.695,0.108,0.368,2.651,0.180
-0.035,-133.814,0.140,0.377,1.986,0.190
-0.025,-132.501,0.189,0.391,2.608,0.197
-0.008,-130.996,0.251,0.404,3.544,0.203
0.010,-129.701,0.296,0.415,4.979,0.208
0.035,-129.080,0.317,0.429,6.186,0.210
0.066,-128.651,0.321,0.441,7.079,0.217
0.093,-128.152,0.308,0.455,7.367,0.220
0.107,-128.100,0.292,0.463,7.744,0.229
0.114,-128.905,0.258,0.474,7.831,0.235
0.108,-130.191,0.182,0.484,7.954,0.239
0.107,-130.410,0.117,0.491,8.557,0.241
0.101,-130.401,0.061,0.504,9.660,0.251
0.083,-130.935,-0.002,0.514,11.918,0.254
0.058,-131.259,-0.093,0.523,14.289,0.258
0.044,-132.326,-0.142,0.537,17.771,0.256
0.027,-132.081,-0.198,0.547,20.948,0.255
0.016,-132.423,-0.246,0.558,24.360,0.254
0.006,-132.615,-0.279,0.569,26.766,0.251
0.003,-132.807,-0.304,0.579,28.875,0.251
-0.001,-134.181,-0.322,0.590,31.798,0.257
-0.002,-135.406,-0.334,0.599,34.370,0.254
-0.000,-135.083,-0.325,0.608,36.995,0.257
0.014,-135.730,-0.315,0.617,36.846,0.267
0.034,-136.089,-0.356,0.626,35.884,0.272
0.048,-138.057,-0.379,0.632,36.138,0.278
0.043,-139.755,-0.341,0.643,35.893,0.280
0.045,-140.639,-0.336,0.650,34.466,0.282
0.056,-141.041,-0.356,0.656,32.296,0.293
0.061,-141.435,-0.377,0.665,29.864,0.303
0.079,-142.380,-0.427,0.672,27.737,0.306
0.094,-143.911,-0.473,0.679,24.859,0.303
0.081,-148.916,-0.515,0.685,22.312,0.296
0.080,-150.395,-0.570,0.686,18.673,0.288
0.068,-151.900,-0.670,0.686,15.724,0.298
0.052,-152.941,-0.739,0.689,13.519,0.312
0.030,-151.716,-0.786,0.693,13.029,0.321
0.001,-150.710,-0.856,0.696,13.475,0.331
-0.005,-150.500,-0.887,0.701,14.735,0.335
-0.007,-152.145,-0.835,0.704,17.675,0.337
-0.004,-151.602,-0.846,0.703,22.260,0.322
0.016,-152.504,-0.920,0.700,24.211,0.319
0.043,-153.081,-0.942,0.701,25.909,0.317
0.055,-151.900,-0.964,0.699,27.361,0.314
0.049,-151.253,-0.980,0.699,28.184,0.306
0.041,-152.303,-0.995,0.703,27.151,0.298
0.040,-153.449,-1.020,0.704,26.425,0.277
0.048,-154.376,-1.029,0.704,25.314,0.257
0.062,-153.606,-1.014,0.703,24.001,0.238
0.071,-153.659,-1.021,0.687,20.344,0.221
0.064,-155.785,-1.109,0.701,16.284,0.214
0.120,-159.932,-1.174,0.693,12.731,0.200
0.218,-164.124,-1.057,0.696,18.261,0.167
0.354,-177.380,-0.802,0.711,25.891,0.134
0.379,-189.525,-0.910,0.713,19.898,0.092
0.332,-203.744,-1.223,0.700,6.221,0.068
0.242,-210.420,-1.240,0.700,-3.885,0.047
0.135,-211.094,-1.113,0.701,-9.354,0.038
0.005,-205.345,-0.818,0.699,-12.521,0.033
-0.050,-199.771,-0.648,0.696,-18.323,0.042
-0.086,-195.895,-0.590,0.699,-23.109,0.063
-0.117,-190.505,-0.572,0.697,-25.708,0.100
-0.163,-189.455,-0.493,0.705,-22.487,0.127
-0.209,-186.602,-0.324,0.718,-19.924,0.141
-0.238,-184.695,-0.265,0.733,-16.599,0.148
-0.260,-183.295,-0.180,0.742,-14.569,0.156
-0.279,-180.932,-0.116,0.754,-9.476,0.156
-0.278,-180.215,-0.041,0.766,-4.261,0.162
-0.272,-180.521,0.008,0.785,2.581,0.177
-0.261,-181.598,0.069,0.797,6.939,0.187
-0.242,-183.181,0.121,0.810,13.554,0.206
-0.206,-186.952,0.222,0.827,19.722,0.220
-0.170,-191.826,0.314,0.844,26.302,0.239
-0.155,-199.176,0.385,0.867,33.967,0.251
-0.146,-206.850,0.422,0.880,38.054,0.265
-0.148,-213.071,0.494,0.898,43.103,0.278
-0.148,-218.286,0.570,0.904,46.839,0.291
-0.140,-220.771,0.621,0.916,51.502,0.312
-0.123,-222.215,0.673,0.931,55.151,0.334
-0.090,-223.685,0.743,0.939,59.859,0.357
-0.062,-223.606,0.783,0.955,64.978,0.391
-0.005,-219.406,0.726,0.968,66.719,0.421
0.041,-216.186,0.689,0.974,67.550,0.469
0.098,-206.098,0.690,0.971,69.169,0.499
0.141,-197.951,0.685,0.973,70.455,0.536
0.178,-190.750,0.660,0.974,69.239,0.577
0.249,-179.305,0.417,0.967,66.176,0.606
0.303,-171.710,0.227,0.952,62.545,0.630
0.338,-164.675,0.040,0.908,58.765,0.635
0.402,-153.326,-0.364,0.862,52.299,0.619
0.464,-144.130,-0.678,0.813,47.303,0.601
0.510,-133.333,-1.006,0.741,40.574,0.585
0.527,-124.959,-1.793,0.691,30.441,0.584
0.553,-113.059,-2.296,0.642,11.637,0.579
0.512,-100.082,-2.126,0.634,-5.031,0.577
0.437,-95.200,-1.586,0.622,-25.454,0.583
0.284,-95.130,-0.526,0.588,-28.472,0.558
0.109,-104.781,0.062,0.540,-15.514,0.494
-0.131,-118.107,0.025,0.424,-1.855,0.434
-0.295,-148.137,-0.153,0.356,-2.030,0.366
-0.290,-170.319,-0.212,0.304,-0.621,0.320
-0.200,-192.815,-0.429,0.266,6.387,0.312
-0.120,-201.092,-0.614,0.207,21.394,0.315
-0.041,-196.577,-0.788,0.163,32.725,0.326
-0.013,-186.725,-0.914,0.114,45.981,0.336
0.015,-167.090,-0.946,0.074,54.399,0.323
0.023,-153.702,-0.858,0.033,64.120,0.286
0.044,-139.702,-0.887,-0.006,69.869,0.245
0.070,-132.387,-0.955,-0.067,77.140,0.182
0.121,-127.488,-0.955,-0.099,82.618,0.146
0.176,-125.598,-0.987,-0.150,86.931,0.115
0.235,-122.684,-1.075,-0.190,87.342,0.104
0.268,-120.006,-1.152,-0.247,84.184,0.094
0.318,-117.460,-1.277,-0.289,79.082,0.090
0.365,-115.588,-1.352,-0.348,70.096,0.094
0.409,-112.324,-1.320,-0.391,63.158,0.093
0.424,-110.679,-1.307,-0.445,52.097,0.097
0.430,-108.675,-1.348,-0.492,42.105,0.100
0.421,-108.290,-1.407,-0.550,28.971,0.097
0.396,-107.800,-1.324,-0.588,20.073,0.090
0.378,-110.259,-1.296,-0.633,7.131,0.075