0.129,-139.720,-0.422,0.007,6.204,-0.026
0.132,-140.087,-0.428,0.010,6.282,-0.028
0.132,-140.245,-0.429,0.011,6.125,-0.027
0.133,-140.219,-0.434,0.013,6.099,-0.032
0.134,-140.096,-0.423,0.012,5.889,-0.028
0.138,-140.122,-0.417,0.012,5.110,-0.031
0.143,-140.105,-0.414,0.015,4.532,-0.028
0.139,-140.193,-0.412,0.015,4.253,-0.030
0.145,-140.691,-0.410,0.014,4.253,-0.032
0.145,-140.569,-0.419,0.014,3.727,-0.033
0.140,-140.473,-0.426,0.015,3.203,-0.031
0.139,-140.595,-0.431,0.014,1.934,-0.028
0.133,-140.691,-0.431,0.015,1.067,-0.030
0.129,-140.779,-0.430,0.018,0.096,-0.033
0.124,-141.208,-0.432,0.022,-1.050,-0.034
0.121,-141.776,-0.417,0.025,-2.021,-0.034
0.121,-141.592,-0.413,0.029,-3.299,-0.039
0.115,-141.768,-0.409,0.032,-3.815,-0.042
0.112,-141.584,-0.405,0.033,-4.637,-0.047
0.113,-141.146,-0.396,0.034,-5.390,-0.047
0.109,-141.190,-0.386,0.036,-5.819,-0.049
0.107,-140.805,-0.376,0.038,-6.344,-0.049
0.101,-140.700,-0.366,0.039,-7.044,-0.052
0.101,-140.717,-0.359,0.041,-7.586,-0.053
0.099,-140.796,-0.366,0.043,-7.875,-0.056
0.097,-141.277,-0.369,0.045,-8.269,-0.055
0.094,-141.417,-0.359,0.047,-8.033,-0.054
0.089,-141.759,-0.348,0.048,-7.665,-0.054
0.090,-142.152,-0.339,0.046,-7.298,-0.055
0.085,-142.109,-0.328,0.046,-6.475,-0.053
0.085,-141.908,-0.331,0.040,-5.600,-0.055
0.078,-141.610,-0.340,0.040,-4.664,-0.052
0.078,-141.934,-0.338,0.039,-3.824,-0.054
0.075,-141.628,-0.331,0.038,-3.526,-0.055
0.071,-140.945,-0.320,0.037,-3.176,-0.050
0.073,-141.190,-0.317,0.036,-2.914,-0.051
0.072,-140.368,-0.304,0.037,-2.678,-0.049
0.074,-139.886,-0.301,0.037,-2.249,-0.043
0.074,-139.580,-0.304,0.037,-1.575,-0.043
0.077,-139.755,-0.306,0.037,-0.831,-0.046
0.082,-139.449,-0.326,0.038,-0.175,-0.043
0.084,-139.764,-0.331,0.038,0.429,-0.043
0.086,-139.834,-0.331,0.039,0.621,-0.040
0.092,-140.018,-0.333,0.039,0.621,-0.041
0.098,-140.070,-0.333,0.040,0.665,-0.041
0.104,-140.473,-0.331,0.042,0.604,-0.041
0.109,-141.094,-0.338,0.043,0.735,-0.044
0.112,-141.059,-0.343,0.042,0.709,-0.042
0.122,-141.181,-0.352,0.043,0.577,-0.043
0.123,-141.514,-0.356,0.042,0.569,-0.045
0.132,-141.768,-0.362,0.041,0.394,-0.045
0.135,-141.995,-0.373,0.038,0.543,-0.044
0.137,-142.056,-0.385,0.034,0.805,-0.044
0.138,-142.363,-0.387,0.034,0.840,-0.044
0.136,-141.916,-0.397,0.032,0.429,-0.043
0.137,-141.969,-0.407,0.031,0.254,-0.045
0.138,-141.837,-0.409,0.026,0.079,-0.043
0.137,-141.697,-0.409,0.024,0.341,-0.044
0.140,-141.452,-0.408,0.020,0.577,-0.045
0.134,-141.190,-0.414,0.017,0.779,-0.044
0.130,-140.630,-0.417,0.017,1.015,-0.044
0.126,-140.158,-0.424,0.015,0.971,-0.046
0.121,-139.991,-0.440,0.014,0.639,-0.047
0.119,-139.449,-0.440,0.016,0.455,-0.044
0.111,-139.484,-0.458,0.014,0.184,-0.043
0.109,-139.011,-0.460,0.014,-0.394,-0.045
0.103,-138.845,-0.467,0.015,-0.683,-0.042
0.104,-138.451,-0.457,0.016,-1.312,-0.043
0.105,-138.372,-0.446,0.016,-1.575,-0.042
0.106,-138.618,-0.437,0.015,-2.170,-0.044
0.103,-138.775,-0.416,0.016,-2.599,-0.043
0.101,-138.740,-0.400,0.014,-3.176,-0.041
0.101,-138.311,-0.371,0.012,-3.684,-0.037
0.102,-138.346,-0.338,0.008,-4.699,-0.036
0.103,-137.743,-0.291,0.003,-5.600,-0.035
0.100,-137.393,-0.260,-0.008,-5.880,-0.033
0.100,-137.471,-0.226,-0.021,-5.959,-0.033
0.096,-137.393,-0.214,-0.039,-5.714,-0.028
0.082,-137.226,-0.194,-0.052,-5.390,-0.028
0.063,-137.182,-0.194,-0.066,-4.611,-0.025
0.047,-137.812,-0.199,-0.075,-4.340,-0.025
0.027,-137.979,-0.204,-0.080,-4.305,-0.022
0.014,-138.906,-0.207,-0.084,-4.043,-0.023
-0.002,-139.633,-0.214,-0.088,-3.876,-0.020
-0.012,-141.068,-0.200,-0.089,-3.185,-0.023
-0.017,-141.452,-0.199,-0.087,-2.783,-0.027
-0.017,-142.345,-0.187,-0.088,-2.651,-0.027
-0.013,-143.159,-0.195,-0.085,-2.030,-0.037
-0.008,-143.911,-0.205,-0.079,-1.689,-0.049
-0.000,-144.410,-0.213,-0.072,-1.006,-0.060
0.007,-145.810,-0.228,-0.067,-0.184,-0.067
0.019,-146.247,-0.236,-0.058,0.840,-0.081
0.029,-146.335,-0.240,-0.056,2.021,-0.091
0.042,-146.624,-0.236,-0.053,3.071,-0.103
0.051,-146.773,-0.233,-0.053,4.165,-0.108
0.060,-147.201,-0.214,-0.051,5.093,-0.117
0.066,-147.053,-0.185,-0.049,5.863,-0.118
0.068,-146.449,-0.156,-0.045,5.688,-0.117
0.072,-146.204,-0.125,-0.041,4.795,-0.115
0.071,-145.784,-0.085,-0.031,3.351,-0.110
0.077,-145.644,-0.030,-0.027,1.592,-0.108
0.080,-145.443,0.016,-0.019,-0.866,-0.102
0.086,-145.171,0.084,-0.009,-2.940,-0.099
0.090,-144.795,0.137,0.004,-6.554,-0.095
0.095,-145.040,0.215,0.014,-9.721,-0.095
0.100,-145.110,0.280,0.027,-14.044,-0.097
0.112,-144.900,0.374,0.036,-18.034,-0.096
0.121,-145.784,0.435,0.042,-23.538,-0.099
0.134,-147.280,0.520,0.042,-27.773,-0.102
0.152,-148.654,0.574,0.038,-33.434,-0.107
0.171,-152.303,0.637,0.029,-37.721,-0.110
0.193,-154.709,0.687,0.003,-43.925,-0.111
0.216,-158.051,0.731,-0.022,-48.108,-0.112
0.231,-160.694,0.758,-0.068,-53.576,-0.112
0.250,-163.406,0.798,-0.110,-57.251,-0.111
0.264,-165.515,0.811,-0.167,-62.116,-0.110
0.284,-167.676,0.824,-0.213,-65.695,-0.107
0.285,-170.056,0.830,-0.273,-70.455,-0.108
0.292,-171.395,0.827,-0.329,-75.066,-0.109
0.296,-172.874,0.796,-0.369,-78.207,-0.114
0.291,-174.807,0.776,-0.415,-82.512,-0.115
0.277,-176.724,0.753,-0.447,-85.356,-0.123
0.263,-177.739,0.731,-0.486,-88.463,-0.133
0.236,-179.970,0.717,-0.527,-89.994,-0.155
0.196,-182.368,0.706,-0.544,-90.650,-0.170
0.184,-184.363,0.693,-0.577,-90.519,-0.197
0.150,-188.020,0.695,-0.604,-89.757,-0.226
0.101,-191.721,0.709,-0.637,-87.605,-0.273
0.062,-196.298,0.724,-0.657,-84.849,-0.337
0.062,-200.664,0.697,-0.688,-80.754,-0.388
0.073,-204.601,0.663,-0.720,-76.501,-0.444
0.080,-207.279,0.604,-0.740,-73.482,-0.469
0.077,-206.001,0.546,-0.772,-69.930,-0.480
0.071,-201.915,0.487,-0.794,-66.824,-0.490
0.067,-196.490,0.430,-0.815,-62.807,-0.491
0.052,-193.708,0.406,-0.826,-59.990,-0.490
0.042,-189.131,0.357,-0.837,-58.844,-0.477
0.024,-185.019,0.325,-0.846,-57.785,-0.434
-0.010,-180.399,0.365,-0.846,-56.674,-0.375
-0.029,-175.805,0.405,-0.847,-54.530,-0.315
-0.037,-169.732,0.393,-0.852,-50.978,-0.268
-0.051,-162.908,0.349,-0.846,-45.299,-0.235
-0.103,-158.585,0.303,-0.835,-35.236,-0.195
-0.143,-157.202,0.243,-0.826,-22.960,-0.171
-0.171,-152.670,0.116,-0.824,-14.551,-0.171
-0.231,-147.280,-0.049,-0.812,-6.843,-0.161
-0.278,-143.098,-0.156,-0.781,-3.553,-0.139
-0.333,-139.256,-0.286,-0.754,-2.441,-0.131
-0.352,-136.351,-0.358,-0.717,-0.044,-0.133
-0.344,-134.426,-0.388,-0.682,3.868,-0.152
-0.306,-135.380,-0.433,-0.653,9.502,-0.173
-0.258,-134.059,-0.463,-0.613,19.854,-0.200
-0.192,-132.466,-0.486,-0.584,32.034,-0.230
-0.111,-133.201,-0.493,-0.548,40.565,-0.248
-0.041,-133.026,-0.488,-0.515,49.385,-0.247
0.037,-133.122,-0.477,-0.495,55.064,-0.228
0.107,-134.715,-0.498,-0.476,59.483,-0.206
0.150,-138.688,-0.560,-0.454,66.561,-0.180
0.184,-144.865,-0.646,-0.441,72.082,-0.150
0.193,-148.321,-0.685,-0.431,78.059,-0.102
0.198,-152.075,-0.684,-0.430,79.389,-0.049
0.186,-153.921,-0.628,-0.437,77.079,-0.009
0.172,-154.175,-0.564,-0.443,70.403,0.039
0.167,-152.766,-0.439,-0.450,62.230,0.072
0.166,-150.194,-0.328,-0.455,48.869,0.118
0.169,-145.101,-0.168,-0.452,37.529,0.150
0.176,-141.068,-0.062,-0.442,22.724,0.192
0.198,-136.325,0.070,-0.431,12.346,0.213
0.219,-133.271,0.145,-0.418,0.166,0.230
0.256,-131.416,0.183,-0.400,-7.411,0.230
0.287,-128.336,0.212,-0.389,-14.927,0.227
0.291,-125.974,0.227,-0.379,-24.028,0.214
0.301,-124.058,0.247,-0.374,-29.601,0.201
0.298,-122.622,0.272,-0.370,-35.884,0.177
0.291,-121.100,0.300,-0.367,-39.541,0.155
0.285,-121.485,0.308,-0.361,-43.566,0.130
0.274,-122.526,0.301,-0.361,-46.410,0.113
0.264,-123.664,0.305,-0.369,-50.610,0.104
0.252,-124.294,0.356,-0.381,-53.804,0.104
0.242,-124.276,0.409,-0.395,-56.963,0.113
0.230,-125.011,0.448,-0.397,-58.678,0.123
0.224,-126.210,0.459,-0.391,-59.605,0.141
0.206,-127.173,0.484,-0.389,-59.780,0.157
0.191,-127.689,0.503,-0.390,-59.272,0.177
0.168,-127.925,0.516,-0.390,-58.748,0.195
0.151,-128.818,0.539,-0.386,-57.269,0.215
0.131,-128.415,0.533,-0.387,-56.193,0.231
0.109,-127.514,0.518,-0.386,-54.924,0.257
0.077,-124.381,0.510,-0.376,-54.259,0.279
0.055,-121.765,0.503,-0.356,-53.480,0.291
0.025,-117.495,0.503,-0.337,-53.489,0.307
-0.004,-114.266,0.441,-0.304,-54.224,0.315
-0.040,-109.340,0.460,-0.278,-55.764,0.330
-0.063,-105.122,0.422,-0.233,-56.341,0.334
-0.076,-102.576,0.410,-0.192,-56.184,0.331
-0.082,-99.558,0.423,-0.171,-55.729,0.320
-0.079,-97.230,0.442,-0.160,-54.994,0.293
-0.079,-96.171,0.474,-0.152,-53.454,0.272
-0.066,-95.515,0.537,-0.137,-48.545,0.233
-0.042,-94.929,0.611,-0.128,-44.100,0.210
-0.026,-93.634,0.641,-0.103,-37.196,0.179
0.008,-93.616,0.689,-0.076,-31.509,0.149
0.022,-95.401,0.719,-0.046,-23.940,0.114
0.045,-97.921,0.775,-0.043,-19.276,0.098
0.053,-99.024,0.829,-0.058,-14.210,0.079
0.065,-100.450,0.882,-0.076,-11.034,0.072
0.064,-101.500,0.915,-0.093,-7.210,0.068
0.064,-102.497,0.970,-0.111,-4.279,0.066
0.062,-105.595,1.003,-0.121,-1.173,0.064
0.053,-107.949,1.042,-0.137,2.100,0.063
0.028,-109.646,1.064,-0.148,4.428,0.063
0.025,-111.825,1.090,-0.150,5.950,0.063
0.007,-114.100,1.125,-0.140,7.140,0.057
-0.010,-122.028,1.153,-0.130,8.391,0.057
-0.022,-126.385,1.165,-0.127,8.601,0.079
-0.040,-129.360,1.172,-0.141,7.534,0.094
-0.062,-127.951,1.150,-0.155,6.326,0.101
-0.072,-128.818,1.123,-0.157,5.696,0.102
-0.096,-125.825,1.063,-0.151,5.617,0.111
-0.102,-124.548,1.022,-0.130,6.685,0.116
-0.096,-120.741,1.010,-0.118,8.181,0.122
-0.089,-118.344,1.015,-0.112,11.314,0.130
-0.080,-114.284,1.016,-0.105,14.429,0.133
-0.071,-112.122,1.005,-0.104,19.836,0.134
-0.061,-110.040,0.975,-0.101,24.273,0.138
-0.055,-107.887,0.991,-0.100,28.472,0.138
-0.045,-106.470,1.087,-0.095,30.966,0.139
-0.029,-106.732,1.169,-0.080,33.539,0.145
-0.028,-108.666,1.197,-0.089,35.980,0.139
-0.014,-110.092,1.201,-0.087,38.001,0.132
-0.003,-110.565,1.239,-0.089,38.351,0.118
0.023,-111.081,1.291,-0.109,37.818,0.098
0.043,-112.577,1.313,-0.104,37.039,0.081
0.058,-115.920,1.313,-0.109,36.339,0.057
0.067,-119.385,1.317,-0.118,35.429,0.051
0.075,-122.701,1.349,-0.120,33.539,0.041
0.074,-125.423,1.379,-0.116,31.220,0.027
0.068,-132.072,1.377,-0.105,30.257,0.012
0.071,-137.060,1.372,-0.103,28.096,-0.011
0.073,-139.939,1.320,-0.115,26.670,-0.022
0.076,-140.542,1.237,-0.136,25.462,-0.021
0.061,-139.606,1.103,-0.155,24.439,-0.026
0.064,-136.981,1.007,-0.151,22.216,-0.024
0.067,-133.122,0.942,-0.137,19.294,-0.017
0.064,-127.540,0.906,-0.132,15.382,-0.002
0.067,-119.070,0.872,-0.130,13.825,0.009
0.054,-114.931,0.861,-0.125,12.653,0.023
0.056,-111.099,0.887,-0.109,11.725,0.036
0.072,-109.743,0.918,-0.096,11.314,0.043
0.091,-106.855,0.930,-0.087,10.876,0.051
0.110,-103.924,0.971,-0.084,10.028,0.066
0.131,-100.984,1.019,-0.070,8.137,0.073
0.151,-99.391,1.047,-0.056,6.729,0.073
0.168,-100.730,1.082,-0.041,5.276,0.060
0.183,-103.022,1.085,-0.027,3.150,0.030
0.192,-105.560,1.098,-0.018,1.304,0.002
0.207,-106.295,1.094,-0.016,-0.577,-0.029
0.216,-107.170,1.114,-0.023,-3.351,-0.052
0.232,-106.855,1.092,-0.026,-6.064,-0.062
0.226,-107.257,1.095,-0.028,-10.316,-0.058
0.231,-107.459,1.077,-0.024,-14.516,-0.051
0.217,-109.113,1.059,-0.010,-21.551,-0.043
0.202,-110.512,1.044,-0.003,-28.017,-0.035
0.189,-111.772,1.019,0.005,-31.824,-0.031
0.174,-112.507,1.009,0.012,-36.741,-0.030
0.149,-111.991,1.025,0.017,-40.408,-0.031
0.133,-111.528,1.041,0.031,-45.386,-0.038
0.102,-111.116,1.094,0.039,-49.298,-0.034
0.085,-111.125,1.140,0.051,-53.900,-0.034
0.069,-110.784,1.205,0.058,-56.893,-0.038
0.050,-111.029,1.266,0.068,-60.550,-0.035
0.030,-112.175,1.351,0.079,-63.849,-0.036
0.006,-113.295,1.404,0.092,-68.408,-0.041
-0.019,-114.625,1.456,0.101,-71.776,-0.044
-0.039,-115.290,1.491,0.110,-76.169,-0.048
-0.055,-116.427,1.541,0.113,-78.610,-0.051
-0.069,-117.014,1.569,0.117,-80.841,-0.063
-0.084,-117.512,1.603,0.119,-82.031,-0.069
-0.099,-117.302,1.626,0.118,-82.442,-0.071
-0.101,-114.940,1.633,0.118,-81.795,-0.070
-0.103,-113.190,1.632,0.119,-80.990,-0.064
-0.099,-111.825,1.654,0.124,-78.260,-0.055
-0.091,-111.746,1.684,0.126,-75.005,-0.044
-0.078,-112.507,1.694,0.126,-67.357,-0.030
-0.072,-114.677,1.641,0.124,-55.143,-0.018
-0.083,-118.335,1.541,0.120,-44.292,-0.005
-0.099,-122.010,1.437,0.117,-30.126,0.008
-0.142,-125.580,1.307,0.122,-20.781,0.029
-0.198,-131.390,1.273,0.148,-9.966,0.051
-0.340,-152.066,1.348,0.187,-1.925,0.061
-0.468,-178.902,1.458,0.233,5.775,0.060
-0.586,-221.217,1.595,0.240,8.584,0.047
-0.686,-244.816,1.683,0.215,11.331,0.021
-0.715,-260.986,1.718,0.145,21.298,-0.016
-0.683,-273.805,1.665,0.090,37.485,-0.053
-0.632,-280.298,1.527,0.032,64.794,-0.104
-0.531,-281.400,1.337,0.003,82.259,-0.114
-0.461,-272.633,1.315,-0.043,95.463,-0.076
-0.324,-244.204,1.329,-0.093,99.558,-0.013
-0.227,-216.711,1.314,-0.161,102.804,0.100
-0.114,-179.970,1.145,-0.194,103.915,0.212
-0.039,-145.583,0.878,-0.199,101.124,0.285
0.005,-124.871,0.604,-0.147,93.783,0.358
0.049,-103.810,0.188,-0.078,89.136,0.388
0.052,-92.111,-0.164,0.005,86.931,0.419
0.047,-81.541,-0.524,0.110,88.357,0.430
0.022,-69.904,-0.996,0.170,92.312,0.442
0.016,-61.303,-1.367,0.223,102.944,0.456
-0.015,-47.381,-1.744,0.279,114.564,0.453
-0.056,-40.329,-1.866,0.328,129.876,0.434
-0.057,-33.399,-1.745,0.415,155.409,0.417
-0.044,-31.666,-1.491,0.492,179.445,0.396
-0.011,-38.430,-1.089,0.589,198.275,0.406
0.042,-49.324,-0.846,0.648,213.255,0.404
0.127,-64.321,-0.647,0.699,217.595,0.372
0.294,-85.505,-0.480,0.724,215.740,0.307
0.440,-102.497,-0.430,0.758,209.212,0.214
0.647,-128.861,-0.489,0.786,204.356,0.153
0.805,-150.264,-0.637,0.809,196.499,0.080
1.000,-178.273,-0.875,0.817,188.186,0.034
1.112,-197.260,-0.991,0.822,173.941,-0.014
1.211,-212.765,-1.039,0.818,159.600,-0.040
1.242,-219.406,-0.896,0.802,134.321,-0.060
1.218,-215.801,-0.648,0.773,99.995,-0.047
1.130,-208.530,-0.382,0.704,71.706,-0.013
0.998,-201.486,-0.301,0.649,32.603,0.081
0.887,-191.223,-0.233,0.579,3.684,0.165
0.566,-177.800,-0.186,0.545,-22.347,0.245
0.466,-170.590,-0.094,0.502,-46.524,0.263
0.288,-158.699,-0.096,0.467,-57.890,0.273
0.155,-150.211,-0.082,0.423,-70.061,0.292
0.027,-138.635,-0.061,0.396,-76.055,0.294
-0.031,-132.440,-0.010,0.379,-78.514,0.261
-0.119,-128.931,0.050,0.377,-77.516,0.181
-0.160,-128.432,0.094,0.376,-72.494,0.136
-0.217,-125.580,0.125,0.377,-67.025,0.064
-0.272,-122.719,0.181,0.371,-59.483,-0.003
-0.280,-119.779,0.206,0.378,-46.235,-0.102
-0.300,-115.780,0.229,0.388,-34.676,-0.173
-0.264,-114.153,0.188,0.410,-16.949,-0.267
-0.237,-112.927,0.131,0.432,-4.323,-0.319
-0.205,-111.029,0.080,0.458,12.206,-0.374
-0.145,-111.046,0.026,0.475,24.701,-0.404
-0.098,-112.236,-0.001,0.503,40.513,-0.420
-0.021,-113.890,-0.041,0.526,50.934,-0.420
0.034,-114.817,-0.074,0.553,63.254,-0.402
0.122,-115.798,-0.104,0.577,71.321,-0.371
0.161,-116.331,-0.141,0.604,79.774,-0.347
0.218,-118.475,-0.169,0.630,85.015,-0.312
0.251,-120.698,-0.211,0.661,89.101,-0.284
0.274,-121.616,-0.225,0.678,90.204,-0.243
0.291,-122.325,-0.210,0.698,90.668,-0.218
0.295,-122.649,-0.185,0.711,91.350,-0.183
0.290,-124.381,-0.193,0.728,92.986,-0.168
0.296,-127.418,-0.206,0.741,95.069,-0.127
0.303,-131.906,-0.231,0.760,95.952,-0.084
0.324,-135.747,-0.264,0.769,94.798,-0.022
0.333,-138.215,-0.290,0.781,93.555,0.022
0.343,-142.083,-0.299,0.790,91.761,0.071
0.347,-142.643,-0.293,0.797,89.128,0.091
0.361,-143.911,-0.309,0.798,86.555,0.110
0.374,-142.914,-0.318,0.796,83.370,0.121
0.393,-142.975,-0.330,0.791,80.045,0.125
0.408,-142.004,-0.324,0.785,75.933,0.109
0.415,-139.676,-0.304,0.775,73.054,0.084
0.420,-139.186,-0.297,0.760,70.289,0.051
0.430,-139.449,-0.278,0.743,65.520,0.009
0.443,-138.425,-0.282,0.729,61.355,-0.023
0.454,-136.264,-0.273,0.709,54.127,-0.072
0.467,-136.824,-0.254,0.699,47.950,-0.109
0.473,-136.062,-0.256,0.686,38.491,-0.143
0.478,-135.800,-0.228,0.675,31.299,-0.174
0.484,-135.818,-0.240,0.661,22.575,-0.202
0.490,-136.378,-0.235,0.650,15.706,-0.229
0.486,-136.019,-0.218,0.636,5.758,-0.261
0.473,-135.914,-0.189,0.625,-1.418,-0.275
0.473,-136.342,-0.190,0.609,-10.701,-0.297
0.460,-134.724,-0.196,0.595,-17.456,-0.305
0.451,-133.341,-0.184,0.580,-25.751,-0.319
0.442,-131.941,-0.186,0.568,-30.818,-0.312
0.427,-129.754,-0.190,0.556,-37.153,-0.311
0.411,-128.266,-0.210,0.551,-43.015,-0.311
0.374,-126.236,-0.204,0.551,-47.084,-0.306
0.361,-127.619,-0.190,0.551,-51.179,-0.298
0.352,-130.480,-0.171,0.560,-53.322,-0.286
0.297,-131.906,-0.166,0.568,-56.245,-0.271
0.284,-129.325,-0.169,0.572,-57.750,-0.256
0.258,-131.145,-0.163,0.585,-58.257,-0.244
0.233,-133.402,-0.144,0.610,-58.091,-0.223
0.204,-135.415,-0.126,0.625,-58.494,-0.208
0.178,-137.279,-0.105,0.639,-59.010,-0.178
0.160,-139.711,-0.072,0.655,-56.866,-0.152
0.137,-142.336,-0.071,0.677,-54.994,-0.132
0.110,-142.756,-0.080,0.695,-52.649,-0.095
0.082,-143.789,-0.091,0.706,-50.899,-0.070
0.071,-142.205,-0.092,0.722,-47.819,-0.036
0.061,-142.721,-0.116,0.731,-45.054,-0.005
0.040,-144.664,-0.143,0.746,-41.195,0.018
0.017,-143.964,-0.192,0.756,-37.835,0.059
-0.017,-139.790,-0.218,0.758,-35.963,0.093
-0.032,-138.556,-0.228,0.764,-34.011,0.121
-0.048,-138.976,-0.210,0.772,-32.112,0.139
-0.046,-137.515,-0.195,0.786,-27.685,0.135
-0.049,-136.439,-0.179,0.788,-24.763,0.125
-0.046,-132.186,-0.163,0.794,-21.044,0.093
-0.023,-133.788,-0.148,0.799,-18.226,0.055
-0.005,-133.928,-0.086,0.811,-15.969,0.025
0.025,-137.629,-0.053,0.823,-13.212,-0.014
0.067,-139.781,-0.027,0.823,-11.874,-0.028
0.076,-139.326,0.006,0.817,-11.786,-0.043
0.110,-139.038,0.071,0.802,-10.972,-0.062
0.147,-143.211,0.144,0.799,-7.840,-0.088
0.190,-146.580,0.161,0.794,-4.410,-0.102
0.231,-149.415,0.174,0.779,-2.922,-0.102
0.221,-153.650,0.251,0.763,-1.768,-0.103
0.235,-155.908,0.274,0.743,1.409,-0.097
0.242,-157.622,0.226,0.722,5.093,-0.090
0.235,-164.395,0.279,0.702,8.339,-0.076
0.239,-164.439,0.286,0.668,12.014,-0.040
0.227,-167.405,0.284,0.639,14.472,-0.010
0.200,-167.221,0.268,0.608,16.161,0.038
0.182,-163.363,0.230,0.553,17.483,0.077
0.144,-159.775,0.215,0.521,17.386,0.119
0.116,-156.695,0.210,0.491,17.728,0.172
0.082,-153.939,0.225,0.458,17.649,0.204
0.040,-149.354,0.220,0.435,17.771,0.226
0.019,-147.613,0.209,0.414,18.305,0.245
-0.004,-143.815,0.180,0.386,19.583,0.254
-0.017,-141.864,0.129,0.365,21.997,0.249
-0.019,-141.881,0.096,0.344,26.705,0.240
-0.015,-140.569,-0.001,0.328,31.308,0.228
-0.011,-140.613,-0.073,0.310,37.704,0.203
-0.000,-141.575,-0.208,0.303,42.682,0.184
0.009,-143.929,-0.298,0.293,50.050,0.161
0.022,-147.840,-0.373,0.281,54.897,0.143
0.029,-150.491,-0.453,0.263,62.064,0.121
0.043,-155.435,-0.558,0.243,66.771,0.103
0.068,-157.430,-0.711,0.223,70.919,0.089
0.081,-165.594,-0.837,0.201,75.285,0.067
0.094,-168.910,-0.966,0.181,78.024,0.056
0.109,-171.981,-0.982,0.168,81.375,0.044
0.109,-173.679,-1.015,0.149,84.569,0.045
0.103,-175.586,-1.015,0.123,85.724,0.048
0.086,-174.160,-0.997,0.097,84.210,0.060
0.062,-173.679,-0.917,0.085,80.815,0.066
0.039,-172.821,-0.809,0.072,74.331,0.082
0.022,-170.380,-0.687,0.067,69.834,0.085
0.016,-168.700,-0.619,0.060,66.010,0.082
0.026,-165.909,-0.580,0.059,65.109,0.066
0.050,-163.179,-0.568,0.059,64.181,0.046
0.084,-160.326,-0.562,0.058,64.129,0.014
0.133,-156.993,-0.566,0.062,65.144,-0.019
0.176,-155.741,-0.551,0.067,67.419,-0.060
0.190,-141.365,-0.557,0.071,70.385,-0.090
0.194,-156.424,-0.479,0.082,72.800,-0.129
0.293,-159.906,-0.581,0.076,74.323,-0.140
0.356,-153.589,-0.569,0.078,75.915,-0.170
0.379,-158.077,-0.520,0.088,70.140,-0.161
0.400,-161.368,-0.529,0.087,68.005,-0.207
0.422,-163.152,-0.521,0.062,69.090,-0.249
0.413,-164.955,-0.469,0.032,66.824,-0.271
0.392,-168.744,-0.341,0.023,60.673,-0.274
0.372,-171.211,-0.239,0.012,50.208,-0.272
0.342,-172.305,-0.112,0.001,42.499,-0.273
0.331,-170.984,-0.032,-0.012,33.355,-0.285
0.329,-172.594,0.112,-0.030,27.142,-0.302
0.355,-182.044,0.268,-0.037,20.405,-0.344
0.417,-204.321,0.460,-0.039,15.750,-0.427
0.471,-225.094,0.554,-0.044,11.865,-0.454
0.549,-249.673,0.560,-0.056,10.115,-0.528
0.584,-259.892,0.521,-0.088,10.421,-0.533
0.604,-260.103,0.413,-0.120,12.469,-0.546
0.597,-253.365,0.395,-0.178,15.811,-0.545
0.546,-241.255,0.426,-0.228,15.925,-0.524
0.494,-229.792,0.548,-0.318,10.325,-0.484
0.397,-216.790,0.675,-0.397,1.934,-0.417
0.321,-206.465,0.780,-0.512,-11.296,-0.371
0.207,-199.710,0.965,-0.579,-21.788,-0.331
0.101,-194.049,1.171,-0.671,-37.170,-0.324
0.035,-189.613,1.316,-0.755,-54.101,-0.327
-0.054,-184.940,1.477,-0.822,-66.526,-0.316
-0.101,-179.025,1.524,-0.915,-79.424,-0.296
-0.156,-171.255,1.535,-0.988,-85.426,-0.273
-0.171,-161.551,1.483,-1.035,-84.341,-0.253
-0.148,-153.921,1.362,-1.085,-76.598,-0.250
-0.098,-146.283,1.161,-1.113,-65.511,-0.261
0.045,-141.137,0.939,-1.146,-54.268,-0.251
-0.010,-137.375,0.843,-1.165,-38.185,-0.227
0.026,-136.238,0.588,-1.179,-26.862,-0.259
0.074,-138.486,0.339,-1.196,-6.956,-0.308
0.124,-144.121,0.136,-1.221,17.509,-0.375
0.172,-155.925,-0.207,-1.253,34.974,-0.414
0.213,-168.490,-0.422,-1.259,53.961,-0.464
0.238,-180.600,-0.720,-1.245,64.418,-0.503
0.254,-189.691,-0.888,-1.220,72.100,-0.559
0.313,-202.633,-1.070,-1.204,73.762,-0.579
0.378,-218.741,-1.205,-1.190,68.723,-0.556
0.451,-234.054,-1.305,-1.183,59.264,-0.479
0.498,-250.705,-1.418,-1.180,52.316,-0.412
0.525,-260.435,-1.483,-1.182,43.479,-0.319
0.556,-265.405,-1.642,-1.190,35.919,-0.245
0.522,-266.000,-1.780,-1.201,22.426,-0.126
0.494,-261.634,-1.859,-1.225,0.499,-0.011
0.491,-247.809,-1.818,-1.270,-18.183,0.065
0.475,-236.661,-1.762,-1.326,-42.263,0.141
0.428,-220.474,-1.547,-1.346,-58.091,0.182
0.403,-209.799,-1.348,-1.346,-74.086,0.206
0.423,-202.659,-1.079,-1.320,-83.204,0.212
0.450,-198.091,-0.913,-1.288,-96.145,0.233
0.452,-191.389,-0.746,-1.276,-110.495,0.272
0.366,-185.185,-0.482,-1.286,-118.335,0.283
0.331,-184.905,-0.350,-1.292,-121.870,0.286
0.200,-177.467,-0.177,-1.288,-118.501,0.288
0.134,-175.604,-0.070,-1.281,-114.100,0.270
0.316,-176.549,-0.285,-1.273,-108.526,0.229
0.331,-182.455,-0.513,-1.278,-114.791,0.284
0.252,-168.936,-0.484,-1.336,-126.997,0.333
0.242,-170.765,-0.433,-1.351,-127.619,0.352
0.196,-171.194,-0.443,-1.322,-119.744,0.383
0.149,-162.654,-0.349,-1.304,-111.571,0.389
0.068,-161.726,-0.351,-1.270,-101.509,0.369
0.021,-152.005,-0.366,-1.235,-89.836,0.336
0.014,-144.602,-0.439,-1.196,-82.469,0.306
0.060,-142.616,-0.537,-1.165,-74.952,0.272
0.093,-137.533,-0.648,-1.138,-71.689,0.249
0.110,-134.523,-0.735,-1.101,-68.889,0.239
0.064,-134.732,-0.794,-1.073,-65.048,0.242
0.094,-128.048,-0.795,-1.021,-62.274,0.237
0.153,-121.467,-0.791,-0.977,-56.166,0.213
0.163,-116.533,-0.811,-0.956,-51.345,0.203
0.158,-113.662,-0.829,-0.921,-44.940,0.214
0.156,-112.726,-0.860,-0.890,-39.480,0.223
0.157,-109.305,-0.911,-0.845,-33.189,0.240
0.227,-107.459,-0.967,-0.804,-28.499,0.253
0.234,-103.845,-0.986,-0.774,-27.195,0.266
0.274,-103.757,-1.009,-0.730,-25.944,0.285
0.269,-96.819,-1.046,-0.692,-26.233,0.295
0.277,-93.730,-1.050,-0.651,-27.493,0.320
0.251,-88.918,-1.044,-0.620,-29.006,0.334
0.271,-87.185,-1.029,-0.579,-30.188,0.357
0.235,-80.955,-1.011,-0.548,-31.211,0.375
0.230,-76.221,-0.998,-0.513,-30.730,0.394
0.239,-70.683,-0.991,-0.486,-29.593,0.410
0.242,-68.066,-0.980,-0.447,-27.694,0.437
0.241,-66.054,-0.988,-0.413,-26.714,0.452
0.221,-65.677,-0.996,-0.364,-26.364,0.501
0.177,-66.518,-0.959,-0.325,-26.714,0.551
0.159,-66.115,-0.928,-0.277,-28.131,0.622
0.159,-66.938,-0.881,-0.251,-29.523,0.674
0.145,-65.695,-0.868,-0.224,-32.944,0.733
0.144,-65.004,-0.863,-0.208,-35.919,0.814
0.135,-64.619,-0.872,-0.186,-40.504,0.838
0.150,-62.388,-0.925,-0.174,-46.699,0.895
0.149,-59.990,-0.921,-0.174,-57.505,0.932
0.155,-57.129,-0.880,-0.171,-65.214,0.971
0.161,-56.166,-0.848,-0.160,-73.745,0.992
0.156,-55.204,-0.829,-0.139,-80.325,1.021
0.140,-57.592,-0.832,-0.123,-89.329,1.049
0.129,-58.153,-0.819,-0.117,-96.075,1.087
0.126,-58.669,-0.765,-0.127,-103.626,1.109
0.114,-61.014,-0.753,-0.146,-107.713,1.126
0.113,-64.969,-0.723,-0.175,-109.524,1.124
0.113,-66.868,-0.687,-0.201,-109.699,1.111
0.136,-68.635,-0.648,-0.217,-108.098,1.088
0.156,-70.289,-0.622,-0.217,-100.091,1.046
0.173,-73.780,-0.566,-0.207,-91.061,0.965
0.191,-78.794,-0.443,-0.185,-75.749,0.906
0.186,-81.533,-0.330,-0.168,-61.661,0.818
0.198,-86.240,-0.135,-0.141,-39.480,0.739
0.187,-91.989,0.038,-0.124,-13.991,0.635
0.180,-97.536,0.242,-0.099,6.361,0.574
0.142,-107.756,0.531,-0.088,26.198,0.521
0.111,-117.320,0.744,-0.089,51.695,0.481
0.060,-128.861,1.012,-0.101,66.990,0.479
0.010,-135.975,1.134,-0.120,79.573,0.527
-0.064,-142.835,1.305,-0.161,91.499,0.548
-0.139,-148.592,1.515,-0.204,96.626,0.554
-0.186,-150.141,1.593,-0.247,96.268,0.581
-0.212,-147.149,1.784,-0.256,91.516,0.570
-0.281,-145.635,2.005,-0.245,84.814,0.529
-0.333,-140.464,2.271,-0.205,80.929,0.521
-0.324,-134.697,2.444,-0.123,75.469,0.442
-0.283,-133.971,2.589,-0.049,71.278,0.371
-0.221,-135.258,2.587,0.037,65.205,0.287
-0.141,-135.695,2.454,0.104,60.847,0.243
-0.085,-144.428,2.334,0.170,54.609,0.175
-0.010,-154.131,2.161,0.204,51.205,0.133
0.067,-157.631,2.036,0.218,46.821,0.094
0.128,-160.405,1.983,0.203,43.724,0.089
0.139,-161.438,1.937,0.176,40.276,0.096
0.144,-162.925,1.905,0.142,36.540,0.109
0.165,-161.639,1.899,0.117,34.921,0.121
0.201,-152.792,1.906,0.100,33.110,0.147
0.180,-148.391,1.923,0.083,30.406,0.155
0.209,-154.184,1.761,0.089,26.898,0.203
0.235,-147.341,1.740,0.100,18.882,0.293
0.245,-142.879,1.762,0.105,9.625,0.341
0.297,-139.895,1.761,0.115,5.285,0.340
0.333,-140.096,1.727,0.125,1.461,0.331
0.363,-140.298,1.668,0.131,-3.509,0.315
0.369,-141.277,1.603,0.122,-10.159,0.301
0.382,-140.499,1.480,0.103,-15.391,0.282
0.391,-137.874,1.364,0.083,-22.216,0.254
0.382,-131.967,1.234,0.082,-26.871,0.236
0.373,-126.350,1.149,0.093,-31.465,0.218
0.391,-119.980,1.057,0.118,-37.485,0.204
0.373,-112.026,0.981,0.142,-42.822,0.199
0.387,-106.295,0.912,0.178,-49.446,0.192
0.388,-98.691,0.820,0.204,-54.801,0.189
0.396,-92.225,0.773,0.226,-62.002,0.177
0.406,-85.951,0.745,0.249,-67.200,0.169
0.419,-79.590,0.677,0.260,-71.243,0.157
0.430,-74.393,0.576,0.268,-74.357,0.146
0.434,-69.842,0.459,0.279,-74.944,0.134
0.448,-68.346,0.167,0.308,-73.308,0.117
0.452,-68.346,-0.003,0.362,-68.338,0.090
0.452,-74.515,0.008,0.424,-61.145,0.057
0.395,-95.016,0.083,0.505,-49.446,0.031
0.307,-136.745,-0.054,0.626,-31.395,-0.020
0.123,-216.519,-0.469,0.692,-22.505,-0.068
0.004,-276.491,-0.677,0.745,-15.837,-0.145
-0.006,-286.685,-0.299,0.759,-9.511,-0.265
0.090,-286.685,0.756,0.725,1.033,-0.341
0.219,-286.685,1.453,0.635,10.203,-0.395
0.403,-286.685,1.906,0.489,21.280,-0.451
0.663,-286.685,2.236,0.396,20.125,-0.457
0.803,-286.685,2.289,0.253,-5.714,-0.387
0.792,-241.544,2.121,0.138,-40.871,-0.268
0.638,-201.591,1.834,0.030,-88.174,-0.049
0.339,-159.845,1.308,-0.056,-119.717,0.074
0.125,-135.686,0.889,-0.017,-161.822,0.172
-0.155,-119.262,0.326,0.055,-191.949,0.221
-0.356,-116.463,-0.121,0.136,-224.280,0.241
-0.572,-121.923,-0.719,0.159,-242.690,0.201
-0.739,-123.209,-1.216,0.169,-239.094,0.120
-0.735,-122.701,-1.550,0.185,-211.444,0.016
-0.765,-111.781,-1.919,0.193,-166.486,-0.063
-0.771,-91.560,-2.202,0.198,-123.804,-0.158
-0.778,-79.783,-2.334,0.226,-59.281,-0.240
-0.798,-67.253,-2.279,0.269,6.589,-0.214
-0.818,-54.959,-2.047,0.350,46.287,-0.159
-0.823,-44.179,-1.460,0.402,77.009,-0.074
-0.738,-42.044,-0.944,0.471,102.261,0.019
-0.568,-39.812,-0.293,0.512,110.766,0.245
-0.422,-37.432,0.071,0.551,113.732,0.411
-0.237,-42.306,0.240,0.588,114.669,0.560
-0.083,-48.974,0.128,0.668,120.006,0.735
0.020,-63.105,-0.162,0.739,128.625,0.846
0.114,-84.674,-0.478,0.819,147.333,0.906
0.232,-122.754,-0.833,0.858,158.795,0.896
0.317,-149.503,-0.970,0.874,168.035,0.835
0.414,-178.701,-0.968,0.860,169.864,0.766
0.518,-196.560,-0.851,0.819,164.220,0.640
0.616,-208.819,-0.728,0.781,155.986,0.535
0.678,-210.394,-0.635,0.727,140.035,0.403
0.702,-208.215,-0.555,0.695,125.895,0.312
0.676,-198.704,-0.497,0.641,106.549,0.206
0.634,-185.701,-0.398,0.618,92.146,0.105
0.608,-171.614,-0.318,0.600,75.276,-0.034
0.537,-153.921,-0.222,0.583,63.061,-0.129
0.492,-142.966,-0.168,0.575,49.210,-0.219
0.456,-130.524,-0.145,0.568,41.134,-0.268
0.445,-125.177,-0.152,0.569,34.851,-0.333
0.455,-119.516,-0.208,0.581,31.570,-0.379
0.458,-117.250,-0.241,0.594,28.035,-0.426
0.454,-115.710,-0.242,0.622,27.186,-0.446
0.451,-117.609,-0.221,0.645,26.311,-0.466
0.482,-120.514,-0.201,0.671,25.935,-0.456
0.497,-120.488,-0.169,0.682,23.021,-0.435
0.481,-118.125,-0.047,0.692,22.767,-0.423
0.512,-122.386,-0.064,0.708,25.524,-0.401
0.522,-125.772,-0.086,0.711,23.844,-0.371
0.503,-128.450,-0.109,0.714,20.134,-0.311
0.484,-133.402,-0.164,0.727,16.660,-0.261
0.465,-135.555,-0.187,0.736,11.331,-0.176
0.424,-137.830,-0.204,0.736,7.753,-0.110
0.397,-139.545,-0.203,0.740,4.305,-0.028
0.382,-138.985,-0.226,0.741,2.231,0.031
0.335,-136.474,-0.202,0.741,-0.560,0.089
0.267,-129.587,-0.152,0.741,-4.130,0.144
0.205,-126.630,-0.094,0.741,-4.384,0.173
0.165,-124.092,-0.088,0.748,-3.141,0.220
0.155,-120.864,-0.093,0.753,-1.584,0.249
0.109,-118.344,-0.100,0.759,0.245,0.271
0.080,-116.690,-0.102,0.774,5.477,0.280
0.055,-115.911,-0.113,0.787,11.200,0.264
0.041,-114.275,-0.142,0.801,18.664,0.228
0.035,-114.695,-0.157,0.808,21.560,0.186
0.035,-114.879,-0.165,0.816,25.454,0.129
0.037,-117.583,-0.160,0.830,31.167,0.046
0.045,-119.954,-0.166,0.840,35.271,-0.012
0.081,-120.435,-0.203,0.848,39.419,-0.099
0.115,-124.425,-0.216,0.855,40.644,-0.162
0.150,-125.904,-0.241,0.860,41.326,-0.234
0.176,-127.418,-0.274,0.866,40.478,-0.285
0.170,-128.354,-0.324,0.865,39.375,-0.347
0.223,-133.018,-0.334,0.868,37.914,-0.392
0.243,-136.675,-0.342,0.871,36.365,-0.418
0.280,-140.429,-0.355,0.875,34.729,-0.432
0.292,-141.951,-0.332,0.870,32.025,-0.442
0.306,-142.004,-0.312,0.870,30.292,-0.450
0.326,-143.062,-0.303,0.869,27.449,-0.459
0.348,-143.089,-0.285,0.867,24.544,-0.451
0.367,-143.413,-0.295,0.861,20.239,-0.431
0.389,-143.587,-0.277,0.854,17.001,-0.413
0.405,-144.445,-0.270,0.847,13.449,-0.388
0.416,-142.625,-0.250,0.840,11.139,-0.367
0.419,-141.470,-0.216,0.826,8.172,-0.342
0.414,-139.650,-0.170,0.816,5.968,-0.316
0.410,-137.848,-0.153,0.807,3.439,-0.285
0.392,-137.428,-0.109,0.803,1.855,-0.259
0.377,-136.596,-0.098,0.798,0.700,-0.229
0.355,-136.762,-0.082,0.799,-0.455,-0.212
0.316,-137.734,-0.064,0.799,-1.479,-0.189
0.286,-140.315,-0.030,0.800,-2.205,-0.165
0.257,-140.114,-0.012,0.799,-2.993,-0.152
0.222,-142.144,0.041,0.799,-4.077,-0.137
0.186,-143.885,0.116,0.792,-3.929,-0.126
0.157,-145.066,0.165,0.786,-4.077,-0.115
0.127,-146.038,0.245,0.785,-3.421,-0.109
0.105,-148.995,0.311,0.778,-2.949,-0.101
0.089,-152.504,0.360,0.771,-1.899,-0.098
0.079,-156.231,0.376,0.765,-0.333,-0.091
0.079,-157.369,0.400,0.754,2.424,-0.087
0.072,-161.096,0.402,0.737,5.040,-0.093
0.079,-160.825,0.382,0.712,9.608,-0.107
0.086,-159.688,0.345,0.678,13.624,-0.113
0.097,-157.771,0.290,0.647,17.255,-0.117
0.095,-152.206,0.238,0.600,23.188,-0.111
0.088,-147.333,0.172,0.564,28.298,-0.103
0.072,-141.050,0.120,0.511,35.534,-0.082
0.057,-134.741,0.109,0.487,41.414,-0.069
0.049,-129.780,0.088,0.464,47.206,-0.042
0.040,-126.052,0.062,0.441,55.370,-0.027
0.030,-124.950,0.058,0.427,60.979,-0.016
0.029,-126.893,0.055,0.418,68.653,0.003
0.031,-131.066,0.031,0.409,73.762,0.006
0.041,-135.012,-0.011,0.402,77.420,0.014
0.050,-142.809,-0.021,0.391,79.021,0.019
0.062,-151.576,-0.013,0.378,79.074,0.028
0.068,-158.060,0.002,0.359,80.028,0.040
0.072,-164.001,0.009,0.347,81.419,0.053
0.077,-166.197,0.002,0.335,82.539,0.068
0.086,-166.040,0.005,0.328,83.466,0.077
0.097,-165.944,0.009,0.315,83.659,0.080
0.102,-164.509,0.021,0.289,83.230,0.072
0.123,-163.529,-0.031,0.251,80.439,0.058
0.137,-163.065,-0.132,0.221,78.662,0.040
0.155,-164.246,-0.231,0.193,77.647,0.004
0.162,-164.360,-0.351,0.155,77.499,-0.024
0.175,-166.836,-0.440,0.129,77.446,-0.062
0.183,-170.494,-0.531,0.104,75.810,-0.088
0.191,-173.679,-0.560,0.091,70.543,-0.125
0.196,-174.493,-0.569,0.072,67.646,-0.149
0.205,-174.720,-0.545,0.062,62.571,-0.174
0.214,-172.401,-0.484,0.047,54.749,-0.190
0.224,-171.089,-0.425,0.041,49.271,-0.205
0.235,-168.674,-0.337,0.035,42.403,-0.217
0.249,-167.125,-0.283,0.036,36.978,-0.228
0.261,-164.631,-0.222,0.036,33.556,-0.228
0.272,-162.969,-0.236,0.037,30.091,-0.226
0.282,-158.996,-0.274,0.030,27.099,-0.222
0.292,-154.324,-0.283,0.025,23.319,-0.220
0.291,-148.164,-0.267,0.023,20.160,-0.225
0.312,-146.134,-0.206,0.029,16.686,-0.233
0.355,-151.830,-0.042,0.054,14.700,-0.245
0.401,-162.356,0.023,0.074,13.773,-0.288
0.467,-179.917,-0.008,0.089,14.420,-0.331
0.549,-193.375,-0.104,0.093,15.059,-0.390
0.624,-207.725,-0.264,0.088,16.800,-0.418
0.655,-214.253,-0.387,0.073,21.490,-0.425
0.664,-217.438,-0.458,0.039,22.356,-0.427
0.631,-220.167,-0.422,0.007,23.170,-0.417
0.540,-220.693,-0.224,-0.049,16.511,-0.404
0.477,-217.061,-0.039,-0.131,0.385,-0.375
0.388,-211.986,0.224,-0.191,-13.405,-0.354
0.325,-207.095,0.420,-0.268,-31.719,-0.346
0.245,-198.774,0.665,-0.322,-45.124,-0.336
0.188,-193.279,0.848,-0.386,-63.105,-0.318
0.128,-186.874,1.028,-0.436,-75.600,-0.308
0.089,-185.736,1.145,-0.498,-89.556,-0.295
0.066,-188.107,1.245,-0.560,-99.374,-0.281
0.031,-192.500,1.305,-0.617,-103.653,-0.289
0.007,-190.164,1.240,-0.706,-102.384,-0.304
-0.009,-187.644,1.077,-0.765,-95.926,-0.325
-0.012,-177.931,0.833,-0.841,-86.826,-0.332
-0.008,-167.195,0.615,-0.909,-70.989,-0.333
0.023,-157.815,0.374,-0.950,-52.929,-0.336
0.032,-150.841,0.164,-0.993,-39.568,-0.326
-0.006,-143.255,0.003,-1.020,-20.134,-0.319
-0.023,-141.663,-0.119,-1.034,-5.233,-0.320
-0.033,-144.480,-0.290,-1.055,15.890,-0.326
-0.047,-151.086,-0.458,-1.078,36.243,-0.361
-0.028,-169.444,-0.763,-1.089,50.715,-0.397
-0.002,-192.701,-1.068,-1.084,65.896,-0.468
0.009,-211.251,-1.259,-1.061,75.390,-0.557
0.037,-236.101,-1.364,-1.042,76.711,-0.629
0.052,-249.357,-1.374,-1.030,68.731,-0.679
0.062,-260.514,-1.283,-1.031,54.714,-0.671
0.071,-263.174,-1.088,-1.053,29.802,-0.632
0.075,-260.260,-0.942,-1.085,1.864,-0.557
0.110,-251.090,-0.774,-1.110,-16.861,-0.480
0.148,-242.804,-0.717,-1.134,-35.639,-0.349
0.205,-233.564,-0.688,-1.142,-46.384,-0.209
0.235,-224.997,-0.726,-1.138,-50.321,-0.110
0.245,-219.879,-0.724,-1.118,-53.226,0.004
0.238,-211.085,-0.711,-1.094,-53.944,0.074
0.221,-202.860,-0.652,-1.052,-54.373,0.149
0.223,-197.260,-0.618,-1.014,-55.125,0.206
0.240,-192.351,-0.571,-0.975,-56.341,0.240
0.244,-188.361,-0.550,-0.949,-57.645,0.297
0.210,-183.881,-0.526,-0.944,-59.325,0.340
0.189,-179.795,-0.469,-0.945,-59.019,0.380
0.171,-177.686,-0.399,-0.945,-52.071,0.406
0.151,-174.781,-0.401,-0.960,-46.559,0.413
0.169,-172.113,-0.395,-0.999,-38.920,0.414
0.152,-170.065,-0.350,-1.037,-32.498,0.407
0.137,-167.554,-0.354,-1.089,-22.321,0.390
0.148,-165.602,-0.413,-1.121,-14.578,0.368
0.215,-164.622,-0.505,-1.152,-5.688,0.353
0.268,-160.335,-0.555,-1.174,-2.660,0.332
0.223,-156.686,-0.554,-1.198,-3.596,0.312
0.153,-155.715,-0.520,-1.205,-5.154,0.283
0.145,-156.520,-0.564,-1.182,-4.742,0.245
0.121,-161.674,-0.617,-1.153,-6.134,0.211
0.125,-164.535,-0.698,-1.121,-8.391,0.218
0.091,-160.764,-0.756,-1.105,-13.825,0.222
0.086,-157.211,-0.803,-1.105,-15.680,0.221
0.110,-151.620,-0.777,-1.102,-11.620,0.171
0.095,-148.374,-0.771,-1.096,-6.370,0.126
0.107,-145.976,-0.785,-1.076,1.820,0.057
0.107,-141.024,-0.836,-1.065,6.633,0.024
0.124,-136.378,-0.894,-1.050,10.710,0.009
0.141,-126.831,-0.894,-1.034,11.305,0.005
0.102,-125.423,-0.911,-1.000,10.019,-0.002
0.081,-123.305,-0.900,-0.967,7.070,0.014
0.068,-118.431,-0.870,-0.920,2.082,0.046
0.071,-114.109,-0.829,-0.889,-0.910,0.073
0.105,-110.241,-0.787,-0.853,-4.681,0.103
0.144,-108.080,-0.761,-0.822,-8.137,0.128
0.118,-102.655,-0.764,-0.784,-14.000,0.167
0.119,-98.980,-0.701,-0.764,-18.042,0.194
0.125,-96.346,-0.695,-0.722,-20.974,0.221
0.175,-95.550,-0.694,-0.688,-23.923,0.246
0.147,-88.366,-0.690,-0.648,-29.505,0.277
0.154,-85.067,-0.687,-0.626,-32.856,0.291
0.207,-85.094,-0.736,-0.594,-36.811,0.303
0.207,-81.104,-0.792,-0.576,-42.341,0.325
0.189,-78.286,-0.820,-0.552,-50.785,0.368
0.171,-73.605,-0.828,-0.535,-55.965,0.392
0.144,-69.720,-0.810,-0.504,-60.909,0.420
0.137,-65.380,-0.802,-0.480,-62.886,0.434
0.135,-62.081,-0.829,-0.446,-65.704,0.445
0.124,-59.202,-0.856,-0.425,-68.372,0.456
0.120,-56.700,-0.864,-0.397,-71.951,0.476
0.116,-54.530,-0.842,-0.372,-73.281,0.484
0.114,-52.631,-0.850,-0.338,-73.500,0.493
0.102,-51.222,-0.869,-0.310,-75.031,0.502
0.102,-49.700,-0.861,-0.274,-77.341,0.511
0.089,-47.460,-0.830,-0.249,-77.831,0.515
0.083,-46.664,-0.808,-0.214,-76.930,0.510
0.072,-46.690,-0.763,-0.190,-75.364,0.503
0.073,-46.830,-0.739,-0.159,-73.238,0.502
0.067,-47.548,-0.709,-0.135,-70.805,0.495
0.066,-48.807,-0.705,-0.106,-66.859,0.487
0.066,-50.785,-0.689,-0.085,-63.481,0.476
0.069,-52.299,-0.678,-0.056,-58.537,0.463
0.073,-54.915,-0.689,-0.033,-54.653,0.451
0.083,-57.312,-0.691,-0.008,-48.711,0.431
0.098,-60.708,-0.690,0.008,-44.222,0.416
0.107,-63.088,-0.677,0.022,-38.360,0.396
0.108,-66.378,-0.634,0.027,-33.416,0.383
0.113,-69.335,-0.601,0.024,-26.898,0.366
0.115,-72.573,-0.518,0.013,-21.875,0.347
0.111,-76.414,-0.428,-0.001,-16.441,0.315
0.104,-82.618,-0.293,-0.018,-8.006,0.303
0.087,-85.400,-0.189,-0.026,-1.584,0.296
0.083,-90.694,-0.045,-0.043,7.613,0.300
0.069,-97.099,0.150,-0.053,14.954,0.317
0.039,-101.973,0.289,-0.056,24.999,0.350
0.036,-108.868,0.420,-0.056,31.981,0.383
0.014,-118.116,0.604,-0.052,37.284,0.419
0.001,-123.734,0.724,-0.054,41.659,0.490
-0.041,-133.158,0.888,-0.047,44.397,0.536
-0.083,-144.471,1.061,-0.028,46.287,0.615
-0.068,-155.837,1.395,0.001,46.804,0.681
-0.193,-163.467,1.742,0.033,43.697,0.673
-0.159,-176.645,2.296,0.059,41.930,0.627
-0.185,-182.954,2.826,0.059,36.006,0.607
-0.171,-199.570,3.381,0.068,30.074,0.558
-0.171,-210.044,4.100,0.056,26.591,0.461
-0.089,-231.516,4.473,0.032,26.722,0.382
-0.033,-234.728,4.587,0.016,28.683,0.349
0.068,-238.936,4.538,-0.007,31.229,0.347
0.210,-234.701,4.095,-0.031,35.840,0.357
0.297,-221.375,3.735,-0.032,41.974,0.366
0.364,-202.834,3.434,-0.040,43.969,0.378
0.390,-176.969,3.147,-0.033,40.136,0.378
0.393,-160.072,2.927,0.008,29.365,0.345
0.369,-142.923,2.585,0.049,20.046,0.284
0.324,-136.124,2.294,0.081,11.156,0.196
0.265,-133.105,2.011,0.098,2.179,0.067
0.206,-134.715,1.637,0.095,-2.424,-0.022
0.112,-138.924,1.362,0.076,-5.758,-0.105
0.059,-142.572,1.121,0.054,-10.062,-0.218
0.002,-145.836,0.841,0.047,-12.163,-0.292
-0.007,-146.038,0.680,0.046,-12.495,-0.374
-0.007,-144.655,0.503,0.053,-10.456,-0.411
-0.019,-137.235,0.344,0.060,-5.793,-0.424
-0.008,-130.952,0.229,0.057,-2.205,-0.394
0.040,-118.624,0.081,0.049,1.094,-0.355
0.076,-107.380,-0.120,0.043,2.774,-0.286
0.108,-93.984,-0.064,0.044,9.319,-0.188
0.131,-87.894,0.457,0.078,22.041,-0.133
0.154,-109.681,0.524,0.121,44.914,-0.036
0.019,-150.325,0.017,0.145,75.495,0.076
-0.126,-208.670,-0.892,0.191,87.754,0.154
-0.188,-251.099,-1.186,0.358,87.754,0.168
-0.123,-274.330,-0.926,0.487,85.488,0.146
-0.056,-265.694,-0.206,0.626,81.113,0.096
0.006,-242.314,0.953,0.707,78.260,0.043
0.166,-241.885,1.647,0.750,78.181,-0.043
0.434,-257.451,2.250,0.705,77.989,-0.089
0.747,-267.514,2.391,0.566,76.615,-0.055
1.051,-259.009,2.187,0.295,67.393,0.003
1.271,-228.716,1.676,0.127,50.417,0.079
1.293,-202.011,1.227,0.074,3.570,0.179
1.190,-182.114,0.900,0.131,-48.291,0.263
0.892,-174.081,0.592,0.196,-97.632,0.336
0.633,-180.189,0.236,0.235,-138.758,0.408
0.313,-182.814,-0.438,0.203,-146.387,0.449
0.075,-173.792,-1.181,0.057,-138.810,0.468
-0.103,-148.348,-2.263,-0.060,-134.610,0.425
-0.322,-118.746,-3.106,-0.125,-130.253,0.304
-0.513,-92.207,-3.394,-0.062,-130.454,0.126
-0.581,-78.146,-3.320,0.056,-111.562,-0.110
-0.532,-73.605,-2.973,0.273,-86.135,-0.212
-0.642,-62.624,-2.496,0.421,-51.966,-0.166
-0.925,-46.594,-1.747,0.504,-30.564,-0.082
-0.993,-38.535,-1.115,0.595,-5.836,0.032
-0.993,-33.329,-0.237,0.648,8.759,0.083
-0.854,-35.507,0.110,0.695,32.725,0.110
-0.645,-35.507,0.100,0.697,51.432,0.109
-0.479,-40.976,-0.057,0.686,69.912,0.100
-0.326,-46.611,-0.270,0.701,94.220,0.128
-0.229,-55.606,-0.479,0.734,112.079,0.140
-0.053,-75.512,-0.710,0.794,137.926,0.118
0.095,-94.605,-0.999,0.812,152.880,0.130
0.208,-109.533,-1.115,0.819,166.075,0.129
0.396,-132.064,-1.128,0.821,170.940,0.142
0.532,-147.254,-1.068,0.812,167.204,0.189
0.656,-161.901,-0.947,0.796,160.387,0.247
0.717,-172.515,-0.864,0.784,149.896,0.319
0.739,-182.402,-0.746,0.777,140.910,0.372
0.682,-185.413,-0.621,0.748,126.385,0.379
0.595,-182.691,-0.491,0.719,116.104,0.336
0.521,-172.769,-0.457,0.692,105.140,0.198
0.479,-159.521,-0.449,0.683,97.457,0.062
0.468,-151.690,-0.453,0.682,88.497,-0.130
0.478,-141.155,-0.479,0.693,81.786,-0.265
0.498,-136.334,-0.477,0.713,71.942,-0.408
0.534,-130.261,-0.450,0.731,64.374,-0.479
0.547,-126.044,-0.427,0.751,54.049,-0.529
0.541,-121.223,-0.351,0.765,46.830,-0.542
0.518,-119.831,-0.304,0.791,39.095,-0.519
0.485,-120.137,-0.255,0.808,35.166,-0.480
0.451,-119.368,-0.224,0.817,30.135,-0.410
0.455,-123.550,-0.179,0.822,29.225,-0.369
0.441,-127.811,-0.234,0.829,28.464,-0.294
0.403,-134.085,-0.240,0.822,24.946,-0.236
0.389,-135.467,-0.263,0.822,21.945,-0.159
0.351,-138.451,-0.239,0.828,20.650,-0.115
0.334,-140.840,-0.269,0.827,18.095,-0.054
0.298,-140.271,-0.267,0.824,15.750,-0.014
0.273,-136.999,-0.284,0.819,14.000,0.013
0.253,-135.581,-0.266,0.823,12.740,0.024
0.229,-135.126,-0.259,0.826,12.302,0.042
0.228,-132.484,-0.258,0.829,12.477,0.047
0.207,-125.738,-0.254,0.828,12.451,0.047
0.198,-122.062,-0.240,0.828,13.160,0.026
0.198,-118.309,-0.224,0.829,14.289,0.002
0.206,-116.891,-0.225,0.832,15.024,-0.028
0.224,-115.089,-0.230,0.832,15.321,-0.057
0.240,-114.704,-0.227,0.830,14.271,-0.102
0.262,-115.666,-0.217,0.828,13.405,-0.145
0.273,-117.154,-0.202,0.829,11.611,-0.211
0.284,-119.201,-0.199,0.830,9.905,-0.256
0.326,-123.909,-0.219,0.835,7.779,-0.307
0.343,-130.305,-0.234,0.837,4.646,-0.338
0.366,-131.232,-0.265,0.837,1.435,-0.361
0.358,-132.790,-0.259,0.833,-3.045,-0.385
0.374,-137.891,-0.271,0.828,-5.005,-0.402
0.380,-142.091,-0.285,0.827,-6.930,-0.413
0.382,-145.014,-0.302,0.820,-9.538,-0.414
0.368,-147.630,-0.290,0.804,-12.696,-0.402
0.362,-147.928,-0.316,0.798,-14.875,-0.369
0.345,-146.641,-0.309,0.783,-17.509,-0.344
0.340,-144.349,-0.322,0.769,-20.212,-0.321
0.327,-142.818,-0.321,0.762,-21.753,-0.298
0.307,-141.085,-0.315,0.758,-23.844,-0.276
0.284,-139.650,-0.310,0.756,-25.174,-0.246
0.264,-137.777,-0.296,0.749,-26.276,-0.198
0.250,-136.535,-0.301,0.753,-26.705,-0.150
0.211,-134.488,-0.260,0.756,-26.583,-0.117
0.177,-133.534,-0.245,0.758,-25.847,-0.074
0.153,-133.866,-0.203,0.770,-24.395,-0.046
0.129,-134.601,-0.160,0.784,-21.577,-0.011
0.093,-135.581,-0.100,0.794,-19.451,0.013
0.048,-137.130,-0.027,0.808,-16.896,0.024
0.022,-138.005,0.023,0.815,-11.655,0.028
0.002,-140.044,0.051,0.816,-10.185,0.022
-0.024,-140.429,0.096,0.812,-6.755,0.023
-0.047,-142.887,0.125,0.801,-1.461,0.031
-0.070,-142.511,0.151,0.794,2.310,0.028
-0.072,-143.780,0.152,0.777,8.488,0.023
-0.089,-143.019,0.153,0.751,14.805,0.029
-0.078,-143.395,0.110,0.738,20.151,0.033
-0.075,-144.646,0.113,0.712,27.449,0.038
-0.057,-143.509,0.046,0.686,33.127,0.042
-0.043,-143.999,0.025,0.664,39.603,0.043
-0.024,-142.861,-0.027,0.637,45.579,0.048
-0.008,-142.223,-0.076,0.611,53.139,0.043
0.023,-139.256,-0.149,0.577,58.327,0.038
0.039,-138.276,-0.167,0.550,62.624,0.037
0.056,-137.051,-0.181,0.524,67.147,0.042
0.076,-135.879,-0.191,0.506,70.158,0.035
0.092,-137.139,-0.211,0.486,74.445,0.032
0.104,-138.189,-0.200,0.478,76.554,0.025
0.119,-142.100,-0.183,0.477,78.382,0.015
0.136,-142.651,-0.151,0.464,79.021,0.014
0.159,-143.815,-0.105,0.455,79.424,0.008
0.180,-144.471,-0.064,0.449,79.677,0.006
0.204,-144.944,0.025,0.450,80.666,0.010
0.241,-143.474,-0.005,0.447,82.845,0.014
0.293,-142.538,-0.027,0.429,85.286,0.021
0.308,-143.273,-0.103,0.409,88.086,0.028
0.346,-141.960,-0.239,0.387,92.934,0.046
0.371,-142.494,-0.436,0.378,95.839,0.059
0.380,-144.777,-0.549,0.378,99.426,0.076
0.378,-147.682,-0.680,0.374,100.669,0.084
0.368,-151.497,-0.750,0.358,97.387,0.105
0.349,-155.181,-0.796,0.347,92.155,0.114
0.328,-157.369,-0.802,0.336,86.030,0.130
0.314,-159.040,-0.788,0.314,77.787,0.139
0.294,-160.230,-0.750,0.302,72.651,0.144
0.282,-160.895,-0.696,0.291,67.515,0.156
0.272,-162.286,-0.622,0.284,64.969,0.155
0.261,-162.872,-0.570,0.274,61.679,0.157
0.244,-163.747,-0.508,0.260,58.949,0.159
0.233,-163.756,-0.456,0.251,55.869,0.156
0.216,-164.754,-0.408,0.243,51.879,0.147
0.202,-166.381,-0.381,0.231,49.787,0.139
0.183,-169.339,-0.359,0.214,46.594,0.125
0.175,-169.759,-0.358,0.202,44.336,0.114
0.181,-163.704,-0.343,0.193,42.630,0.099
0.130,-171.798,-0.218,0.198,36.592,0.112
0.136,-172.602,-0.181,0.188,32.121,0.066
0.141,-168.542,-0.237,0.132,36.199,-0.019
0.135,-165.926,-0.226,0.111,39.182,-0.055
0.129,-165.051,-0.139,0.095,36.216,-0.076
0.111,-164.570,-0.037,0.087,31.701,-0.082
0.099,-163.170,0.000,0.085,26.583,-0.088
0.101,-159.460,0.068,0.085,24.211,-0.097
0.103,-155.575,0.133,0.079,21.945,-0.115
0.126,-156.004,0.221,0.073,20.335,-0.141
0.160,-166.504,0.282,0.069,17.281,-0.195
0.205,-185.859,0.299,0.074,16.739,-0.247
0.277,-217.254,0.297,0.077,17.841,-0.305
0.330,-236.101,0.300,0.058,19.801,-0.366
0.377,-247.861,0.256,0.024,20.475,-0.394
0.407,-250.932,0.163,-0.053,21.691,-0.406
0.419,-247.853,-0.039,-0.114,24.308,-0.405
0.406,-244.440,-0.168,-0.188,30.144,-0.411
0.359,-232.103,-0.262,-0.244,33.162,-0.418
0.305,-223.799,-0.184,-0.334,30.966,-0.415
0.237,-208.495,-0.011,-0.406,18.375,-0.416
0.161,-194.950,0.205,-0.533,2.905,-0.426
0.116,-193.891,0.430,-0.608,-22.785,-0.439
0.075,-199.614,0.723,-0.680,-40.967,-0.457
0.063,-204.041,0.916,-0.750,-61.967,-0.486
0.040,-206.001,1.122,-0.805,-74.533,-0.513
-0.002,-203.910,1.182,-0.889,-86.721,-0.548
-0.025,-194.197,1.174,-0.957,-92.890,-0.571
-0.024,-180.337,1.154,-1.044,-94.202,-0.578
-0.013,-172.585,1.108,-1.104,-88.410,-0.598
0.063,-164.841,0.982,-1.148,-75.092,-0.598
0.131,-159.705,0.829,-1.207,-63.298,-0.593
0.169,-159.303,0.664,-1.246,-45.824,-0.553
0.216,-165.008,0.383,-1.265,-29.864,-0.516
0.250,-169.645,0.152,-1.289,-4.742,-0.511
0.336,-172.734,-0.186,-1.309,13.221,-0.519
0.366,-181.799,-0.517,-1.297,35.464,-0.540
0.382,-195.816,-0.838,-1.281,56.306,-0.581
0.409,-209.624,-1.215,-1.261,68.460,-0.599
0.407,-219.275,-1.478,-1.251,77.507,-0.562
0.412,-234.553,-1.784,-1.231,78.846,-0.510
0.389,-245.131,-1.961,-1.182,73.159,-0.435
0.332,-253.899,-2.092,-1.154,62.983,-0.363
0.235,-258.099,-2.092,-1.143,43.575,-0.328
0.162,-253.129,-2.007,-1.156,20.536,-0.290
0.096,-242.165,-1.808,-1.173,1.426,-0.255
0.060,-234.579,-1.605,-1.197,-23.721,-0.209
0.058,-221.069,-1.341,-1.211,-40.679,-0.171
0.091,-208.976,-1.108,-1.227,-57.899,-0.132
0.124,-201.416,-0.965,-1.230,-70.289,-0.097
0.167,-190.750,-0.811,-1.220,-77.507,-0.070
0.207,-182.849,-0.669,-1.178,-84.271,-0.035
0.228,-179.165,-0.586,-1.123,-88.279,-0.004
0.236,-175.648,-0.474,-1.080,-90.134,0.017
0.206,-173.023,-0.385,-1.027,-90.904,0.041
0.230,-171.316,-0.357,-0.995,-89.495,0.049
0.253,-170.048,-0.338,-0.976,-88.681,0.054
0.251,-169.277,-0.323,-0.984,-88.743,0.063
0.259,-167.370,-0.368,-0.993,-87.596,0.064
0.262,-164.955,-0.403,-1.016,-86.118,0.068
0.322,-159.136,-0.438,-1.035,-82.399,0.048
0.372,-158.839,-0.491,-1.066,-76.493,0.031
0.323,-161.402,-0.453,-1.095,-69.650,0.045
0.323,-161.105,-0.520,-1.101,-61.600,0.074
0.369,-154.796,-0.577,-1.114,-52.763,0.111
0.368,-159.268,-0.662,-1.134,-47.836,0.155
0.349,-158.655,-0.754,-1.145,-44.713,0.203
0.381,-151.165,-0.798,-1.150,-41.746,0.241
0.353,-153.650,-0.814,-1.150,-38.841,0.252
0.345,-154.262,-0.836,-1.122,-33.731,0.275
0.294,-143.789,-0.865,-1.091,-30.030,0.277
0.286,-140.289,-0.897,-1.073,-27.081,0.269
0.338,-141.024,-0.982,-1.060,-26.372,0.263
0.324,-134.855,-1.029,-1.035,-27.965,0.267
0.339,-128.826,-1.060,-1.007,-31.097,0.257
0.343,-121.459,-1.089,-0.983,-33.408,0.236
0.349,-115.028,-1.089,-0.949,-36.768,0.205
0.374,-110.854,-1.092,-0.925,-39.393,0.179
0.354,-107.153,-1.073,-0.887,-44.354,0.166
0.314,-102.637,-1.042,-0.849,-48.720,0.155
0.320,-98.586,-1.021,-0.817,-50.925,0.140
0.331,-95.673,-1.026,-0.778,-55.248,0.127
0.309,-92.251,-1.024,-0.751,-58.599,0.115
0.299,-93.336,-1.037,-0.715,-63.403,0.108
0.282,-92.540,-1.038,-0.682,-67.585,0.109
0.287,-90.991,-1.034,-0.642,-72.975,0.114
0.310,-89.582,-1.039,-0.611,-77.674,0.119
0.322,-89.285,-1.031,-0.572,-84.446,0.124
0.317,-85.330,-1.033,-0.544,-89.425,0.137
0.263,-81.629,-0.994,-0.516,-96.723,0.146
0.289,-80.404,-1.007,-0.499,-101.465,0.160
0.248,-76.528,-0.976,-0.485,-108.789,0.177
0.208,-72.476,-0.907,-0.475,-112.306,0.195
0.191,-70.560,-0.858,-0.465,-115.202,0.207
0.182,-69.029,-0.797,-0.450,-115.981,0.228
0.171,-65.914,-0.707,-0.438,-115.369,0.248
0.168,-64.103,-0.640,-0.425,-111.764,0.265
0.148,-62.388,-0.551,-0.416,-107.301,0.276
0.135,-60.821,-0.496,-0.405,-101.518,0.294
0.127,-60.235,-0.463,-0.399,-96.302,0.311
0.123,-60.034,-0.406,-0.394,-92.304,0.324
0.122,-60.778,-0.375,-0.386,-86.231,0.343
0.119,-62.580,-0.374,-0.372,-82.232,0.362
0.129,-64.321,-0.379,-0.364,-77.700,0.387
0.143,-66.894,-0.395,-0.350,-74.786,0.405
0.146,-67.821,-0.392,-0.336,-71.234,0.427
0.139,-70.298,-0.425,-0.307,-68.206,0.440
0.134,-71.942,-0.434,-0.268,-63.123,0.456
0.132,-74.620,-0.448,-0.251,-58.721,0.467
0.127,-76.895,-0.461,-0.214,-51.345,0.492
0.115,-79.214,-0.467,-0.187,-44.660,0.515
0.097,-79.739,-0.453,-0.147,-34.860,0.547
0.074,-79.861,-0.410,-0.111,-26.040,0.565
0.052,-80.658,-0.365,-0.059,-13.361,0.593
0.027,-80.500,-0.280,-0.022,-3.588,0.608
-0.010,-80.841,-0.205,0.011,9.398,0.631
-0.044,-83.755,-0.111,0.048,17.544,0.639
-0.090,-86.511,0.014,0.074,25.874,0.648
-0.135,-89.119,0.116,0.106,33.784,0.667
-0.175,-95.681,0.306,0.129,38.185,0.673
-0.213,-99.838,0.438,0.151,41.939,0.682
-0.271,-106.671,0.596,0.179,45.404,0.681
-0.282,-114.686,0.804,0.194,47.145,0.664
-0.281,-121.257,0.938,0.202,48.020,0.649
-0.277,-127.881,1.205,0.211,46.620,0.644
-0.296,-134.680,1.358,0.207,45.780,0.636
-0.285,-141.383,1.566,0.192,42.709,0.605
-0.229,-153.764,1.832,0.164,38.465,0.585
-0.198,-161.333,1.976,0.133,32.069,0.617
-0.191,-171.544,2.171,0.119,25.541,0.633
-0.133,-177.984,2.285,0.117,18.821,0.595
-0.056,-181.764,2.391,0.115,9.818,0.544
0.036,-187.959,2.456,0.110,5.198,0.511
0.086,-191.118,2.430,0.099,-1.540,0.485
0.133,-193.961,2.417,0.072,-4.156,0.474
0.181,-196.376,2.368,0.045,-5.451,0.470
0.239,-197.286,2.298,0.007,-6.571,0.465
0.287,-196.429,2.214,-0.045,-7.149,0.453
0.355,-193.462,2.059,-0.096,-6.930,0.440
0.386,-190.216,1.928,-0.158,-6.230,0.411
0.434,-182.158,1.724,-0.200,-5.600,0.382
0.472,-176.102,1.552,-0.236,-5.968,0.339
0.496,-165.279,1.311,-0.264,-7.324,0.303
0.503,-160.195,1.158,-0.261,-9.406,0.268
0.481,-154.394,1.022,-0.234,-13.641,0.231
0.385,-141.059,0.896,-0.207,-18.060,0.215
0.390,-148.208,0.867,-0.172,-23.546,0.206
0.265,-136.202,0.828,-0.145,-26.513,0.200
0.247,-128.721,0.757,-0.110,-29.269,0.220
0.184,-122.631,0.724,-0.088,-30.441,0.233
0.176,-117.626,0.605,-0.028,-28.385,0.260
0.135,-111.554,0.478,0.012,-29.304,0.282
0.142,-104.484,0.453,0.062,-29.741,0.301
0.173,-94.456,0.420,0.106,-25.480,0.315
0.206,-85.864,0.697,0.159,-11.113,0.309
0.221,-88.576,0.957,0.254,8.444,0.306
0.104,-122.421,0.619,0.294,29.190,0.331
-0.042,-164.622,-0.112,0.299,42.691,0.360
-0.100,-208.705,-0.795,0.351,41.440,0.320
-0.053,-255.264,-1.163,0.463,30.914,0.189
-0.004,-267.995,-0.952,0.633,12.040,0.106
-0.002,-269.185,-0.109,0.731,-0.070,0.003
0.020,-255.176,0.878,0.751,-5.968,-0.068
0.171,-236.294,1.525,0.699,-0.438,-0.145
0.425,-232.645,2.040,0.582,16.118,-0.251
0.835,-231.262,2.389,0.458,22.015,-0.297
1.089,-226.144,2.418,0.268,9.922,-0.244
1.287,-212.923,2.054,0.167,-12.766,-0.156
1.293,-197.794,1.667,0.153,-38.815,0.011
1.203,-197.636,1.375,0.266,-77.893,0.141
0.921,-218.995,1.195,0.358,-114.800,0.280
0.624,-231.831,1.054,0.342,-169.776,0.501
0.294,-232.995,0.473,0.243,-202.361,0.644
0.092,-217.228,-0.442,0.052,-212.223,0.704
-0.163,-181.606,-1.625,-0.072,-200.270,0.569
-0.393,-162.444,-2.691,-0.106,-175.009,0.349
-0.452,-152.714,-3.304,-0.025,-156.249,0.029
-0.568,-142.179,-3.590,0.077,-148.374,-0.339
-0.615,-122.666,-3.347,0.145,-148.111,-0.522
-0.687,-90.221,-2.419,0.198,-148.137,-0.525
-0.668,-66.299,-1.646,0.293,-129.465,-0.481
-0.731,-43.347,-0.737,0.383,-99.978,-0.335
-0.743,-30.126,-0.273,0.431,-75.224,-0.196
-0.770,-21.446,-0.177,0.440,-42.429,0.010
-0.682,-16.135,-0.284,0.471,-14.350,0.122
-0.677,-12.775,-0.354,0.538,22.243,0.313
-0.519,-18.077,-0.435,0.599,50.522,0.448
-0.418,-22.138,-0.546,0.635,77.744,0.606
-0.365,-46.655,-0.561,0.695,89.600,0.692
-0.238,-63.814,-0.571,0.758,97.151,0.737
-0.105,-82.679,-0.557,0.822,109.515,0.783
0.047,-102.550,-0.572,0.833,118.904,0.794
0.164,-117.469,-0.552,0.806,129.342,0.747
0.300,-139.352,-0.556,0.771,135.914,0.697
0.395,-152.329,-0.535,0.717,137.655,0.629
0.412,-165.655,-0.467,0.687,131.565,0.601
0.409,-174.265,-0.433,0.653,120.566,0.536
0.375,-181.720,-0.435,0.639,112.525,0.467
0.355,-183.444,-0.456,0.632,103.241,0.343
0.338,-185.404,-0.495,0.646,97.878,0.246
0.299,-180.836,-0.475,0.677,90.300,0.101
0.292,-174.886,-0.418,0.695,84.376,-0.013
0.290,-168.788,-0.382,0.710,75.591,-0.152
0.297,-160.746,-0.297,0.712,68.285,-0.226
0.305,-152.915,-0.232,0.716,60.095,-0.293
0.332,-141.943,-0.144,0.716,55.116,-0.336
0.368,-134.864,-0.113,0.723,49.560,-0.386
0.396,-126.805,-0.069,0.725,44.056,-0.400
0.416,-124.005,-0.060,0.726,35.998,-0.390
0.410,-123.384,-0.066,0.725,29.846,-0.370
0.403,-125.317,-0.063,0.728,23.844,-0.334
0.396,-130.655,-0.107,0.733,20.746,-0.291
0.385,-135.406,-0.158,0.730,16.398,-0.228
0.345,-140.193,-0.187,0.727,12.591,-0.173
0.337,-143.526,-0.208,0.718,8.794,-0.115
0.309,-146.851,-0.234,0.706,6.274,-0.086
0.276,-148.383,-0.238,0.697,3.666,-0.039
0.246,-146.633,-0.231,0.695,1.969,-0.010
0.218,-143.719,-0.186,0.693,1.794,0.017
0.207,-141.452,-0.143,0.692,3.588,0.030
0.187,-133.639,-0.107,0.692,5.119,0.036
0.177,-128.896,-0.087,0.689,7.044,0.041
0.173,-123.673,-0.065,0.697,8.855,0.046
0.175,-118.668,-0.045,0.703,10.596,0.047
0.184,-115.482,-0.042,0.711,12.994,0.042
0.211,-113.094,-0.068,0.723,14.805,0.037
0.226,-113.610,-0.082,0.732,16.083,0.028
0.236,-114.467,-0.103,0.744,17.010,0.021
0.260,-115.684,-0.125,0.752,16.975,0.003
0.267,-117.618,-0.134,0.761,16.511,-0.030
0.287,-120.015,-0.142,0.769,15.523,-0.064
0.305,-122.596,-0.148,0.775,14.403,-0.120
0.333,-126.385,-0.174,0.775,12.836,-0.161
0.356,-129.526,-0.191,0.777,10.325,-0.215
0.365,-132.090,-0.216,0.775,7.534,-0.247
0.365,-134.234,-0.219,0.771,4.095,-0.283
0.362,-136.062,-0.248,0.767,0.936,-0.303
0.345,-138.049,-0.251,0.763,-1.663,-0.327
0.334,-138.591,-0.263,0.755,-4.699,-0.329
0.318,-139.886,-0.246,0.751,-8.479,-0.335
0.307,-140.166,-0.240,0.740,-9.021,-0.336
0.301,-141.697,-0.221,0.733,-10.491,-0.323
0.293,-143.378,-0.202,0.720,-11.533,-0.309
0.288,-143.824,-0.166,0.711,-12.915,-0.284
0.273,-143.850,-0.146,0.706,-14.009,-0.256
0.234,-140.193,-0.078,0.699,-15.286,-0.227
0.250,-141.759,-0.030,0.693,-15.076,-0.203
0.235,-140.971,0.028,0.690,-14.175,-0.188
0.231,-142.284,0.047,0.687,-13.002,-0.161
0.208,-142.205,0.032,0.682,-11.095,-0.140
0.200,-142.371,0.014,0.680,-7.621,-0.114
0.186,-141.916,-0.026,0.674,-4.865,-0.093
0.179,-141.706,-0.061,0.673,-0.892,-0.064
0.160,-141.986,-0.108,0.674,4.795,-0.046
0.151,-141.610,-0.171,0.671,9.852,-0.029
0.149,-141.033,-0.233,0.663,16.013,-0.012
0.139,-140.420,-0.319,0.655,20.913,-0.002
0.125,-140.577,-0.378,0.644,27.073,0.014
0.123,-138.915,-0.471,0.631,31.614,0.017
0.112,-138.959,-0.526,0.622,37.739,0.016
0.091,-138.285,-0.599,0.609,42.079,0.013
0.068,-138.959,-0.641,0.597,46.191,0.011
0.051,-138.556,-0.651,0.581,47.897,-0.000
0.030,-138.303,-0.605,0.571,48.204,-0.004
0.031,-138.180,-0.557,0.565,46.559,-0.017
0.022,-136.789,-0.453,0.563,43.785,-0.025
0.035,-135.643,-0.361,0.560,39.139,-0.030
0.054,-135.415,-0.314,0.559,36.120,-0.038
0.078,-132.484,-0.285,0.563,32.812,-0.041
0.116,-131.714,-0.265,0.562,31.316,-0.044
0.139,-129.762,-0.281,0.558,30.870,-0.040
0.174,-126.210,-0.300,0.552,31.815,-0.041
0.194,-123.839,-0.312,0.552,33.241,-0.040
0.219,-123.296,-0.306,0.551,37.502,-0.040
0.247,-121.459,-0.316,0.549,38.447,-0.043
0.242,-121.406,-0.314,0.548,40.478,-0.043
0.235,-121.564,-0.317,0.548,44.021,-0.050
0.260,-122.762,-0.304,0.544,45.780,-0.051
0.264,-124.224,-0.293,0.537,46.182,-0.056
0.265,-127.243,-0.277,0.527,46.524,-0.059
0.267,-130.594,-0.256,0.519,45.798,-0.061
0.265,-133.000,-0.239,0.514,43.776,-0.061
0.258,-137.375,-0.188,0.507,41.991,-0.055
0.251,-140.420,-0.161,0.498,38.798,-0.045
0.236,-142.949,-0.135,0.480,35.490,-0.034
0.234,-144.200,-0.098,0.465,31.841,-0.023
0.237,-144.944,-0.107,0.428,29.164,-0.016
0.229,-145.337,-0.129,0.398,26.136,-0.003
0.234,-144.830,-0.194,0.363,23.529,0.009
0.235,-144.812,-0.242,0.339,21.569,0.023
0.230,-145.399,-0.281,0.311,19.626,0.032
0.218,-145.434,-0.342,0.292,18.165,0.051
0.210,-147.087,-0.367,0.271,18.191,0.063
0.186,-148.663,-0.422,0.260,19.285,0.077
0.167,-150.955,-0.454,0.252,21.840,0.090
0.134,-153.851,-0.483,0.245,24.421,0.095
0.121,-154.079,-0.502,0.230,26.731,0.097
0.089,-154.779,-0.509,0.218,30.791,0.100
0.052,-154.971,-0.513,0.210,33.381,0.107
0.031,-157.045,-0.503,0.203,35.971,0.099
0.002,-154.306,-0.534,0.170,39.524,0.076
-0.015,-151.130,-0.546,0.142,43.059,0.066
-0.047,-147.928,-0.489,0.127,42.989,0.067
-0.068,-146.965,-0.421,0.128,40.259,0.074
-0.081,-145.390,-0.357,0.128,38.307,0.083
-0.080,-144.174,-0.320,0.127,36.881,0.078
-0.058,-141.768,-0.250,0.130,37.564,0.074
-0.022,-139.186,-0.210,0.131,40.390,0.058
0.046,-137.042,-0.184,0.130,43.575,0.041
0.115,-139.475,-0.192,0.133,48.020,0.013
0.184,-149.564,-0.236,0.150,51.931,-0.016
0.292,-173.600,-0.333,0.166,55.974,-0.058
0.367,-192.745,-0.425,0.178,59.614,-0.090
0.452,-211.295,-0.462,0.171,60.743,-0.108
0.503,-222.836,-0.571,0.139,59.754,-0.115
0.539,-222.880,-0.656,0.111,60.156,-0.109
0.539,-217.945,-0.768,0.067,60.603,-0.096
0.498,-212.319,-0.804,0.032,58.494,-0.070
0.443,-201.635,-0.734,-0.016,53.541,-0.059
0.365,-194.652,-0.646,-0.067,43.111,-0.054
0.285,-180.758,-0.442,-0.131,31.465,-0.058
0.236,-171.447,-0.302,-0.184,16.538,-0.050
0.187,-167.423,-0.123,-0.211,5.267,-0.041
0.169,-171.430,0.006,-0.240,-8.505,-0.033
0.162,-186.349,0.151,-0.264,-15.890,-0.045
0.164,-202.598,0.232,-0.304,-22.006,-0.081
0.174,-223.676,0.300,-0.336,-25.007,-0.137
0.181,-238.595,0.295,-0.387,-28.131,-0.183
0.184,-243.329,0.251,-0.446,-30.214,-0.249
0.182,-242.095,0.119,-0.496,-30.301,-0.291
0.166,-237.309,-0.000,-0.566,-29.523,-0.347
0.136,-225.645,-0.137,-0.623,-29.960,-0.394
0.076,-210.717,-0.216,-0.709,-31.824,-0.425
0.042,-199.202,-0.178,-0.793,-39.419,-0.477