0.180,-169.864,0.639,-0.411,-42.184,-0.178
0.178,-171.098,0.655,-0.442,-42.368,-0.188
0.193,-172.690,0.672,-0.463,-41.510,-0.195
0.217,-174.633,0.650,-0.494,-39.961,-0.208
0.219,-177.485,0.634,-0.525,-38.710,-0.228
0.220,-175.315,0.604,-0.538,-38.447,-0.245
0.257,-179.786,0.582,-0.574,-38.885,-0.288
0.254,-182.901,0.559,-0.600,-38.465,-0.292
0.249,-185.255,0.522,-0.623,-38.658,-0.295
0.229,-189.551,0.528,-0.638,-38.745,-0.293
0.239,-189.499,0.517,-0.666,-38.377,-0.290
0.238,-188.685,0.512,-0.709,-38.194,-0.292
0.225,-186.445,0.498,-0.739,-38.045,-0.292
0.204,-185.010,0.487,-0.766,-36.776,-0.287
0.184,-181.720,0.450,-0.777,-34.790,-0.270
0.170,-180.705,0.424,-0.787,-31.097,-0.255
0.161,-179.410,0.385,-0.798,-28.954,-0.237
0.134,-175.542,0.326,-0.808,-28.061,-0.222
0.115,-173.766,0.288,-0.815,-28.875,-0.203
0.109,-175.805,0.208,-0.814,-30.599,-0.204
0.085,-172.314,0.149,-0.810,-36.662,-0.194
0.069,-169.286,0.193,-0.808,-46.576,-0.181
0.023,-165.568,0.186,-0.811,-55.221,-0.152
-0.020,-162.435,0.206,-0.828,-67.567,-0.124
-0.063,-157.806,0.229,-0.843,-74.296,-0.113
-0.106,-156.783,0.234,-0.850,-76.396,-0.140
-0.128,-157.299,0.208,-0.853,-74.226,-0.184
-0.146,-156.861,0.132,-0.865,-71.855,-0.219
-0.178,-154.254,0.051,-0.897,-68.128,-0.262
-0.204,-151.620,0.000,-0.933,-63.674,-0.284
-0.229,-145.372,-0.037,-0.956,-59.981,-0.286
-0.292,-139.807,-0.044,-0.969,-53.463,-0.290
-0.228,-138.714,-0.078,-0.966,-44.371,-0.312
-0.223,-138.705,-0.081,-0.959,-35.656,-0.310
-0.213,-139.633,-0.066,-0.949,-28.892,-0.300
-0.190,-141.908,-0.043,-0.929,-21.000,-0.298
-0.184,-142.048,-0.009,-0.899,-15.794,-0.293
-0.114,-145.031,0.026,-0.862,-13.834,-0.289
-0.103,-143.693,0.098,-0.824,-12.898,-0.283
-0.112,-141.724,0.143,-0.777,-12.477,-0.281
-0.093,-138.688,0.155,-0.732,-11.480,-0.281
-0.077,-135.188,0.166,-0.699,-11.410,-0.284
-0.069,-133.402,0.179,-0.656,-10.483,-0.283
-0.049,-132.458,0.170,-0.609,-8.820,-0.283
-0.034,-130.217,0.169,-0.575,-7.306,-0.281
-0.027,-128.389,0.154,-0.532,-5.854,-0.275
-0.017,-125.912,0.190,-0.499,-4.935,-0.271
-0.001,-124.180,0.223,-0.461,-2.704,-0.261
0.017,-123.200,0.235,-0.437,-0.980,-0.254
0.047,-121.039,0.234,-0.415,-0.569,-0.248
0.067,-120.724,0.240,-0.392,-0.945,-0.249
0.084,-118.939,0.250,-0.401,-1.050,-0.248
0.106,-118.668,0.240,-0.396,-0.087,-0.245
0.131,-118.387,0.222,-0.394,1.059,-0.246
0.160,-118.431,0.201,-0.397,1.671,-0.247
0.177,-118.265,0.216,-0.394,2.100,-0.240
0.208,-118.221,0.241,-0.388,2.870,-0.233
0.228,-118.772,0.269,-0.378,3.894,-0.222
0.251,-118.842,0.340,-0.370,4.620,-0.210
0.262,-119.385,0.383,-0.353,5.793,-0.186
0.273,-119.420,0.406,-0.347,6.221,-0.172
0.273,-120.741,0.411,-0.350,5.906,-0.137
0.287,-120.890,0.427,-0.350,5.119,-0.113
0.288,-121.616,0.443,-0.347,4.515,-0.090
0.279,-121.310,0.435,-0.346,4.174,-0.063
0.270,-121.109,0.391,-0.343,3.631,-0.048
0.253,-119.884,0.351,-0.334,2.152,-0.026
0.238,-119.140,0.286,-0.316,0.770,-0.020
0.227,-119.105,0.246,-0.297,-0.394,-0.018
0.214,-117.836,0.186,-0.276,-2.091,-0.016
0.208,-116.882,0.187,-0.266,-2.170,-0.024
0.197,-114.677,0.204,-0.264,-0.621,-0.025
0.197,-113.838,0.247,-0.263,0.770,-0.041
0.191,-114.555,0.266,-0.252,2.284,-0.061
0.192,-115.168,0.273,-0.239,2.441,-0.078
0.184,-116.007,0.297,-0.229,0.989,-0.090
0.185,-117.521,0.352,-0.222,-0.245,-0.093
0.180,-117.066,0.384,-0.226,-3.675,-0.095
0.160,-116.524,0.448,-0.234,-5.985,-0.093
0.152,-115.456,0.481,-0.245,-8.837,-0.086
0.132,-114.485,0.546,-0.250,-10.500,-0.083
0.122,-113.759,0.577,-0.247,-11.716,-0.083
0.114,-111.090,0.604,-0.239,-11.909,-0.083
0.103,-110.827,0.610,-0.214,-11.130,-0.084
0.095,-110.819,0.653,-0.189,-10.028,-0.086
0.077,-110.836,0.717,-0.166,-9.546,-0.086
0.094,-112.061,0.751,-0.160,-9.345,-0.088
0.147,-117.381,0.735,-0.157,-10.141,-0.085
0.140,-118.256,0.770,-0.174,-14.936,-0.063
0.137,-119.516,0.845,-0.188,-16.275,-0.048
0.144,-121.091,0.861,-0.194,-15.969,-0.025
0.130,-121.091,0.851,-0.187,-16.450,-0.004
0.111,-122.062,0.836,-0.165,-17.378,0.012
0.091,-121.371,0.846,-0.142,-18.769,0.026
0.073,-120.321,0.858,-0.106,-19.031,0.027
0.060,-119.656,0.877,-0.080,-20.344,0.038
0.028,-118.466,0.886,-0.057,-21.000,0.042
0.016,-116.891,0.879,-0.046,-21.140,0.041
-0.016,-114.677,0.854,-0.041,-20.449,0.036
-0.035,-112.717,0.846,-0.034,-19.784,0.025
-0.053,-111.003,0.844,-0.029,-19.862,0.017
-0.069,-110.880,0.883,-0.022,-19.119,0.010
-0.076,-110.460,0.936,-0.016,-18.095,0.005
-0.075,-112.201,0.940,-0.012,-15.234,0.002
-0.083,-113.059,0.965,-0.013,-10.981,-0.003
-0.080,-115.168,0.975,-0.017,-7.254,-0.001
-0.077,-117.031,0.988,-0.026,-2.467,0.002
-0.101,-115.798,1.012,-0.035,0.761,0.011
-0.085,-115.141,1.025,-0.045,4.191,0.020
-0.079,-115.036,1.082,-0.046,5.793,0.030
-0.074,-115.588,1.095,-0.031,8.540,0.057
-0.091,-118.606,1.092,-0.017,8.680,0.085
-0.087,-120.934,1.103,-0.009,6.878,0.122
-0.090,-124.250,1.138,-0.007,4.384,0.152
-0.072,-128.896,1.196,-0.011,4.996,0.177
-0.060,-132.361,1.257,-0.019,5.582,0.217
-0.060,-135.923,1.306,-0.033,6.160,0.250
-0.062,-137.795,1.317,-0.049,7.219,0.278
-0.059,-138.749,1.308,-0.061,8.733,0.284
-0.063,-138.548,1.299,-0.067,9.993,0.321
-0.063,-138.023,1.295,-0.069,12.057,0.287
-0.070,-135.818,1.288,-0.071,13.939,0.288
-0.069,-134.540,1.283,-0.069,16.459,0.291
-0.077,-131.985,1.288,-0.069,17.990,0.299
-0.084,-129.640,1.291,-0.062,19.985,0.307
-0.081,-127.067,1.293,-0.055,21.516,0.304
-0.082,-124.950,1.309,-0.044,25.051,0.307
-0.075,-122.202,1.297,-0.038,27.545,0.305
-0.062,-121.161,1.288,-0.025,30.791,0.301
-0.054,-117.688,1.274,-0.017,32.987,0.289
-0.044,-115.054,1.255,-0.005,35.858,0.269
-0.021,-112.149,1.215,0.002,37.625,0.251
-0.012,-110.521,1.180,0.014,39.235,0.220
0.002,-107.861,1.120,0.020,39.769,0.201
0.012,-106.015,1.086,0.046,39.165,0.180
0.025,-105.122,1.041,0.048,37.730,0.167
0.034,-104.309,1.002,0.065,36.111,0.159
0.033,-105.586,0.986,0.091,34.064,0.142
0.036,-105.945,0.954,0.112,32.401,0.130
0.038,-108.325,0.951,0.129,30.529,0.117
0.047,-109.419,0.958,0.149,28.044,0.095
0.057,-111.081,0.990,0.165,26.241,0.078
0.076,-112.543,1.028,0.178,24.605,0.059
0.084,-112.875,1.079,0.199,22.479,0.032
0.131,-114.083,1.130,0.217,22.304,0.010
0.150,-114.196,1.132,0.226,21.726,-0.007
0.156,-112.569,1.117,0.241,20.851,-0.023
0.173,-111.825,1.079,0.254,20.484,-0.025
0.162,-109.725,1.044,0.269,19.784,-0.013
0.163,-107.590,0.974,0.281,19.189,0.009
0.152,-107.730,0.914,0.293,19.093,0.037
0.155,-104.982,0.830,0.309,19.548,0.096
0.155,-102.165,0.703,0.318,19.285,0.143
0.172,-97.589,0.572,0.330,20.073,0.188
0.185,-95.603,0.414,0.361,24.237,0.236
0.199,-93.870,0.282,0.398,29.916,0.263
0.167,-99.382,0.264,0.456,37.048,0.280
0.108,-115.990,0.236,0.533,43.864,0.298
0.059,-143.964,0.188,0.643,48.781,0.302
0.012,-184.616,0.206,0.705,49.971,0.304
0.049,-211.251,0.287,0.734,52.561,0.293
0.107,-229.924,0.493,0.706,61.416,0.281
0.205,-249.051,0.904,0.638,73.202,0.263
0.305,-258.038,1.323,0.529,91.105,0.225
0.425,-260.094,1.772,0.352,104.772,0.213
0.642,-260.356,2.367,0.236,115.544,0.235
0.818,-258.405,2.708,0.145,114.800,0.339
1.038,-248.220,2.991,0.097,99.759,0.440
1.102,-234.036,2.887,0.054,76.204,0.559
1.060,-212.161,2.554,0.007,37.861,0.636
0.905,-187.311,1.963,0.006,8.925,0.708
0.740,-172.568,1.426,0.040,-20.160,0.790
0.621,-161.726,0.919,0.094,-55.248,0.853
0.464,-149.538,0.164,0.120,-76.020,0.863
0.324,-143.150,-0.452,0.111,-92.619,0.844
0.158,-129.246,-1.216,0.080,-97.702,0.792
0.039,-117.162,-1.629,0.033,-99.348,0.704
-0.066,-99.689,-1.892,0.019,-97.265,0.619
-0.118,-87.614,-1.833,0.037,-91.691,0.543
-0.188,-77.070,-1.623,0.057,-85.461,0.509
-0.351,-63.219,-1.301,0.080,-72.196,0.469
-0.399,-57.339,-0.878,0.104,-57.138,0.427
-0.483,-56.298,-0.614,0.166,-33.985,0.373
-0.587,-62.116,-0.318,0.195,-19.198,0.336
-0.640,-65.853,-0.099,0.210,-0.061,0.272
-0.612,-75.679,0.054,0.216,15.811,0.214
-0.542,-87.710,0.106,0.223,30.056,0.156
-0.472,-104.020,0.102,0.239,42.464,0.136
-0.357,-120.496,0.073,0.258,49.166,0.122
-0.281,-127.846,0.006,0.294,58.153,0.110
-0.154,-134.890,-0.110,0.320,66.955,0.113
-0.052,-140.140,-0.238,0.367,79.494,0.119
0.065,-149.826,-0.361,0.398,87.579,0.128
0.136,-160.283,-0.446,0.433,95.944,0.141
0.175,-168.394,-0.501,0.463,98.455,0.169
0.178,-177.004,-0.491,0.469,97.387,0.196
0.177,-181.055,-0.436,0.462,93.966,0.223
0.132,-181.895,-0.337,0.447,90.335,0.230
0.113,-181.090,-0.272,0.426,85.768,0.231
0.069,-170.774,-0.206,0.410,81.427,0.215
0.039,-161.227,-0.123,0.401,77.683,0.181
0.044,-153.484,-0.084,0.399,75.224,0.128
0.060,-143.824,-0.094,0.400,74.471,0.071
0.081,-138.583,-0.129,0.400,74.629,-0.008
0.118,-133.849,-0.154,0.405,75.180,-0.061
0.149,-132.615,-0.163,0.424,76.405,-0.119
0.190,-132.212,-0.174,0.437,76.860,-0.153
0.215,-131.049,-0.178,0.448,77.262,-0.188
0.237,-131.084,-0.199,0.458,76.781,-0.206
0.266,-131.967,-0.203,0.474,77.577,-0.218
0.308,-134.277,-0.243,0.486,78.470,-0.221
0.312,-136.211,-0.256,0.500,79.686,-0.213
0.345,-136.307,-0.305,0.510,80.238,-0.196
0.344,-134.671,-0.315,0.521,80.036,-0.152
0.343,-132.072,-0.319,0.537,80.929,-0.125
0.336,-129.902,-0.324,0.552,81.541,-0.092
0.322,-126.403,-0.318,0.568,81.104,-0.082
0.317,-124.171,-0.314,0.595,81.743,-0.074
0.318,-122.001,-0.317,0.614,83.090,-0.070
0.328,-122.185,-0.359,0.639,84.770,-0.064
0.351,-122.421,-0.407,0.656,84.823,-0.060
0.362,-122.456,-0.424,0.669,83.956,-0.051
0.393,-123.804,-0.411,0.681,82.845,-0.051
0.410,-124.460,-0.404,0.691,80.132,-0.052
0.431,-125.090,-0.397,0.697,78.059,-0.058
0.460,-125.265,-0.391,0.707,75.941,-0.073
0.496,-125.458,-0.377,0.711,74.314,-0.089
0.525,-126.018,-0.372,0.718,72.118,-0.115
0.530,-128.529,-0.350,0.725,69.239,-0.135
0.549,-129.658,-0.356,0.727,65.581,-0.143
0.553,-127.312,-0.345,0.722,61.766,-0.157
0.545,-128.467,-0.316,0.718,55.886,-0.169
0.557,-129.850,-0.282,0.713,50.925,-0.184
0.555,-129.990,-0.254,0.704,42.534,-0.197
0.551,-130.077,-0.224,0.692,36.339,-0.211
0.558,-130.848,-0.214,0.682,30.538,-0.228
0.537,-131.311,-0.193,0.676,26.740,-0.247
0.527,-131.600,-0.186,0.666,23.433,-0.277
0.524,-132.046,-0.228,0.657,20.816,-0.299
0.516,-131.215,-0.249,0.648,16.135,-0.321
0.504,-128.529,-0.228,0.647,12.810,-0.332
0.499,-126.945,-0.188,0.650,9.398,-0.335
0.501,-125.099,-0.137,0.654,7.245,-0.332
0.505,-123.156,-0.113,0.656,4.532,-0.314
0.493,-120.811,-0.064,0.655,2.835,-0.301
0.484,-121.135,-0.030,0.652,0.464,-0.274
0.469,-121.091,0.022,0.652,-1.689,-0.254
0.438,-122.430,0.068,0.650,-4.541,-0.217
0.417,-123.646,0.107,0.648,-8.172,-0.198
0.376,-127.015,0.127,0.646,-11.436,-0.174
0.335,-130.454,0.120,0.646,-14.770,-0.145
0.316,-133.884,0.065,0.644,-16.625,-0.128
0.259,-139.396,0.062,0.643,-18.830,-0.111
0.194,-138.591,0.085,0.649,-19.311,-0.082
0.179,-140.096,0.163,0.644,-17.990,-0.075
0.157,-143.089,0.166,0.648,-15.278,-0.066
0.129,-144.191,0.165,0.649,-14.770,-0.039
0.087,-144.209,0.203,0.652,-13.720,-0.023
0.059,-146.326,0.209,0.659,-10.745,-0.010
0.015,-145.521,0.172,0.664,-8.566,-0.002
-0.009,-143.054,0.142,0.663,-6.326,0.003
-0.038,-142.144,0.126,0.665,-5.084,0.000
-0.044,-142.678,0.103,0.673,-1.759,-0.014
-0.065,-141.934,0.050,0.684,0.989,-0.023
-0.066,-143.281,0.015,0.694,5.863,-0.031
-0.060,-141.794,-0.058,0.705,9.126,-0.035
-0.063,-139.842,-0.078,0.706,12.101,-0.052
-0.054,-138.530,-0.096,0.717,16.389,-0.065
-0.054,-136.404,-0.091,0.727,21.236,-0.080
-0.036,-134.890,-0.103,0.734,25.069,-0.101
-0.002,-135.012,-0.132,0.747,29.540,-0.135
0.046,-134.330,-0.166,0.756,31.106,-0.150
0.085,-135.266,-0.173,0.768,31.972,-0.162
0.126,-134.628,-0.182,0.775,32.681,-0.174
0.181,-136.631,-0.216,0.789,33.688,-0.182
0.245,-139.055,-0.248,0.802,33.189,-0.184
0.283,-137.664,-0.254,0.810,29.531,-0.170
0.303,-135.266,-0.257,0.805,25.769,-0.171
0.338,-133.201,-0.256,0.799,20.554,-0.178
0.372,-132.781,-0.226,0.808,17.343,-0.196
0.402,-134.190,-0.196,0.826,14.674,-0.214
0.423,-135.258,-0.169,0.832,12.092,-0.225
0.430,-135.599,-0.146,0.829,6.554,-0.231
0.441,-137.917,-0.139,0.823,1.759,-0.236
0.448,-137.270,-0.125,0.815,-5.057,-0.243
0.440,-141.759,-0.118,0.810,-9.704,-0.242
0.445,-142.625,-0.120,0.796,-15.899,-0.232
0.418,-147.849,-0.100,0.780,-20.247,-0.227
0.401,-150.841,-0.062,0.755,-24.657,-0.210
0.399,-155.339,-0.032,0.731,-28.122,-0.201
0.394,-160.869,-0.013,0.697,-29.391,-0.189
0.382,-164.238,0.026,0.658,-30.546,-0.184
0.363,-169.155,0.058,0.623,-29.890,-0.171
0.345,-170.135,0.076,0.582,-28.359,-0.148
0.305,-172.865,0.076,0.549,-27.493,-0.121
0.279,-172.025,0.068,0.515,-25.979,-0.084
0.238,-169.995,0.084,0.488,-24.220,-0.053
0.201,-167.886,0.070,0.451,-21.683,-0.009
0.137,-162.277,0.024,0.423,-17.806,0.031
0.082,-158.848,-0.005,0.396,-12.556,0.084
0.016,-153.842,-0.017,0.380,-8.680,0.120
-0.029,-149.599,-0.021,0.362,-1.829,0.172
-0.090,-144.970,-0.046,0.355,3.832,0.202
-0.124,-142.301,-0.076,0.350,13.729,0.226
-0.153,-138.128,-0.150,0.346,21.901,0.238
-0.170,-137.366,-0.192,0.338,32.970,0.240
-0.174,-139.160,-0.276,0.326,41.790,0.236
-0.171,-138.119,-0.361,0.311,53.314,0.236
-0.150,-138.320,-0.468,0.294,62.528,0.229
-0.127,-139.947,-0.544,0.286,74.279,0.217
-0.080,-139.536,-0.630,0.275,82.495,0.208
-0.046,-140.691,-0.720,0.252,93.765,0.193
-0.004,-140.298,-0.834,0.235,100.249,0.187
0.036,-141.356,-0.909,0.224,104.230,0.184
0.085,-143.789,-1.010,0.217,106.033,0.172
0.124,-146.239,-1.063,0.212,109.436,0.147
0.164,-147.700,-1.103,0.202,111.064,0.133
0.185,-149.651,-1.169,0.184,112.210,0.116
0.223,-150.789,-1.282,0.173,112.166,0.112
0.251,-152.915,-1.334,0.172,109.366,0.099
0.277,-157.351,-1.383,0.181,106.662,0.090
0.293,-160.431,-1.391,0.185,100.660,0.077
0.308,-161.744,-1.355,0.183,94.859,0.063
0.315,-161.551,-1.288,0.179,87.658,0.049
0.324,-160.484,-1.171,0.175,83.641,0.039
0.337,-158.664,-1.077,0.170,77.228,0.021
0.347,-157.631,-0.983,0.169,73.115,0.012
0.356,-156.415,-0.865,0.170,68.399,0.007
0.362,-156.345,-0.793,0.172,62.554,-0.003
0.362,-157.150,-0.736,0.173,58.748,-0.011
0.361,-156.730,-0.684,0.180,55.781,-0.030
0.353,-157.666,-0.645,0.182,53.839,-0.046
0.354,-157.185,-0.597,0.185,51.713,-0.071
0.351,-153.423,-0.525,0.185,49.901,-0.088
0.362,-152.408,-0.490,0.186,47.250,-0.112
0.387,-156.546,-0.415,0.199,45.141,-0.145
0.423,-167.501,-0.367,0.219,42.035,-0.195
0.492,-191.327,-0.348,0.238,39.568,-0.237
0.535,-210.455,-0.350,0.243,35.945,-0.295
0.574,-227.955,-0.357,0.222,33.154,-0.324
0.570,-232.680,-0.332,0.176,29.190,-0.334
0.545,-233.616,-0.244,0.138,24.920,-0.331
0.517,-229.670,-0.178,0.075,24.132,-0.338
0.477,-222.066,-0.062,0.021,23.914,-0.339
0.436,-216.204,0.072,-0.037,18.497,-0.311
0.375,-211.076,0.240,-0.080,10.972,-0.286
0.325,-209.239,0.355,-0.134,-0.166,-0.248
0.252,-207.454,0.479,-0.174,-7.420,-0.231
0.193,-206.841,0.588,-0.264,-14.962,-0.222
0.138,-204.260,0.654,-0.330,-19.250,-0.220
0.074,-202.361,0.747,-0.404,-24.141,-0.208
0.033,-199.439,0.812,-0.482,-28.648,-0.206
-0.031,-194.390,0.925,-0.545,-32.042,-0.208
-0.059,-189.840,1.002,-0.625,-37.537,-0.219
-0.092,-180.740,1.137,-0.679,-44.634,-0.210
-0.156,-180.031,1.212,-0.755,-49.472,-0.200
-0.168,-173.180,1.278,-0.825,-55.983,-0.199
-0.197,-165.585,1.377,-0.877,-60.358,-0.212
-0.224,-158.200,1.469,-0.950,-63.315,-0.221
-0.232,-155.479,1.525,-1.018,-66.920,-0.260
-0.238,-148.549,1.528,-1.071,-66.570,-0.321
-0.222,-143.229,1.469,-1.141,-63.315,-0.366
-0.214,-141.006,1.426,-1.194,-57.557,-0.434
-0.162,-142.809,1.288,-1.237,-45.421,-0.525
-0.126,-144.996,1.098,-1.304,-32.935,-0.579
-0.103,-148.811,0.955,-1.368,-16.074,-0.634
-0.061,-159.574,0.732,-1.400,1.146,-0.676
0.022,-173.057,0.404,-1.406,14.184,-0.708
0.076,-185.010,0.133,-1.397,30.336,-0.743
0.157,-200.594,-0.299,-1.371,40.784,-0.768
0.224,-215.145,-0.690,-1.343,51.730,-0.789
0.313,-235.357,-1.192,-1.326,58.590,-0.781
0.367,-247.039,-1.501,-1.313,67.244,-0.703
0.410,-259.385,-1.873,-1.308,72.109,-0.577
0.421,-266.315,-2.224,-1.306,76.177,-0.478
0.396,-267.024,-2.418,-1.282,75.582,-0.343
0.334,-262.080,-2.559,-1.287,70.717,-0.248
0.297,-255.211,-2.493,-1.283,58.118,-0.116
0.242,-239.610,-2.202,-1.296,45.483,-0.026
0.225,-226.091,-1.951,-1.325,28.604,0.065
0.262,-211.444,-1.646,-1.345,16.476,0.117
0.253,-201.556,-1.370,-1.363,-1.969,0.135
0.284,-190.216,-1.104,-1.368,-13.799,0.144
0.322,-182.822,-0.851,-1.366,-27.326,0.141
0.390,-180.705,-0.759,-1.362,-39.620,0.171
0.381,-179.077,-0.606,-1.370,-51.345,0.217
0.337,-174.799,-0.411,-1.380,-64.356,0.238
0.249,-173.705,-0.095,-1.351,-63.175,0.232
0.214,-169.006,0.065,-1.299,-53.314,0.263
0.340,-181.781,-0.159,-1.278,-50.619,0.232
0.328,-187.801,-0.467,-1.290,-67.655,0.308
0.328,-181.344,-0.497,-1.337,-89.014,0.405
0.333,-178.342,-0.459,-1.352,-95.734,0.419
0.363,-177.398,-0.439,-1.340,-92.908,0.378
0.335,-171.938,-0.502,-1.328,-90.064,0.348
0.277,-167.020,-0.539,-1.329,-88.743,0.304
0.203,-164.413,-0.531,-1.323,-87.841,0.270
0.156,-160.003,-0.587,-1.298,-84.919,0.250
0.115,-156.879,-0.585,-1.257,-80.474,0.251
0.096,-152.530,-0.569,-1.216,-75.031,0.244
0.134,-149.800,-0.572,-1.154,-66.946,0.235
0.126,-145.268,-0.542,-1.114,-62.090,0.233
0.104,-140.831,-0.566,-1.070,-57.873,0.230
0.106,-137.996,-0.580,-1.034,-54.696,0.241
0.112,-135.284,-0.626,-1.007,-52.386,0.249
0.111,-134.286,-0.659,-0.974,-50.304,0.257
0.092,-130.384,-0.693,-0.945,-49.158,0.278
0.277,-128.651,-0.795,-0.908,-44.888,0.295
0.222,-120.076,-0.782,-0.877,-43.627,0.301
0.172,-115.719,-0.838,-0.857,-41.720,0.304
0.170,-113.855,-0.860,-0.824,-38.894,0.324
0.257,-110.880,-0.898,-0.800,-36.269,0.340
0.298,-107.861,-0.915,-0.766,-34.002,0.351
0.303,-103.101,-0.968,-0.744,-34.606,0.368
0.274,-98.385,-0.975,-0.721,-35.656,0.396
0.265,-94.894,-0.960,-0.694,-37.196,0.424
0.242,-89.661,-0.929,-0.670,-38.421,0.446
0.259,-86.082,-0.909,-0.633,-40.600,0.473
0.287,-76.886,-0.919,-0.611,-42.674,0.494
0.296,-70.569,-0.950,-0.585,-47.871,0.508
0.329,-73.631,-0.988,-0.564,-52.167,0.522
0.314,-78.409,-1.017,-0.520,-58.021,0.569
0.299,-80.894,-1.046,-0.483,-62.694,0.625
0.277,-77.473,-1.031,-0.436,-68.933,0.662
0.258,-72.677,-0.982,-0.414,-71.724,0.676
0.245,-71.400,-0.958,-0.393,-74.060,0.689
0.246,-67.497,-0.916,-0.373,-75.556,0.695
0.239,-65.914,-0.886,-0.349,-76.851,0.698
0.239,-64.522,-0.850,-0.328,-77.359,0.700
0.221,-62.904,-0.815,-0.307,-78.435,0.702
0.212,-60.760,-0.781,-0.292,-79.030,0.702
0.205,-60.077,-0.740,-0.280,-79.581,0.699
0.200,-59.859,-0.711,-0.265,-79.809,0.697
0.182,-60.086,-0.690,-0.240,-80.885,0.698
0.169,-61.154,-0.664,-0.221,-82.180,0.698
0.163,-62.116,-0.671,-0.208,-85.269,0.711
0.164,-63.201,-0.690,-0.196,-87.439,0.718
0.165,-63.910,-0.693,-0.183,-90.177,0.727
0.167,-64.260,-0.650,-0.177,-91.350,0.727
0.158,-65.257,-0.610,-0.168,-90.974,0.725
0.153,-67.427,-0.530,-0.157,-89.180,0.716
0.150,-69.011,-0.453,-0.145,-84.997,0.700
0.139,-70.691,-0.357,-0.138,-80.194,0.683
0.128,-71.207,-0.298,-0.127,-71.452,0.656
0.118,-72.747,-0.231,-0.111,-63.858,0.622
0.095,-73.999,-0.168,-0.089,-52.561,0.579
0.076,-76.029,-0.094,-0.068,-43.138,0.547
0.045,-78.820,-0.007,-0.036,-29.767,0.497
0.007,-82.889,0.083,-0.014,-19.381,0.471
-0.023,-85.820,0.147,0.005,-6.764,0.431
-0.066,-87.588,0.231,0.014,0.700,0.400
-0.105,-90.317,0.306,0.019,7.140,0.371
-0.136,-93.957,0.410,0.025,12.469,0.328
-0.179,-95.471,0.498,0.031,15.785,0.314
-0.210,-98.420,0.642,0.041,17.920,0.316
-0.219,-98.717,0.805,0.056,20.519,0.292
-0.250,-102.086,0.971,0.094,22.978,0.258
-0.287,-105.079,1.114,0.132,24.850,0.228
-0.283,-109.427,1.251,0.204,26.093,0.170
-0.278,-118.842,1.521,0.267,27.142,0.134
-0.258,-125.440,1.729,0.353,29.225,0.090
-0.225,-138.434,1.973,0.409,29.041,0.067
-0.183,-147.709,2.149,0.458,27.869,0.043
-0.143,-157.491,2.322,0.500,26.084,0.029
-0.084,-172.042,2.437,0.512,24.474,0.017
-0.070,-179.900,2.505,0.501,21.306,-0.004
-0.003,-193.226,2.491,0.462,18.025,-0.022
0.036,-200.209,2.423,0.375,9.459,-0.035
0.119,-203.341,2.362,0.297,1.155,-0.042
0.147,-205.039,2.352,0.217,-7.814,-0.047
0.210,-203.700,2.365,0.132,-19.442,-0.038
0.275,-202.151,2.387,0.080,-28.630,-0.024
0.305,-197.601,2.375,0.021,-38.701,0.001
0.345,-190.164,2.355,-0.003,-43.321,0.029
0.357,-185.150,2.301,-0.012,-45.334,0.066
0.352,-177.284,2.216,-0.004,-43.584,0.084
0.326,-175.648,2.091,0.009,-38.045,0.117
0.273,-174.300,1.887,0.015,-33.478,0.137
0.238,-172.261,1.744,0.016,-27.904,0.157
0.180,-165.856,1.515,0.013,-22.916,0.169
0.136,-162.015,1.369,0.015,-16.118,0.168
0.112,-156.949,1.208,0.019,-13.116,0.166
0.062,-149.485,1.085,0.025,-10.080,0.169
0.066,-143.544,1.035,0.037,-5.329,0.176
0.091,-135.896,1.150,0.052,-0.324,0.184
0.132,-134.986,1.434,0.080,8.977,0.188
0.142,-145.066,1.678,0.125,26.145,0.208
0.094,-179.848,1.592,0.148,38.500,0.267
0.017,-220.115,1.382,0.174,44.616,0.346
-0.035,-265.029,1.308,0.228,41.361,0.408
-0.017,-286.685,1.538,0.255,35.385,0.395
0.083,-286.685,2.019,0.231,22.733,0.333
0.232,-286.685,2.511,0.158,16.170,0.255
0.517,-286.685,2.506,0.065,22.540,0.180
0.688,-286.685,1.987,-0.005,50.697,0.137
0.876,-248.325,1.057,0.016,67.734,0.119
0.921,-217.577,0.437,0.083,63.893,0.102
0.832,-190.619,-0.122,0.129,30.284,0.064
0.603,-165.410,-1.017,0.104,-4.366,0.064
0.389,-135.800,-1.651,0.026,-56.875,0.132
0.135,-81.970,-1.913,-0.095,-102.305,0.142
0.001,-60.568,-1.827,-0.039,-157.938,0.063
-0.081,-53.926,-1.912,0.090,-191.721,-0.024
-0.115,-44.109,-1.933,0.249,-219.634,-0.088
-0.107,-29.846,-1.962,0.318,-205.432,-0.108
-0.077,-23.415,-2.211,0.390,-171.745,-0.172
-0.013,-25.961,-2.547,0.423,-110.880,-0.261
-0.023,-30.266,-2.909,0.429,-43.531,-0.307
-0.122,-34.186,-2.974,0.453,1.680,-0.304
-0.228,-40.810,-2.712,0.485,37.389,-0.319
-0.278,-59.097,-2.025,0.531,41.484,-0.292
-0.309,-70.455,-1.361,0.569,22.155,-0.170
-0.293,-88.734,-0.542,0.578,1.304,-0.034
-0.205,-103.198,-0.145,0.568,-17.570,0.163
-0.232,-108.518,0.022,0.576,-18.331,0.332
-0.156,-115.395,-0.035,0.624,-1.321,0.552
-0.124,-131.014,-0.294,0.690,17.745,0.676
-0.108,-150.518,-0.575,0.765,43.295,0.759
-0.084,-175.954,-0.933,0.795,58.923,0.744
-0.085,-189.910,-1.079,0.805,74.463,0.688
-0.065,-195.694,-0.996,0.795,82.180,0.630
-0.021,-194.294,-0.841,0.768,87.649,0.547
0.032,-184.852,-0.521,0.742,86.179,0.503
0.075,-179.489,-0.341,0.717,78.391,0.461
0.104,-168.893,-0.186,0.685,71.234,0.435
0.134,-162.286,-0.146,0.663,65.310,0.363
0.156,-158.165,-0.145,0.649,61.469,0.327
0.161,-149.152,-0.172,0.645,59.736,0.259
0.144,-143.342,-0.198,0.644,57.365,0.159
0.146,-136.693,-0.242,0.649,55.099,0.070
0.150,-133.096,-0.273,0.659,53.882,-0.042
0.152,-126.306,-0.332,0.672,53.699,-0.107
0.146,-122.728,-0.379,0.681,55.090,-0.189
0.156,-121.214,-0.443,0.698,56.665,-0.247
0.160,-119.184,-0.480,0.716,58.730,-0.317
0.177,-118.536,-0.497,0.739,60.498,-0.370
0.198,-118.466,-0.505,0.762,63.464,-0.421
0.229,-119.394,-0.486,0.789,65.266,-0.451
0.255,-119.936,-0.481,0.809,67.331,-0.478
0.308,-122.728,-0.490,0.834,67.900,-0.487
0.343,-124.434,-0.491,0.851,67.533,-0.484
0.400,-125.606,-0.503,0.870,65.905,-0.466
0.404,-126.639,-0.493,0.883,62.274,-0.435
0.451,-131.775,-0.503,0.902,59.255,-0.400
0.450,-133.280,-0.486,0.919,53.515,-0.335
0.444,-136.605,-0.468,0.923,48.799,-0.276
0.455,-137.795,-0.492,0.925,42.438,-0.185
0.425,-140.236,-0.497,0.919,36.768,-0.114
0.390,-139.807,-0.492,0.911,28.901,-0.019
0.342,-141.348,-0.431,0.909,24.640,0.045
0.274,-139.886,-0.373,0.909,22.846,0.107
0.243,-139.169,-0.367,0.908,23.310,0.126
0.208,-136.806,-0.354,0.909,22.286,0.138
0.199,-134.837,-0.350,0.910,20.414,0.133
0.192,-131.898,-0.313,0.918,19.635,0.110
0.186,-129.465,-0.301,0.926,18.917,0.065
0.201,-124.749,-0.304,0.933,18.646,0.014
0.202,-122.876,-0.291,0.934,17.404,-0.075
0.230,-121.704,-0.298,0.939,16.450,-0.148
0.255,-122.132,-0.321,0.944,15.278,-0.247
0.249,-120.575,-0.315,0.960,13.108,-0.305
0.302,-123.305,-0.354,0.968,10.938,-0.396
0.321,-123.629,-0.343,0.974,7.166,-0.450
0.349,-124.136,-0.335,0.980,4.060,-0.507
0.385,-126.691,-0.369,0.988,0.490,-0.545
0.428,-128.879,-0.401,0.989,-4.489,-0.575
0.451,-130.550,-0.388,0.995,-10.876,-0.586
0.490,-133.656,-0.336,1.001,-14.884,-0.581
0.493,-136.430,-0.333,1.006,-19.381,-0.563
0.482,-136.001,-0.317,1.008,-24.176,-0.540
0.471,-136.089,-0.325,1.000,-27.948,-0.514
0.458,-134.365,-0.326,0.983,-33.346,-0.477
0.445,-135.030,-0.354,0.966,-37.809,-0.450
0.428,-134.260,-0.367,0.950,-42.621,-0.423
0.400,-133.630,-0.348,0.943,-44.975,-0.386
0.363,-135.284,-0.336,0.936,-46.778,-0.359
0.333,-135.590,-0.301,0.929,-48.886,-0.317
0.289,-135.634,-0.250,0.924,-50.365,-0.284
0.252,-136.570,-0.203,0.922,-51.564,-0.238
0.195,-136.570,-0.124,0.922,-51.406,-0.214
0.143,-138.652,-0.019,0.920,-49.385,-0.183
0.121,-141.094,0.017,0.919,-45.719,-0.159
0.073,-144.996,0.060,0.917,-43.575,-0.144
0.040,-147.289,0.092,0.908,-40.355,-0.122
-0.002,-149.363,0.121,0.900,-37.669,-0.111
-0.021,-152.425,0.154,0.885,-32.051,-0.101
-0.039,-153.501,0.176,0.867,-26.766,-0.098
-0.049,-154.595,0.195,0.833,-19.329,-0.103
-0.034,-160.449,0.160,0.804,-13.790,-0.102
-0.027,-162.391,0.135,0.763,-7.551,-0.099
-0.001,-164.789,0.057,0.721,-1.033,-0.106
0.031,-165.471,-0.094,0.657,3.684,-0.108
0.064,-166.224,-0.136,0.621,7.175,-0.104
0.091,-166.215,-0.185,0.588,9.914,-0.095
0.121,-165.708,-0.272,0.561,10.946,-0.084
0.141,-166.154,-0.310,0.532,11.541,-0.055
0.162,-164.570,-0.333,0.510,11.261,-0.020
0.159,-163.275,-0.297,0.482,9.975,0.030
0.131,-161.674,-0.206,0.457,9.748,0.061
0.100,-160.256,-0.119,0.436,10.404,0.105
0.070,-158.655,-0.012,0.415,12.425,0.132
0.036,-156.572,0.176,0.408,14.149,0.153
0.021,-153.510,0.327,0.409,17.255,0.172
0.013,-148.794,0.522,0.411,19.801,0.180
0.017,-144.375,0.615,0.417,23.581,0.189
0.020,-140.131,0.674,0.425,29.636,0.194
0.030,-135.747,0.617,0.425,35.236,0.192
0.027,-133.333,0.501,0.428,43.750,0.194
0.030,-132.947,0.298,0.424,57.575,0.184
0.038,-134.479,0.003,0.426,68.259,0.180
0.042,-135.756,-0.219,0.421,78.400,0.170
0.048,-139.545,-0.418,0.420,89.338,0.156
0.068,-144.410,-0.639,0.415,95.077,0.153
0.086,-149.643,-0.741,0.414,101.001,0.151
0.114,-153.755,-0.844,0.409,104.370,0.160
0.137,-155.785,-0.888,0.389,106.488,0.173
0.162,-157.841,-0.914,0.372,105.368,0.182
0.181,-158.970,-0.907,0.347,100.503,0.191
0.200,-160.904,-0.856,0.319,93.721,0.190
0.209,-161.087,-0.781,0.278,83.125,0.173
0.230,-161.989,-0.697,0.244,74.918,0.153
0.240,-162.995,-0.620,0.214,64.452,0.116
0.253,-165.069,-0.531,0.187,57.059,0.094
0.269,-168.359,-0.440,0.170,50.899,0.065
0.283,-171.316,-0.369,0.156,43.269,0.029
0.303,-174.352,-0.310,0.143,39.139,0.006
0.306,-175.989,-0.277,0.130,36.015,-0.022
0.317,-177.564,-0.234,0.123,34.186,-0.041
0.321,-178.833,-0.195,0.115,32.987,-0.051
0.320,-179.322,-0.122,0.111,32.104,-0.055
0.312,-180.486,-0.057,0.104,30.861,-0.060
0.306,-180.784,0.035,0.099,30.144,-0.056
0.301,-180.784,0.107,0.089,28.770,-0.060
0.294,-180.836,0.202,0.070,27.737,-0.067
0.290,-180.766,0.271,0.051,27.353,-0.081
0.295,-181.746,0.364,0.018,25.699,-0.110
0.322,-189.709,0.421,-0.006,24.351,-0.140
0.347,-201.696,0.445,-0.023,23.065,-0.186
0.386,-220.264,0.529,-0.028,19.066,-0.218
0.411,-231.385,0.564,-0.056,13.020,-0.264
0.435,-239.304,0.561,-0.097,8.531,-0.291
0.443,-237.256,0.542,-0.162,3.369,-0.306
0.432,-232.076,0.567,-0.204,-1.190,-0.303
0.411,-228.471,0.646,-0.254,-6.694,-0.293
0.376,-222.898,0.726,-0.310,-10.264,-0.287
0.343,-216.974,0.799,-0.388,-17.036,-0.281
0.280,-208.924,0.898,-0.451,-23.529,-0.282
0.244,-203.175,0.937,-0.550,-35.438,-0.287
0.176,-192.482,0.982,-0.629,-46.673,-0.303
0.095,-185.622,1.030,-0.748,-63.140,-0.310
0.045,-181.501,1.028,-0.862,-77.114,-0.337
-0.004,-176.671,1.046,-0.942,-86.520,-0.368
-0.036,-172.497,1.034,-1.028,-95.856,-0.409
-0.086,-170.301,1.015,-1.073,-101.868,-0.459
-0.102,-164.999,0.906,-1.129,-102.637,-0.491
-0.124,-156.240,0.844,-1.171,-99.584,-0.518
-0.111,-153.694,0.752,-1.194,-90.274,-0.533
-0.075,-148.304,0.646,-1.204,-80.456,-0.489
-0.020,-144.952,0.527,-1.212,-62.799,-0.427
0.030,-147.534,0.442,-1.238,-42.569,-0.444
0.097,-150.001,0.332,-1.275,-26.915,-0.474
0.120,-155.461,0.232,-1.316,-6.291,-0.492
0.155,-170.896,-0.103,-1.355,9.966,-0.497
0.200,-187.661,-0.434,-1.398,33.714,-0.500
0.251,-209.624,-0.986,-1.406,59.509,-0.509
0.315,-232.715,-1.547,-1.375,77.088,-0.522
0.320,-248.413,-1.945,-1.310,96.731,-0.509
0.308,-269.281,-2.322,-1.256,105.201,-0.477
0.255,-278.723,-2.441,-1.210,103.180,-0.408
0.164,-282.135,-2.407,-1.217,85.855,-0.339
0.084,-280.175,-2.163,-1.250,64.129,-0.281
0.031,-274.015,-1.880,-1.325,30.800,-0.188
0.064,-260.409,-1.560,-1.388,7.096,-0.106
0.086,-247.503,-1.376,-1.458,-19.836,-0.012
0.187,-236.836,-1.226,-1.487,-41.781,0.071
0.211,-219.424,-1.110,-1.473,-54.206,0.149
0.238,-209.449,-1.051,-1.409,-62.895,0.208
0.236,-199.098,-0.945,-1.331,-66.395,0.232
0.227,-192.360,-0.845,-1.219,-67.795,0.252
0.261,-187.688,-0.710,-1.139,-67.594,0.261
0.300,-185.955,-0.605,-1.047,-68.075,0.283
0.295,-178.859,-0.563,-0.994,-71.103,0.295
0.198,-174.633,-0.520,-0.992,-77.201,0.289
0.146,-174.169,-0.534,-0.999,-83.755,0.308
0.092,-174.029,-0.508,-1.008,-88.970,0.306
0.135,-167.947,-0.494,-1.021,-90.746,0.274
0.135,-164.474,-0.476,-1.035,-87.360,0.235
0.177,-161.026,-0.525,-1.050,-81.988,0.207
0.205,-158.734,-0.545,-1.071,-74.016,0.174
0.104,-161.306,-0.544,-1.090,-66.509,0.163
0.223,-167.746,-0.639,-1.092,-54.889,0.186
0.207,-155.592,-0.627,-1.095,-49.263,0.225
0.170,-150.071,-0.640,-1.096,-38.911,0.228
0.119,-149.958,-0.640,-1.092,-28.542,0.241
0.114,-149.678,-0.723,-1.079,-21.140,0.245
0.181,-149.284,-0.796,-1.066,-15.339,0.242
0.182,-149.223,-0.839,-1.056,-13.239,0.242
0.236,-140.402,-0.920,-1.026,-10.579,0.243
0.227,-139.991,-0.931,-0.996,-9.677,0.239
0.192,-135.581,-0.944,-0.970,-9.144,0.234
0.133,-133.289,-0.923,-0.925,-7.560,0.204
0.063,-128.083,-0.892,-0.884,-4.384,0.179
0.098,-125.606,-0.891,-0.837,0.000,0.140
0.098,-121.319,-0.889,-0.814,2.196,0.118
0.110,-119.866,-0.931,-0.791,3.203,0.100
0.126,-116.489,-0.971,-0.762,1.435,0.089
0.122,-111.772,-1.032,-0.747,-1.540,0.083
0.103,-107.476,-1.045,-0.724,-5.827,0.076
0.103,-101.745,-1.052,-0.701,-8.925,0.073
0.102,-97.221,-1.071,-0.669,-12.670,0.072
0.158,-94.054,-1.096,-0.646,-15.146,0.078
0.163,-88.533,-1.094,-0.613,-19.618,0.079
0.148,-84.131,-1.102,-0.589,-22.715,0.083
0.135,-80.325,-1.081,-0.555,-26.810,0.091
0.142,-75.198,-1.086,-0.530,-29.479,0.093
0.144,-72.677,-1.074,-0.500,-34.020,0.098
0.139,-69.528,-1.072,-0.474,-37.870,0.112
0.126,-66.649,-1.080,-0.443,-44.188,0.137
0.123,-62.816,-1.086,-0.421,-49.175,0.155
0.122,-59.623,-1.094,-0.395,-55.755,0.172
0.113,-55.685,-1.097,-0.378,-60.839,0.185
0.110,-52.658,-1.091,-0.351,-67.086,0.201
0.099,-50.076,-1.072,-0.333,-70.534,0.220
0.091,-48.466,-1.065,-0.307,-73.439,0.250
0.079,-45.307,-1.064,-0.291,-75.504,0.275
0.089,-42.534,-1.077,-0.270,-77.744,0.300
0.076,-40.460,-1.043,-0.252,-79.144,0.317
0.073,-38.693,-1.002,-0.231,-79.012,0.345
0.066,-37.853,-0.953,-0.212,-77.385,0.368
0.073,-37.940,-0.903,-0.188,-73.955,0.389
0.073,-37.721,-0.851,-0.180,-70.262,0.416
0.078,-40.189,-0.839,-0.172,-64.759,0.438
0.095,-42.096,-0.759,-0.168,-60.366,0.453
0.098,-44.905,-0.699,-0.163,-53.410,0.470
0.107,-49.053,-0.622,-0.161,-47.049,0.486
0.118,-53.401,-0.566,-0.161,-39.305,0.492
0.115,-57.934,-0.486,-0.163,-32.821,0.492
0.104,-62.002,-0.410,-0.168,-23.782,0.485
0.088,-67.926,-0.380,-0.164,-16.406,0.475
0.086,-72.223,-0.320,-0.151,-5.320,0.476
0.080,-77.577,-0.229,-0.143,2.809,0.490
0.065,-81.725,-0.134,-0.131,14.446,0.498
0.037,-86.747,0.025,-0.117,23.030,0.508
0.020,-94.929,0.190,-0.096,33.320,0.521
-0.067,-103.740,0.421,-0.058,46.944,0.547
-0.046,-118.387,0.724,-0.019,55.694,0.577
-0.064,-128.896,1.070,0.016,69.956,0.615
-0.122,-138.425,1.477,0.023,79.424,0.645
-0.108,-151.533,1.808,0.020,89.101,0.676
-0.119,-165.331,2.284,0.001,93.223,0.660
-0.047,-170.091,2.583,-0.013,90.624,0.612
0.053,-184.083,2.978,-0.010,83.335,0.552
0.010,-193.235,3.278,0.021,75.364,0.511
0.119,-208.145,3.579,0.069,64.295,0.482
0.215,-225.129,3.874,0.078,54.810,0.494
0.270,-233.380,3.947,0.065,45.561,0.506
0.347,-235.357,3.828,0.023,37.091,0.510
0.416,-224.630,3.509,-0.009,34.597,0.498
0.416,-213.342,3.209,-0.023,37.870,0.499
0.404,-197.199,2.850,0.004,43.050,0.508
0.395,-183.715,2.607,0.044,47.591,0.501
0.369,-169.164,2.414,0.085,50.006,0.466
0.327,-152.635,2.154,0.110,48.326,0.434
0.318,-142.056,1.934,0.124,45.929,0.395
0.294,-132.300,1.730,0.120,44.362,0.336
0.263,-127.400,1.451,0.105,44.546,0.294
0.240,-123.664,1.286,0.089,44.599,0.258
0.193,-127.251,1.142,0.077,42.175,0.204
0.182,-128.389,0.966,0.080,38.946,0.155
0.160,-129.911,0.880,0.084,34.204,0.106
0.145,-131.810,0.794,0.098,27.921,0.041
0.137,-132.020,0.688,0.106,22.802,0.017
0.128,-129.439,0.591,0.104,17.360,0.018
0.128,-123.812,0.479,0.110,11.498,0.033
0.149,-117.268,0.195,0.122,7.429,0.067
0.193,-110.285,0.254,0.147,5.959,0.111
0.221,-108.448,0.577,0.205,15.873,0.158
0.162,-131.294,0.480,0.243,32.891,0.206
0.054,-167.265,-0.266,0.252,48.143,0.293
-0.090,-208.372,-0.959,0.272,45.342,0.398
-0.154,-258.624,-1.259,0.372,30.275,0.398
-0.110,-279.615,-1.266,0.585,17.062,0.290
0.048,-280.411,-0.763,0.746,16.625,0.162
0.032,-259.761,0.079,0.907,21.368,-0.051
0.164,-244.003,1.006,0.923,28.753,-0.167
0.400,-231.805,1.569,0.851,37.835,-0.221
0.740,-224.744,1.985,0.636,41.160,-0.218
1.211,-204.286,1.915,0.416,35.359,-0.198
1.461,-173.556,1.376,0.163,14.385,-0.139
1.412,-132.562,0.582,0.099,-16.004,-0.055
1.150,-120.558,0.360,0.219,-81.935,0.067
0.722,-138.049,0.511,0.337,-147.000,0.128
0.371,-160.633,0.538,0.420,-223.169,0.227
-0.002,-198.398,0.153,0.392,-255.167,0.247
-0.170,-206.299,-0.494,0.231,-258.869,0.191
-0.361,-193.393,-1.580,0.078,-237.361,0.057
-0.555,-170.669,-2.492,-0.007,-195.178,-0.115
-0.621,-156.188,-2.928,0.079,-147.542,-0.392
-0.759,-138.845,-3.193,0.248,-104.177,-0.611
-0.812,-117.084,-2.960,0.366,-79.450,-0.752
-0.862,-99.741,-2.322,0.469,-57.033,-0.827
-0.830,-91.919,-1.787,0.518,-43.759,-0.771
-0.801,-70.656,-0.797,0.529,-41.807,-0.599
-0.813,-64.269,-0.291,0.582,-21.814,-0.380
-0.757,-59.045,0.135,0.613,-2.922,-0.258
-0.625,-54.110,0.122,0.651,27.991,-0.076
-0.402,-42.717,-0.122,0.639,55.842,0.105
-0.260,-38.404,-0.405,0.626,98.604,0.304
-0.136,-41.825,-0.635,0.667,123.524,0.423
-0.020,-53.095,-0.755,0.750,145.268,0.564
0.100,-74.069,-0.886,0.796,153.283,0.675
0.162,-85.067,-0.971,0.835,153.720,0.788
0.272,-103.268,-0.949,0.862,152.145,0.837
0.337,-115.938,-0.851,0.857,146.493,0.853
0.420,-132.886,-0.650,0.811,143.036,0.823
0.408,-143.413,-0.528,0.779,134.216,0.742
0.365,-154.919,-0.402,0.730,125.493,0.649
0.295,-161.201,-0.354,0.689,118.632,0.482
0.236,-164.789,-0.368,0.656,113.278,0.325
0.188,-166.057,-0.407,0.650,112.656,0.101
0.149,-163.205,-0.448,0.668,113.146,-0.079
0.150,-162.759,-0.445,0.704,113.978,-0.308
0.197,-158.734,-0.429,0.730,114.074,-0.454
0.265,-153.939,-0.384,0.755,111.615,-0.596
0.336,-144.611,-0.335,0.769,107.363,-0.657
0.393,-138.092,-0.268,0.789,99.802,-0.698
0.465,-132.029,-0.261,0.810,93.765,-0.697
0.508,-128.704,-0.248,0.830,84.525,-0.666
0.551,-129.273,-0.267,0.842,76.982,-0.608
0.592,-130.620,-0.333,0.858,67.043,-0.536
0.604,-133.455,-0.381,0.862,58.222,-0.413
0.612,-137.305,-0.415,0.866,46.576,-0.322
0.617,-140.665,-0.451,0.865,38.106,-0.218
0.609,-143.001,-0.507,0.857,28.464,-0.147
0.571,-145.145,-0.521,0.843,18.786,-0.071
0.510,-143.307,-0.516,0.823,12.801,-0.021
0.465,-139.624,-0.473,0.809,6.020,0.017
0.440,-134.076,-0.421,0.794,3.281,0.017
0.385,-128.852,-0.398,0.789,0.822,0.008
0.350,-125.895,-0.386,0.783,-3.658,-0.002
0.302,-121.433,-0.315,0.781,-6.825,0.002
0.285,-118.405,-0.258,0.787,-7.280,0.013
0.258,-113.986,-0.223,0.798,-6.073,0.006
0.240,-109.541,-0.188,0.807,-5.390,-0.011
0.229,-107.389,-0.181,0.819,-4.918,-0.048
0.221,-107.109,-0.137,0.825,-4.812,-0.088
0.217,-106.260,-0.134,0.827,-4.865,-0.137
0.218,-109.331,-0.166,0.826,-5.705,-0.179
0.225,-112.385,-0.189,0.834,-7.656,-0.228
0.222,-116.743,-0.266,0.839,-9.844,-0.262
0.221,-118.440,-0.275,0.850,-13.064,-0.319
0.228,-121.354,-0.301,0.861,-14.717,-0.370
0.238,-127.601,-0.309,0.876,-16.660,-0.441
0.239,-131.652,-0.314,0.875,-19.005,-0.489
0.246,-137.734,-0.305,0.872,-20.921,-0.522
0.256,-141.689,-0.319,0.866,-23.695,-0.538
0.254,-145.819,-0.323,0.863,-24.859,-0.530
0.251,-146.965,-0.311,0.854,-25.760,-0.516
0.243,-149.074,-0.287,0.847,-27.003,-0.492
0.248,-150.929,-0.262,0.841,-28.166,-0.473
0.252,-150.264,-0.235,0.836,-30.249,-0.440
0.252,-150.106,-0.198,0.828,-31.404,-0.407
0.248,-148.435,-0.164,0.817,-32.917,-0.357
0.235,-147.595,-0.090,0.814,-33.197,-0.305
0.219,-145.766,-0.048,0.817,-32.296,-0.262
0.197,-146.309,0.013,0.823,-30.791,-0.211
0.177,-146.440,0.042,0.820,-28.219,-0.173
0.145,-144.839,0.038,0.814,-24.500,-0.111
0.117,-145.898,0.017,0.808,-22.059,-0.079
0.092,-144.743,0.009,0.801,-16.660,-0.021
0.048,-143.360,-0.003,0.791,-11.506,0.018
0.019,-142.170,-0.027,0.776,-2.152,0.054
-0.020,-142.371,-0.017,0.766,5.635,0.078
-0.027,-141.164,-0.049,0.749,16.336,0.106
-0.037,-141.339,-0.101,0.727,24.780,0.113
-0.052,-141.260,-0.153,0.712,35.254,0.130
-0.041,-142.774,-0.240,0.688,43.750,0.132
-0.023,-143.868,-0.304,0.673,53.681,0.124
-0.001,-149.310,-0.361,0.648,58.931,0.114
0.016,-151.148,-0.405,0.620,64.146,0.095
0.032,-155.715,-0.454,0.582,67.786,0.076
0.052,-159.101,-0.460,0.550,70.385,0.060
0.064,-160.003,-0.461,0.514,70.280,0.036
0.080,-159.057,-0.394,0.488,68.442,0.019
0.101,-156.406,-0.300,0.465,63.542,0.008
0.128,-151.104,-0.130,0.454,59.036,0.006
0.145,-146.125,0.005,0.446,52.272,0.012
0.160,-140.499,0.120,0.435,50.076,0.021
0.179,-133.420,0.269,0.439,48.186,0.036
0.188,-129.701,0.355,0.447,48.029,0.059
0.203,-126.315,0.413,0.456,49.770,0.073
0.218,-125.186,0.441,0.466,53.217,0.083
0.231,-127.549,0.408,0.475,60.358,0.097
0.238,-129.841,0.322,0.484,66.115,0.104
0.255,-134.986,0.181,0.488,71.452,0.112
0.267,-140.341,0.083,0.491,77.604,0.118
0.285,-142.380,-0.031,0.487,82.626,0.129
0.306,-145.898,-0.173,0.477,88.594,0.139
0.323,-147.682,-0.300,0.459,97.808,0.154
0.345,-149.415,-0.468,0.446,103.618,0.164
0.351,-149.231,-0.548,0.424,107.564,0.186
0.322,-150.780,-0.636,0.394,106.829,0.196
0.304,-154.061,-0.676,0.380,102.209,0.179
0.299,-163.249,-0.574,0.374,97.834,0.154
0.281,-168.096,-0.575,0.319,88.130,0.139
0.263,-174.440,-0.514,0.290,79.590,0.125
0.248,-177.984,-0.474,0.258,70.823,0.105
0.233,-179.760,-0.442,0.213,58.888,0.081
0.218,-180.915,-0.386,0.182,50.164,0.046
0.212,-180.548,-0.312,0.144,39.944,0.009
0.203,-180.591,-0.201,0.125,33.731,-0.018
0.202,-179.848,-0.137,0.098,28.035,-0.044
0.195,-179.226,-0.071,0.080,24.868,-0.057
0.190,-178.001,-0.006,0.058,21.831,-0.065
0.191,-173.477,0.117,0.044,20.256,-0.074
0.198,-170.870,0.195,0.026,19.425,-0.085
0.217,-171.868,0.274,0.016,18.051,-0.099
0.251,-182.333,0.319,0.012,15.960,-0.134
0.291,-198.835,0.338,0.017,13.291,-0.158
0.329,-220.745,0.387,0.022,10.640,-0.186
0.356,-232.995,0.401,0.012,7.499,-0.233
0.364,-242.016,0.457,-0.011,5.976,-0.263
0.372,-243.880,0.440,-0.056,5.661,-0.288
0.374,-242.760,0.437,-0.120,7.061,-0.302
0.358,-241.789,0.451,-0.159,7.971,-0.319
0.333,-236.749,0.469,-0.217,7.726,-0.331
0.274,-226.520,0.520,-0.286,4.515,-0.335
0.221,-217.464,0.533,-0.394,-2.669,-0.343
0.162,-211.102,0.552,-0.464,-9.660,-0.354
0.132,-212.301,0.579,-0.543,-20.134,-0.373
0.094,-218.908,0.619,-0.603,-28.927,-0.387
0.069,-226.188,0.651,-0.686,-42.464,-0.421
0.019,-226.643,0.666,-0.763,-52.062,-0.446
-0.022,-220.509,0.733,-0.869,-64.838,-0.487
-0.080,-207.095,0.729,-0.980,-75.556,-0.522
-0.103,-191.896,0.785,-1.050,-82.434,-0.535
-0.114,-179.480,0.837,-1.133,-89.031,-0.548
-0.089,-168.901,0.839,-1.204,-89.232,-0.576
-0.043,-165.856,0.843,-1.246,-83.948,-0.591
-0.020,-159.661,0.732,-1.315,-71.908,-0.580
0.050,-156.476,0.620,-1.375,-58.467,-0.529
0.099,-154.306,0.471,-1.403,-46.638,-0.472
0.138,-160.160,0.355,-1.423,-28.394,-0.438
0.205,-170.380,0.103,-1.429,-12.460,-0.448
0.257,-181.116,-0.185,-1.425,10.185,-0.471
0.296,-191.100,-0.494,-1.409,33.959,-0.458
0.334,-206.290,-0.945,-1.377,52.491,-0.446
0.366,-223.046,-1.288,-1.337,73.692,-0.415
0.354,-243.154,-1.686,-1.305,86.607,-0.377
0.328,-253.671,-1.945,-1.270,97.335,-0.309
0.274,-264.434,-2.185,-1.250,99.365,-0.240
0.210,-269.763,-2.270,-1.233,92.934,-0.187
0.139,-266.779,-2.223,-1.235,75.714,-0.111
0.060,-256.244,-2.027,-1.242,56.682,-0.052
0.016,-246.514,-1.827,-1.266,29.750,0.024
-0.032,-231.026,-1.579,-1.291,9.222,0.086
-0.034,-219.520,-1.389,-1.311,-16.205,0.153
-0.017,-207.699,-1.130,-1.303,-34.011,0.212
0.081,-198.975,-0.989,-1.266,-42.481,0.247
0.100,-192.798,-0.894,-1.198,-50.190,0.298
0.166,-185.299,-0.788,-1.141,-54.075,0.330
0.200,-180.626,-0.695,-1.072,-58.039,0.363
0.211,-180.539,-0.658,-1.029,-61.390,0.379
0.245,-179.664,-0.570,-0.988,-62.956,0.384
0.232,-175.402,-0.539,-0.964,-62.667,0.397
0.271,-168.464,-0.579,-0.965,-63.035,0.393
0.228,-162.759,-0.578,-0.977,-64.496,0.376
0.198,-155.741,-0.645,-0.992,-62.737,0.341
0.247,-157.964,-0.676,-1.015,-60.944,0.310
0.262,-153.562,-0.784,-1.022,-56.971,0.301
0.207,-148.155,-0.772,-1.042,-56.560,0.302
0.158,-147.814,-0.742,-1.059,-49.770,0.305
0.155,-145.845,-0.742,-1.056,-42.105,0.295
0.131,-140.394,-0.739,-1.058,-34.493,0.280
0.107,-141.094,-0.733,-1.064,-28.429,0.286
0.096,-137.926,-0.747,-1.043,-23.083,0.291
0.148,-136.080,-0.792,-1.026,-15.951,0.294
0.171,-131.556,-0.862,-1.019,-12.495,0.285
0.192,-128.266,-0.895,-1.009,-9.363,0.270
0.157,-129.841,-0.931,-1.003,-8.225,0.270
0.146,-129.010,-0.945,-0.976,-5.416,0.271
0.147,-125.554,-0.952,-0.954,-3.325,0.218
0.150,-121.765,-0.961,-0.923,-2.056,0.226
0.156,-117.644,-0.968,-0.900,-1.680,0.212
0.159,-114.284,-0.981,-0.869,-3.115,0.195
0.160,-109.296,-0.993,-0.845,-4.979,0.171
0.166,-106.006,-0.996,-0.809,-7.122,0.152
0.193,-101.229,-1.013,-0.780,-9.240,0.127
0.186,-94.308,-1.011,-0.746,-12.941,0.107
0.194,-89.976,-1.016,-0.720,-16.065,0.083
0.193,-85.899,-1.020,-0.677,-20.869,0.074
0.198,-82.512,-1.017,-0.645,-24.465,0.058
0.211,-80.412,-1.017,-0.602,-29.628,0.054
0.218,-76.965,-1.025,-0.568,-34.597,0.054
0.217,-72.590,-1.026,-0.529,-41.807,0.050
0.214,-71.304,-1.023,-0.503,-47.416,0.047
0.216,-67.270,-1.028,-0.477,-54.381,0.042
0.207,-64.864,-1.017,-0.460,-61.276,0.043
0.194,-62.431,-1.002,-0.434,-64.802,0.045
0.182,-61.049,-0.986,-0.418,-70.857,0.057
0.178,-58.336,-0.967,-0.392,-72.887,0.069
0.181,-57.540,-0.952,-0.375,-78.059,0.085
0.176,-54.670,-0.936,-0.356,-79.301,0.099
0.188,-53.156,-0.935,-0.342,-82.679,0.119
0.186,-50.269,-0.947,-0.319,-85.067,0.137
0.188,-49.403,-0.929,-0.304,-86.800,0.164
0.189,-46.795,-0.909,-0.278,-88.025,0.180
0.191,-45.815,-0.885,-0.260,-88.463,0.207
0.180,-44.774,-0.855,-0.231,-88.200,0.237
0.184,-45.972,-0.819,-0.212,-87.124,0.273
0.180,-46.979,-0.775,-0.192,-85.759,0.315
0.174,-48.947,-0.757,-0.183,-82.206,0.371
0.180,-52.561,-0.693,-0.180,-79.144,0.410
0.188,-55.151,-0.652,-0.181,-72.695,0.454
0.192,-59.868,-0.596,-0.182,-66.544,0.476
0.188,-64.076,-0.539,-0.180,-56.376,0.494
0.194,-69.528,-0.461,-0.172,-47.250,0.496
0.180,-74.401,-0.413,-0.144,-33.285,0.501
0.184,-80.229,-0.369,-0.142,-21.236,0.503
0.179,-84.009,-0.349,-0.112,-5.653,0.510
0.168,-90.423,-0.271,-0.087,5.372,0.512
0.138,-94.351,-0.199,-0.062,15.470,0.514
0.110,-98.507,-0.114,-0.032,27.571,0.520
0.056,-107.188,0.087,-0.009,35.534,0.524
0.021,-113.531,0.249,0.018,44.669,0.540
-0.009,-121.686,0.470,0.037,49.901,0.568
-0.081,-129.570,0.637,0.063,53.244,0.592
-0.118,-134.636,0.827,0.101,55.248,0.619
-0.140,-143.920,1.149,0.127,54.653,0.634
-0.172,-150.841,1.382,0.154,51.520,0.653
-0.149,-163.415,1.801,0.160,47.906,0.670
-0.192,-169.094,2.098,0.158,44.231,0.674
-0.167,-179.515,2.375,0.155,39.060,0.639
-0.160,-189.682,2.775,0.137,32.812,0.587
-0.060,-199.351,2.970,0.087,23.083,0.507
0.062,-208.057,3.169,0.049,16.459,0.473
0.144,-211.601,3.159,0.021,9.966,0.453
0.215,-214.322,3.093,0.011,7.726,0.451
0.246,-205.214,2.976,0.033,9.161,0.444
0.237,-199.325,2.933,0.065,13.204,0.447
0.217,-192.649,2.896,0.095,19.933,0.435
0.184,-180.959,2.776,0.107,23.826,0.427
0.150,-173.976,2.654,0.119,25.952,0.413
0.118,-170.441,2.479,0.131,26.950,0.370
0.085,-164.491,2.221,0.130,27.073,0.334
0.077,-160.099,2.011,0.116,27.046,0.301
0.079,-156.406,1.798,0.069,26.049,0.258
0.084,-155.260,1.535,0.026,23.424,0.221
0.076,-154.009,1.329,-0.019,19.302,0.183
0.078,-152.355,1.127,-0.072,12.145,0.126
0.072,-150.325,0.880,-0.103,5.810,0.083
0.070,-147.761,0.720,-0.130,-1.776,0.033
0.061,-141.348,0.582,-0.163,-6.633,0.015
0.044,-134.251,0.520,-0.179,-10.255,0.011
0.042,-126.236,0.432,-0.190,-12.574,0.028
0.045,-113.540,0.431,-0.185,-12.302,0.079
0.072,-103.775,0.337,-0.146,-8.977,0.121
0.155,-96.924,0.429,-0.096,-2.704,0.169
0.130,-95.296,0.841,0.013,16.450,0.242
0.200,-116.891,0.900,0.097,42.411,0.298
0.041,-158.751,0.354,0.153,67.349,0.365
-0.115,-213.579,-0.435,0.271,85.470,0.453
-0.178,-281.374,-0.940,0.425,82.740,0.479
-0.098,-286.685,-0.844,0.590,68.451,0.433
0.038,-285.871,-0.129,0.663,57.733,0.326
0.124,-254.223,0.659,0.708,52.167,0.134
0.246,-227.902,1.504,0.699,54.259,-0.023
0.496,-211.759,2.317,0.635,61.084,-0.154
0.784,-209.423,2.629,0.475,70.683,-0.243
1.154,-203.613,2.407,0.316,71.488,-0.267
1.376,-192.474,1.890,0.157,51.546,-0.247
1.491,-170.503,1.072,0.133,17.062,-0.206
1.421,-159.679,0.695,0.184,-30.739,-0.116
1.177,-163.135,0.582,0.308,-104.528,-0.036
0.925,-174.221,0.438,0.355,-177.879,0.065
0.538,-187.425,0.005,0.317,-220.316,0.156
0.320,-186.655,-0.626,0.162,-241.762,0.239
0.099,-168.359,-1.568,0.064,-234.526,0.231
-0.071,-154.262,-2.261,0.014,-209.676,0.110
-0.304,-136.290,-3.054,0.030,-190.348,-0.179
-0.405,-124.294,-3.435,0.075,-171.509,-0.376
-0.461,-116.567,-3.263,0.150,-157.990,-0.659
-0.574,-108.596,-2.838,0.229,-145.670,-0.714
-0.727,-88.673,-2.090,0.266,-133.210,-0.679
-0.859,-71.312,-1.235,0.279,-103.897,-0.610
-0.908,-60.559,-0.681,0.285,-77.455,-0.413
-0.905,-53.209,-0.307,0.286,-62.624,-0.236
-0.873,-48.519,-0.110,0.352,-44.783,-0.047
-0.764,-40.022,0.083,0.408,-13.562,0.185
-0.686,-32.979,0.052,0.462,15.102,0.345
-0.583,-27.720,-0.155,0.504,45.369,0.477
-0.481,-32.865,-0.275,0.613,80.544,0.642
-0.357,-54.784,-0.406,0.700,100.397,0.720
-0.196,-69.825,-0.522,0.787,121.257,0.736
-0.009,-91.674,-0.721,0.796,135.398,0.744
0.103,-105.823,-0.851,0.769,150.535,0.729
0.241,-121.179,-0.853,0.764,158.804,0.706
0.319,-132.440,-0.771,0.761,162.855,0.657
0.393,-146.807,-0.616,0.739,160.309,0.608
0.435,-156.432,-0.524,0.703,152.320,0.530
0.404,-166.206,-0.464,0.678,145.512,0.451
0.405,-171.920,-0.470,0.664,138.705,0.295
0.422,-176.234,-0.495,0.661,134.102,0.155
0.418,-176.732,-0.532,0.677,126.394,-0.036
0.411,-174.230,-0.491,0.690,119.114,-0.180
0.416,-171.946,-0.429,0.695,106.908,-0.343
0.435,-165.016,-0.338,0.698,95.996,-0.466
0.445,-157.010,-0.272,0.696,82.355,-0.503
0.461,-146.554,-0.216,0.697,71.995,-0.549
0.477,-140.044,-0.194,0.703,58.161,-0.562
0.508,-134.295,-0.206,0.711,47.854,-0.553
0.531,-132.904,-0.242,0.730,35.822,-0.519
0.545,-131.154,-0.242,0.741,27.921,-0.462
0.523,-133.350,-0.220,0.755,20.125,-0.406
0.525,-135.791,-0.300,0.752,15.505,-0.332
0.518,-139.239,-0.336,0.742,7.656,-0.280
0.513,-142.476,-0.366,0.733,1.986,-0.220
0.461,-141.890,-0.330,0.724,-4.524,-0.160
0.436,-143.325,-0.295,0.713,-8.120,-0.130
0.410,-144.130,-0.263,0.697,-12.583,-0.102
0.381,-143.080,-0.244,0.684,-15.400,-0.081
0.298,-138.268,-0.201,0.669,-19.267,-0.056
0.284,-134.881,-0.164,0.666,-20.291,-0.055
0.241,-131.250,-0.121,0.665,-19.145,-0.057
0.225,-129.587,-0.132,0.667,-16.993,-0.058
0.211,-126.464,-0.161,0.669,-16.669,-0.054
0.196,-124.967,-0.157,0.667,-16.345,-0.054
0.182,-125.519,-0.123,0.680,-13.842,-0.049
0.183,-124.609,-0.103,0.687,-11.025,-0.055
0.191,-122.518,-0.110,0.698,-8.164,-0.068
0.198,-122.202,-0.121,0.706,-6.562,-0.092
0.204,-121.467,-0.156,0.708,-6.571,-0.136
0.216,-123.060,-0.178,0.713,-6.676,-0.178
0.230,-123.375,-0.200,0.724,-7.420,-0.228
0.245,-124.110,-0.218,0.729,-8.033,-0.264
0.269,-125.510,-0.228,0.739,-9.940,-0.315
0.276,-126.551,-0.234,0.743,-10.999,-0.337
0.283,-127.173,-0.250,0.740,-12.731,-0.367
0.298,-128.949,-0.255,0.738,-13.195,-0.394
0.302,-132.676,-0.276,0.733,-12.871,-0.422
0.307,-138.145,-0.277,0.729,-13.352,-0.431
0.306,-141.348,-0.306,0.715,-13.755,-0.430
0.297,-144.008,-0.329,0.701,-13.720,-0.415
0.288,-146.309,-0.321,0.683,-14.289,-0.399
0.276,-147.262,-0.319,0.663,-14.621,-0.363
0.250,-147.639,-0.308,0.650,-14.586,-0.334
0.236,-147.429,-0.266,0.635,-14.262,-0.305
0.224,-147.560,-0.247,0.617,-13.414,-0.268
0.206,-149.485,-0.228,0.615,-13.641,-0.233
0.170,-148.164,-0.210,0.618,-13.274,-0.179
0.130,-145.696,-0.207,0.617,-12.469,-0.108
0.109,-146.501,-0.207,0.617,-9.231,-0.102
0.096,-146.309,-0.236,0.627,-4.541,-0.054
0.063,-145.408,-0.246,0.631,-1.225,-0.025
0.037,-142.572,-0.244,0.634,3.456,0.005
0.020,-141.636,-0.228,0.637,7.289,0.016
-0.001,-139.650,-0.207,0.641,12.819,0.021
-0.010,-138.652,-0.210,0.642,20.011,0.030
-0.015,-139.274,-0.225,0.644,25.734,0.031
-0.030,-139.081,-0.234,0.641,33.504,0.030
-0.027,-137.777,-0.265,0.634,39.121,0.033
-0.023,-138.740,-0.245,0.630,45.325,0.023
-0.009,-137.655,-0.244,0.625,48.886,0.023
0.001,-137.200,-0.214,0.620,51.835,0.024
0.019,-137.384,-0.183,0.613,53.296,0.026
0.025,-136.806,-0.143,0.603,53.366,0.029
0.036,-134.934,-0.095,0.586,53.077,0.038
0.059,-133.717,-0.079,0.567,52.264,0.041
0.078,-130.865,-0.070,0.536,51.748,0.043
0.102,-128.065,-0.077,0.510,51.196,0.044
0.115,-125.064,-0.083,0.485,51.170,0.041
0.134,-123.174,-0.063,0.474,52.237,0.040
0.147,-123.567,-0.058,0.466,53.987,0.035
0.156,-124.014,-0.048,0.462,55.519,0.027
0.168,-125.370,-0.050,0.460,56.787,0.017
0.178,-127.855,-0.036,0.454,59.526,0.001
0.185,-131.495,-0.054,0.446,61.049,-0.008
0.189,-133.893,-0.091,0.432,63.053,-0.022
0.189,-136.159,-0.150,0.417,63.787,-0.025
0.192,-138.504,-0.201,0.396,63.884,-0.015
0.188,-140.149,-0.256,0.378,63.131,-0.012
0.182,-141.417,-0.306,0.352,61.057,0.003
0.174,-142.844,-0.371,0.334,59.185,0.017
0.160,-143.684,-0.405,0.304,55.597,0.031
0.159,-145.574,-0.451,0.283,53.874,0.046
0.159,-145.670,-0.479,0.261,51.634,0.068
0.159,-145.976,-0.498,0.234,49.009,0.082
0.157,-146.676,-0.502,0.217,47.950,0.093
0.153,-146.799,-0.488,0.196,47.583,0.108
0.148,-146.072,-0.473,0.184,47.583,0.118
0.149,-146.816,-0.456,0.159,47.434,0.130
0.147,-146.571,-0.455,0.165,47.661,0.137
0.140,-147.385,-0.456,0.161,47.548,0.140
0.135,-148.803,-0.457,0.159,47.504,0.139
0.126,-150.509,-0.469,0.153,47.057,0.138
0.119,-151.182,-0.486,0.147,46.935,0.127
0.105,-151.191,-0.497,0.141,46.690,0.122
0.094,-149.993,-0.490,0.134,46.594,0.109
0.085,-148.461,-0.484,0.126,46.051,0.096
0.065,-147.044,-0.501,0.124,45.491,0.082
0.053,-146.589,-0.498,0.128,44.546,0.058
0.040,-146.834,-0.483,0.131,43.225,0.031
0.034,-147.473,-0.461,0.137,41.571,-0.002
0.025,-149.100,-0.433,0.143,40.390,-0.025
0.031,-149.625,-0.411,0.156,39.393,-0.056
0.061,-147.761,-0.366,0.158,38.964,-0.080
0.099,-145.014,-0.327,0.155,39.559,-0.110
0.161,-146.064,-0.245,0.160,39.681,-0.123
0.225,-156.354,-0.175,0.173,40.819,-0.176
0.326,-177.581,-0.210,0.173,45.220,-0.239
0.408,-199.185,-0.258,0.183,51.678,-0.310
0.498,-229.014,-0.321,0.189,53.112,-0.346
0.551,-239.986,-0.399,0.162,51.100,-0.345
0.594,-244.974,-0.558,0.119,48.825,-0.340
0.597,-240.450,-0.635,0.049,44.643,-0.311
0.559,-228.795,-0.574,-0.003,39.646,-0.293
0.504,-217.761,-0.408,-0.069,28.315,-0.279
0.444,-204.155,-0.077,-0.116,15.628,-0.270
0.400,-193.375,0.278,-0.186,-5.968,-0.259
0.351,-184.634,0.513,-0.244,-23.686,-0.246
0.325,-180.854,0.769,-0.317,-45.806,-0.247
0.329,-185.351,0.939,-0.374,-61.880,-0.257
0.326,-200.165,1.152,-0.410,-72.371,-0.275
0.328,-210.534,1.255,-0.478,-85.041,-0.314
0.323,-221.410,1.294,-0.530,-91.709,-0.358
0.310,-227.413,1.272,-0.590,-96.320,-0.426
0.262,-223.939,1.225,-0.660,-99.216,-0.492
0.207,-213.929,1.119,-0.725,-100.660,-0.535
0.164,-203.682,1.015,-0.801,-102.366,-0.570
0.097,-191.118,0.822,-0.861,-102.909,-0.593
0.047,-180.827,0.689,-0.946,-102.287,-0.619
0.018,-173.801,0.621,-1.029,-101.238,-0.651
0.011,-172.016,0.577,-1.076,-100.817,-0.686
0.005,-167.283,0.520,-1.129,-100.879,-0.690
-0.031,-164.771,0.543,-1.157,-98.849,-0.628
-0.010,-159.049,0.488,-1.182,-91.175,-0.621
0.019,-157.745,0.395,-1.207,-84.271,-0.620
0.039,-155.986,0.293,-1.217,-72.686,-0.606
0.079,-154.175,0.097,-1.215,-62.283,-0.582
0.116,-152.539,-0.074,-1.204,-48.213,-0.540
0.160,-150.684,-0.300,-1.181,-31.754,-0.485
0.188,-145.556,-0.527,-1.166,-17.483,-0.456
0.197,-144.086,-0.729,-1.149,2.476,-0.426
0.174,-145.679,-1.065,-1.128,18.611,-0.408
0.164,-148.330,-1.355,-1.086,40.591,-0.398
0.172,-152.303,-1.576,-1.033,62.002,-0.401
0.159,-159.731,-1.810,-0.993,75.679,-0.411
0.130,-166.189,-1.911,-0.941,87.885,-0.425
0.117,-174.781,-1.929,-0.911,90.274,-0.430
0.105,-180.723,-1.770,-0.888,84.630,-0.416
0.103,-185.281,-1.630,-0.883,68.434,-0.376
0.104,-187.915,-1.354,-0.895,52.176,-0.333
0.101,-189.184,-1.124,-0.919,29.103,-0.274
0.131,-190.033,-0.896,-0.937,13.352,-0.222
0.151,-190.155,-0.753,-0.960,-5.670,-0.154
0.189,-188.676,-0.597,-0.969,-17.378,-0.078
0.234,-187.740,-0.522,-0.969,-27.650,-0.028
0.269,-185.474,-0.425,-0.950,-33.329,0.033
0.325,-184.852,-0.488,-0.928,-34.335,0.069
0.358,-181.256,-0.487,-0.910,-40.985,0.131
0.369,-178.929,-0.489,-0.894,-48.326,0.200
0.360,-174.318,-0.453,-0.871,-53.786,0.258
0.388,-171.710,-0.444,-0.847,-57.908,0.316
0.431,-168.061,-0.514,-0.831,-59.806,0.368
0.470,-165.322,-0.557,-0.813,-62.991,0.449
0.523,-162.417,-0.632,-0.799,-63.840,0.513