-0.006,-141.566,-0.098,0.261,11.821,0.040
-0.016,-142.870,-0.197,0.264,10.894,0.044
-0.014,-143.456,-0.294,0.266,9.021,0.044
-0.011,-144.095,-0.403,0.268,8.382,0.049
-0.010,-145.163,-0.460,0.269,9.047,0.049
-0.010,-145.845,-0.515,0.270,10.859,0.052
-0.013,-146.580,-0.556,0.271,13.186,0.049
-0.008,-146.370,-0.580,0.272,15.260,0.051
-0.005,-146.729,-0.602,0.274,17.631,0.057
0.007,-146.493,-0.634,0.274,18.979,0.054
0.017,-146.825,-0.660,0.274,20.405,0.051
0.024,-147.035,-0.686,0.278,21.866,0.051
0.033,-146.755,-0.690,0.277,22.138,0.050
0.032,-146.370,-0.681,0.281,22.610,0.054
0.028,-147.656,-0.659,0.284,22.164,0.056
0.024,-148.444,-0.622,0.287,20.169,0.065
0.023,-149.415,-0.548,0.286,18.226,0.066
0.024,-150.894,-0.549,0.287,15.908,0.068
0.022,-152.381,-0.530,0.295,13.615,0.073
0.018,-154.201,-0.492,0.297,12.583,0.073
0.014,-153.991,-0.421,0.299,10.605,0.072
0.009,-155.120,-0.384,0.299,8.015,0.075
0.014,-155.759,-0.374,0.298,5.031,0.070
0.015,-156.993,-0.403,0.299,1.741,0.066
0.006,-157.605,-0.344,0.302,0.884,0.063
0.005,-159.294,-0.310,0.306,0.464,0.055
-0.002,-160.300,-0.269,0.311,-0.149,0.050
-0.012,-161.009,-0.241,0.314,-0.901,0.044
-0.016,-160.921,-0.241,0.319,-1.977,0.036
-0.015,-160.921,-0.228,0.325,-2.161,0.037
-0.004,-160.676,-0.198,0.337,-2.852,0.030
0.009,-159.819,-0.219,0.342,-3.605,0.027
0.015,-158.883,-0.229,0.351,-4.130,0.022
0.016,-158.288,-0.218,0.360,-5.145,0.020
0.017,-157.999,-0.223,0.370,-7.193,0.017
0.020,-159.057,-0.254,0.373,-9.188,0.016
0.023,-158.673,-0.271,0.379,-10.710,0.014
0.029,-159.618,-0.288,0.388,-12.399,0.015
0.033,-160.781,-0.297,0.392,-13.956,0.017
0.034,-160.974,-0.316,0.397,-15.767,0.014
0.030,-161.761,-0.287,0.402,-17.089,0.012
0.030,-163.012,-0.267,0.412,-20.309,0.014
0.035,-163.354,-0.300,0.418,-23.870,0.019
0.031,-162.759,-0.355,0.421,-25.112,0.020
0.026,-161.499,-0.371,0.423,-26.364,0.023
0.021,-160.370,-0.374,0.429,-27.685,0.027
0.027,-158.865,-0.385,0.430,-29.286,0.029
0.028,-157.447,-0.447,0.428,-29.619,0.035
0.019,-156.179,-0.495,0.427,-30.529,0.041
0.014,-153.947,-0.507,0.427,-30.188,0.047
0.009,-153.143,-0.544,0.425,-30.336,0.057
0.006,-150.159,-0.600,0.421,-29.872,0.067
0.012,-149.188,-0.631,0.420,-27.414,0.074
0.026,-147.140,-0.690,0.415,-26.451,0.081
0.030,-146.003,-0.728,0.409,-24.815,0.095
0.026,-145.023,-0.754,0.399,-23.345,0.110
0.023,-143.841,-0.765,0.396,-20.458,0.129
0.026,-140.919,-0.827,0.386,-18.926,0.146
0.031,-138.337,-0.865,0.376,-16.905,0.162
0.045,-136.413,-0.919,0.368,-14.595,0.172
0.058,-135.625,-0.955,0.355,-11.358,0.186
0.076,-135.949,-1.001,0.345,-9.520,0.198
0.071,-136.570,-0.983,0.334,-7.158,0.225
0.047,-136.194,-0.939,0.312,-5.915,0.249
0.037,-134.592,-0.890,0.296,-5.040,0.268
0.035,-131.950,-0.823,0.264,0.140,0.271
0.064,-129.964,-0.761,0.242,3.220,0.257
0.100,-129.631,-0.754,0.214,5.049,0.227
0.131,-129.491,-0.743,0.174,5.906,0.205
0.183,-129.649,-0.780,0.142,4.760,0.177
0.217,-129.474,-0.763,0.111,1.741,0.151
0.234,-128.503,-0.738,0.075,-3.929,0.143
0.247,-126.088,-0.759,0.046,-10.115,0.137
0.244,-125.562,-0.750,0.009,-18.961,0.134
0.234,-126.359,-0.714,-0.012,-26.163,0.137
0.211,-128.205,-0.688,-0.040,-35.044,0.136
0.164,-131.583,-0.615,-0.058,-39.944,0.133
0.112,-135.258,-0.567,-0.081,-45.237,0.121
0.073,-138.005,-0.521,-0.102,-48.440,0.101
0.034,-141.015,-0.470,-0.116,-49.070,0.084
-0.000,-142.975,-0.438,-0.132,-48.072,0.063
-0.037,-145.057,-0.435,-0.146,-46.559,0.039
-0.060,-146.702,-0.410,-0.161,-43.155,0.021
-0.070,-148.549,-0.404,-0.176,-37.450,-0.002
-0.065,-150.299,-0.353,-0.187,-30.231,-0.029
-0.047,-151.988,-0.346,-0.206,-24.185,-0.049
-0.033,-152.311,-0.343,-0.226,-18.288,-0.075
-0.024,-152.023,-0.351,-0.244,-14.017,-0.094
-0.020,-150.316,-0.387,-0.263,-11.358,-0.112
-0.017,-147.709,-0.413,-0.288,-9.966,-0.127
-0.019,-145.171,-0.441,-0.317,-8.820,-0.145
-0.023,-142.485,-0.487,-0.348,-8.671,-0.156
-0.041,-139.545,-0.499,-0.374,-8.041,-0.163
-0.054,-137.533,-0.440,-0.407,-6.694,-0.174
-0.070,-135.686,-0.432,-0.445,-5.871,-0.184
-0.075,-135.266,-0.410,-0.473,-5.154,-0.194
-0.074,-135.319,-0.401,-0.508,-4.016,-0.205
-0.071,-137.016,-0.376,-0.539,-2.293,-0.213
-0.071,-138.548,-0.361,-0.566,-1.531,-0.219
-0.072,-139.554,-0.339,-0.600,-0.858,-0.227
-0.081,-141.846,-0.317,-0.630,-0.280,-0.227
-0.089,-143.211,-0.293,-0.653,-0.053,-0.232
-0.091,-144.839,-0.283,-0.679,0.149,-0.229
-0.099,-147.499,-0.276,-0.700,0.858,-0.231
-0.107,-149.538,-0.251,-0.724,1.523,-0.235
-0.115,-151.296,-0.228,-0.747,2.835,-0.233
-0.125,-153.352,-0.206,-0.759,4.077,-0.233
-0.129,-154.009,-0.208,-0.777,6.213,-0.238
-0.131,-154.376,-0.201,-0.789,7.814,-0.243
-0.133,-155.391,-0.188,-0.802,11.261,-0.252
-0.132,-156.371,-0.156,-0.815,14.499,-0.264
-0.125,-156.581,-0.141,-0.824,16.826,-0.274
-0.118,-156.993,-0.128,-0.832,20.353,-0.286
-0.114,-157.246,-0.118,-0.842,23.345,-0.302
-0.105,-155.951,-0.132,-0.849,25.200,-0.310
-0.097,-154.262,-0.146,-0.857,26.556,-0.321
-0.094,-152.801,-0.163,-0.864,27.948,-0.337
-0.094,-151.384,-0.167,-0.869,28.805,-0.346
-0.093,-148.969,-0.155,-0.879,30.118,-0.363
-0.092,-148.540,-0.134,-0.885,31.614,-0.369
-0.087,-147.096,-0.106,-0.889,32.681,-0.383
-0.078,-147.061,-0.055,-0.894,33.031,-0.393
-0.069,-146.790,-0.052,-0.897,33.827,-0.402
-0.056,-147.884,-0.073,-0.898,33.092,-0.411
-0.044,-148.925,-0.050,-0.903,32.112,-0.416
-0.038,-150.229,-0.041,-0.906,30.896,-0.423
-0.020,-150.684,-0.078,-0.911,30.161,-0.427
-0.008,-150.649,-0.073,-0.913,28.674,-0.431
0.002,-150.089,-0.083,-0.917,26.548,-0.442
0.008,-150.570,-0.069,-0.919,24.535,-0.445
0.007,-150.054,-0.050,-0.921,21.840,-0.448
0.004,-149.835,-0.039,-0.923,18.567,-0.457
0.006,-149.503,-0.046,-0.926,16.389,-0.465
0.004,-148.794,-0.036,-0.930,13.659,-0.472
-0.008,-147.928,-0.007,-0.932,11.874,-0.481
-0.012,-147.114,0.046,-0.932,10.386,-0.493
-0.010,-145.154,0.111,-0.935,9.835,-0.508
0.001,-145.504,0.132,-0.932,9.870,-0.517
0.009,-144.506,0.061,-0.934,9.161,-0.530
0.016,-144.454,-0.010,-0.931,7.796,-0.536
0.014,-144.095,-0.047,-0.928,6.878,-0.542
-0.001,-143.465,-0.028,-0.926,5.267,-0.550
0.003,-140.639,0.012,-0.926,5.267,-0.564
0.014,-137.288,0.034,-0.927,4.358,-0.577
-0.023,-137.917,0.118,-0.924,3.115,-0.581
-0.046,-137.690,0.200,-0.918,3.159,-0.594
-0.064,-137.891,0.229,-0.920,3.999,-0.605
-0.061,-138.827,0.215,-0.914,5.338,-0.619
-0.063,-137.428,0.214,-0.908,5.696,-0.624
-0.065,-136.789,0.197,-0.897,5.932,-0.616
-0.078,-136.614,0.200,-0.884,6.606,-0.608
-0.090,-136.596,0.244,-0.870,9.135,-0.598
-0.109,-135.599,0.318,-0.854,10.920,-0.591
-0.113,-134.820,0.346,-0.831,12.722,-0.569
-0.109,-132.326,0.303,-0.815,14.717,-0.551
-0.097,-131.197,0.304,-0.792,17.150,-0.538
-0.084,-130.559,0.350,-0.762,21.140,-0.514
-0.072,-129.587,0.391,-0.741,24.666,-0.497
-0.061,-129.062,0.416,-0.714,29.549,-0.470
-0.038,-128.861,0.419,-0.691,32.314,-0.442
-0.016,-129.850,0.358,-0.665,33.311,-0.420
-0.001,-130.331,0.330,-0.635,32.926,-0.389
-0.002,-130.541,0.346,-0.611,32.375,-0.369
-0.001,-130.113,0.358,-0.581,30.398,-0.346
-0.001,-128.949,0.353,-0.558,28.446,-0.325
-0.001,-126.306,0.338,-0.529,26.119,-0.296
0.001,-123.174,0.310,-0.507,23.712,-0.273
-0.001,-120.619,0.247,-0.478,21.612,-0.256
-0.006,-118.702,0.244,-0.447,20.160,-0.234
-0.010,-116.191,0.271,-0.424,19.583,-0.216
-0.011,-114.529,0.249,-0.398,18.331,-0.200
-0.010,-113.295,0.230,-0.378,17.675,-0.193
-0.009,-112.035,0.271,-0.350,17.246,-0.181
-0.001,-111.116,0.288,-0.328,16.468,-0.173
0.009,-111.869,0.300,-0.303,15.426,-0.167
0.013,-113.312,0.308,-0.277,12.731,-0.161
0.021,-114.529,0.332,-0.259,9.887,-0.157
0.028,-115.404,0.316,-0.235,5.399,-0.151
0.029,-115.255,0.336,-0.215,1.374,-0.149
0.028,-115.001,0.362,-0.195,-2.993,-0.142
0.024,-115.001,0.379,-0.167,-8.575,-0.137
0.017,-114.546,0.395,-0.146,-13.186,-0.130
0.006,-114.126,0.403,-0.118,-18.743,-0.123
-0.001,-114.231,0.396,-0.087,-24.806,-0.117
-0.015,-114.713,0.372,-0.060,-28.718,-0.110
-0.028,-115.351,0.379,-0.028,-33.696,-0.100
-0.040,-115.491,0.365,0.007,-38.264,-0.086
-0.055,-115.299,0.328,0.034,-41.309,-0.078
-0.063,-115.141,0.300,0.073,-43.785,-0.066
-0.066,-114.144,0.250,0.102,-45.045,-0.057
-0.065,-113.321,0.179,0.140,-45.841,-0.047
-0.071,-112.122,0.143,0.168,-45.246,-0.037
-0.076,-111.545,0.117,0.207,-45.036,-0.028
-0.079,-111.256,0.075,0.244,-44.161,-0.016
-0.097,-109.760,0.044,0.272,-43.094,-0.001
-0.104,-108.990,0.025,0.315,-40.714,0.012
-0.103,-109.104,-0.044,0.348,-38.202,0.026
-0.093,-109.812,-0.125,0.393,-34.860,0.046
-0.073,-110.189,-0.163,0.424,-31.028,0.066
-0.057,-110.591,-0.187,0.467,-29.006,0.085
-0.051,-110.591,-0.230,0.510,-27.309,0.105
-0.034,-110.740,-0.328,0.543,-27.169,0.121
-0.022,-110.215,-0.392,0.588,-26.198,0.139
-0.004,-110.058,-0.474,0.622,-22.767,0.164
0.025,-110.058,-0.544,0.667,-23.371,0.181
0.048,-110.451,-0.607,0.709,-22.251,0.206
0.074,-110.285,-0.690,0.738,-21.551,0.220
0.090,-110.565,-0.712,0.772,-19.845,0.240
0.111,-113.488,-0.758,0.794,-18.550,0.256
0.120,-116.839,-0.752,0.812,-17.876,0.276
0.119,-124.731,-0.401,0.814,-15.426,0.290
0.092,-136.430,0.316,0.793,-4.279,0.307
0.022,-163.949,1.724,0.754,7.262,0.325
-0.130,-199.395,2.791,0.690,20.536,0.346
-0.228,-247.712,3.244,0.597,36.181,0.374
-0.207,-286.685,2.499,0.542,33.521,0.402
-0.106,-286.685,1.488,0.527,17.815,0.457
-0.040,-286.685,0.830,0.588,10.019,0.487
0.021,-286.685,0.671,0.659,8.759,0.500
0.038,-264.871,0.586,0.713,-3.981,0.510
0.119,-214.594,0.415,0.723,-23.844,0.527
0.188,-153.650,0.056,0.732,-41.064,0.569
0.183,-122.255,-0.088,0.749,-46.051,0.649
0.079,-90.309,-0.119,0.765,-38.911,0.692
0.003,-75.206,-0.185,0.768,-27.458,0.689
-0.048,-65.205,-0.390,0.761,-19.766,0.650
-0.046,-64.514,-0.551,0.749,-10.833,0.599
-0.066,-72.686,-0.758,0.741,-4.025,0.579
-0.082,-82.731,-0.859,0.732,3.631,0.560
-0.068,-94.701,-0.915,0.721,5.294,0.530
-0.017,-109.760,-0.982,0.705,4.918,0.490
0.006,-122.588,-0.993,0.689,3.798,0.424
0.011,-138.268,-1.059,0.679,0.324,0.377
0.013,-147.717,-1.049,0.668,-3.675,0.341
0.012,-154.997,-0.941,0.654,-6.221,0.314
0.022,-162.076,-0.825,0.642,-6.834,0.322
0.045,-164.001,-0.840,0.622,-9.616,0.363
0.097,-164.981,-0.953,0.602,-13.335,0.403
0.139,-163.301,-0.996,0.583,-20.571,0.450
0.157,-160.256,-1.106,0.564,-27.344,0.475
0.151,-157.185,-1.203,0.546,-37.520,0.491
0.163,-149.266,-1.275,0.524,-44.371,0.493
0.156,-144.069,-1.286,0.510,-52.220,0.476
0.095,-140.254,-1.196,0.504,-54.976,0.455
0.048,-138.731,-1.142,0.499,-55.064,0.410
0.012,-140.508,-1.116,0.487,-53.646,0.365
-0.006,-142.599,-1.117,0.472,-47.504,0.322
-0.026,-146.869,-1.071,0.463,-40.189,0.306
-0.026,-151.235,-1.011,0.455,-29.767,0.301
-0.014,-155.059,-0.938,0.445,-21.639,0.315
0.005,-156.292,-0.929,0.430,-12.373,0.345
0.030,-156.870,-0.871,0.420,-7.455,0.376
0.041,-156.712,-0.799,0.405,-2.494,0.394
0.057,-154.621,-0.769,0.389,-0.490,0.403
0.074,-152.075,-0.713,0.375,-1.601,0.404
0.095,-149.564,-0.642,0.363,-4.086,0.397
0.098,-147.648,-0.592,0.352,-7.963,0.382
0.095,-146.309,-0.545,0.336,-11.480,0.370
0.086,-144.069,-0.539,0.328,-15.225,0.353
0.086,-143.465,-0.512,0.318,-19.757,0.345
0.071,-143.395,-0.520,0.306,-23.231,0.344
0.036,-144.077,-0.518,0.298,-25.174,0.350
0.028,-144.086,-0.563,0.290,-29.059,0.358
0.013,-144.786,-0.609,0.280,-26.933,0.364
0.009,-144.900,-0.672,0.274,-26.198,0.372
0.012,-144.769,-0.684,0.269,-23.380,0.371
0.009,-145.486,-0.696,0.267,-19.513,0.378
0.016,-146.090,-0.718,0.263,-15.811,0.375
0.031,-146.072,-0.714,0.259,-9.765,0.371
0.054,-145.337,-0.710,0.250,-5.066,0.361
0.099,-145.434,-0.726,0.243,-1.312,0.351
0.120,-145.941,-0.731,0.231,2.415,0.340
0.147,-146.055,-0.712,0.224,4.637,0.327
0.169,-146.370,-0.720,0.217,6.431,0.312
0.182,-146.781,-0.725,0.203,6.948,0.297
0.201,-147.473,-0.663,0.193,6.825,0.290
0.211,-148.566,-0.618,0.185,6.475,0.276
0.215,-150.273,-0.577,0.175,4.506,0.268
0.225,-150.929,-0.599,0.165,2.371,0.256
0.226,-150.894,-0.606,0.153,1.269,0.251
0.222,-150.544,-0.567,0.146,1.120,0.243
0.217,-150.062,-0.571,0.143,0.665,0.238
0.209,-149.363,-0.576,0.138,-0.157,0.228
0.204,-149.039,-0.566,0.132,-1.706,0.222
0.194,-148.164,-0.546,0.126,-3.176,0.209
0.181,-147.525,-0.541,0.122,-4.104,0.197
0.162,-146.974,-0.518,0.120,-4.270,0.188
0.149,-145.652,-0.483,0.114,-5.556,0.175
0.135,-144.139,-0.442,0.110,-6.151,0.164
0.132,-142.730,-0.408,0.107,-5.311,0.155
0.132,-143.360,-0.372,0.103,-4.839,0.149
0.132,-143.622,-0.345,0.100,-5.320,0.151
0.144,-144.497,-0.328,0.099,-5.653,0.147
0.161,-145.163,-0.290,0.097,-6.528,0.146
0.173,-145.652,-0.285,0.095,-8.654,0.137
0.152,-143.929,-0.264,0.092,-11.471,0.135
0.158,-143.579,-0.241,0.091,-14.394,0.136
0.156,-142.564,-0.278,0.089,-16.118,0.136
0.140,-141.881,-0.288,0.086,-17.972,0.141
0.093,-141.295,-0.286,0.087,-20.764,0.140
0.014,-139.562,-0.298,0.087,-22.995,0.142
-0.031,-138.766,-0.225,0.092,-21.026,0.137
-0.072,-138.049,-0.214,0.102,-15.391,0.137
-0.045,-139.764,-0.189,0.107,-9.669,0.133
-0.063,-140.262,-0.185,0.110,-3.378,0.127
-0.045,-141.794,-0.206,0.113,1.461,0.123
-0.020,-141.890,-0.208,0.119,7.446,0.122
-0.010,-136.868,-0.211,0.120,10.281,0.116
0.016,-138.311,-0.207,0.123,13.983,0.101
0.112,-141.794,-0.222,0.127,15.470,0.098
0.075,-142.958,-0.142,0.127,13.764,0.112
0.211,-136.658,-0.266,0.124,11.375,0.113
0.175,-128.634,-0.211,0.117,5.766,0.081
0.121,-132.169,-0.251,0.111,-1.076,0.038
0.064,-140.473,-0.244,0.113,-5.320,0.040
0.013,-147.000,-0.200,0.115,-6.134,0.055
-0.003,-155.470,-0.198,0.124,-3.789,0.093
0.024,-154.385,-0.187,0.132,-0.630,0.153
0.068,-148.584,-0.205,0.125,1.942,0.146
0.142,-141.846,-0.296,0.118,1.803,0.123
0.144,-142.607,-0.290,0.117,-2.013,0.107
0.135,-145.635,-0.261,0.127,-4.629,0.138
0.144,-144.296,-0.290,0.123,-7.438,0.154
0.132,-139.694,-0.294,0.115,-13.090,0.152
0.105,-139.318,-0.286,0.113,-17.176,0.150
0.076,-143.762,-0.291,0.114,-19.224,0.170
0.055,-144.349,-0.280,0.117,-18.821,0.197
0.048,-143.395,-0.273,0.117,-15.111,0.211
0.029,-142.354,-0.262,0.120,-12.381,0.214
0.018,-143.115,-0.238,0.127,-8.199,0.203
0.015,-142.993,-0.260,0.130,-5.880,0.199
0.007,-141.864,-0.274,0.133,-3.553,0.194
-0.005,-140.009,-0.257,0.135,-1.689,0.189
-0.012,-140.070,-0.228,0.141,1.785,0.182
-0.025,-140.936,-0.222,0.144,4.086,0.185
-0.021,-140.490,-0.228,0.150,6.160,0.194
-0.025,-139.930,-0.228,0.156,9.651,0.198
-0.054,-139.580,-0.195,0.164,11.847,0.207
-0.063,-139.414,-0.198,0.169,14.849,0.211
-0.057,-137.830,-0.128,0.178,17.176,0.209
-0.053,-139.633,-0.101,0.191,20.440,0.214
-0.044,-140.586,-0.058,0.199,22.628,0.214
-0.043,-140.516,-0.002,0.213,25.681,0.224
-0.020,-141.916,0.078,0.225,26.381,0.229
0.010,-142.170,0.101,0.238,26.066,0.234
0.062,-139.781,0.085,0.242,25.235,0.242
0.073,-138.294,0.109,0.251,22.663,0.255
0.066,-139.186,0.186,0.271,23.214,0.256
0.066,-138.294,0.226,0.280,18.191,0.256
0.046,-136.325,0.287,0.285,16.083,0.265
0.044,-135.091,0.370,0.301,15.312,0.270
0.073,-133.254,0.401,0.316,14.962,0.271
0.092,-133.438,0.398,0.330,14.175,0.280
0.100,-134.102,0.441,0.351,13.169,0.282
0.100,-134.216,0.497,0.370,12.014,0.286
0.095,-134.102,0.501,0.388,7.840,0.289
0.083,-135.800,0.530,0.409,6.160,0.299
0.073,-137.917,0.563,0.426,4.707,0.306
0.064,-139.046,0.548,0.446,4.034,0.322
0.049,-139.440,0.564,0.465,4.961,0.342
0.049,-140.289,0.591,0.494,6.291,0.359
0.049,-142.844,0.503,0.515,6.589,0.371
0.056,-145.871,0.472,0.536,6.738,0.390
0.071,-143.850,0.496,0.573,10.623,0.416
0.058,-142.791,0.396,0.575,12.941,0.427
0.047,-144.524,0.261,0.586,15.663,0.433
0.024,-147.761,0.227,0.616,20.773,0.451
0.001,-149.538,0.182,0.634,24.745,0.455
-0.028,-151.506,0.089,0.648,29.190,0.458
-0.043,-150.868,0.036,0.667,35.507,0.450
-0.040,-151.865,-0.042,0.683,41.090,0.445
-0.031,-154.919,-0.118,0.703,46.366,0.437
-0.005,-156.984,-0.196,0.715,49.096,0.433
0.010,-157.675,-0.260,0.733,50.724,0.425
0.002,-160.956,-0.379,0.745,50.549,0.422
-0.015,-163.712,-0.406,0.754,49.061,0.417
-0.032,-166.416,-0.416,0.769,46.638,0.411
-0.048,-166.836,-0.429,0.776,41.396,0.398
-0.043,-168.674,-0.408,0.783,38.824,0.382
-0.041,-170.083,-0.428,0.788,32.690,0.364
-0.051,-171.369,-0.433,0.797,30.109,0.357
-0.078,-172.314,-0.384,0.804,26.757,0.352
-0.102,-175.053,-0.393,0.817,23.179,0.351
-0.110,-176.592,-0.399,0.822,19.381,0.347
-0.128,-179.576,-0.355,0.836,18.034,0.354
-0.133,-180.486,-0.358,0.844,17.369,0.360
-0.121,-180.679,-0.356,0.856,17.579,0.370
-0.113,-181.396,-0.375,0.861,19.233,0.383
-0.096,-179.865,-0.425,0.872,20.081,0.388
-0.091,-179.568,-0.509,0.877,20.956,0.396
-0.075,-176.820,-0.568,0.883,21.954,0.401
-0.057,-173.408,-0.553,0.890,25.375,0.404
-0.075,-173.565,-0.613,0.899,28.936,0.405
-0.083,-175.324,-0.617,0.902,30.721,0.410
-0.079,-177.074,-0.606,0.904,33.311,0.417
-0.094,-178.202,-0.682,0.908,36.496,0.415
-0.041,-181.116,-0.749,0.901,38.798,0.410
0.139,-184.126,-0.241,0.907,60.716,0.374
0.288,-199.745,0.156,0.951,73.929,0.351
0.268,-213.054,-0.196,0.930,65.056,0.325
0.199,-221.760,-0.403,0.914,49.140,0.291
-0.001,-225.671,-0.076,0.936,46.322,0.280
-0.160,-223.773,0.437,0.962,44.940,0.256
-0.202,-221.760,1.027,0.977,42.499,0.232
-0.164,-220.719,1.175,0.987,35.691,0.228
-0.139,-218.277,1.167,0.997,31.500,0.241
-0.163,-218.890,1.294,1.011,29.645,0.266
-0.183,-219.144,1.539,1.046,30.739,0.307
-0.224,-225.321,1.814,1.072,30.712,0.335
-0.249,-227.220,1.851,1.087,30.441,0.383
-0.284,-228.664,1.925,1.110,32.200,0.428
-0.285,-230.081,1.912,1.132,38.868,0.481
-0.268,-232.348,1.874,1.148,45.553,0.514
-0.215,-235.279,1.791,1.161,53.550,0.544
-0.160,-235.436,1.684,1.166,64.103,0.585
-0.072,-235.489,1.550,1.171,71.654,0.608
-0.008,-235.541,1.442,1.166,81.594,0.630
0.096,-231.595,1.291,1.148,89.232,0.645
0.160,-226.844,1.200,1.134,99.759,0.650
0.195,-223.711,0.996,1.111,108.456,0.648
0.230,-213.474,0.600,1.091,108.176,0.644
0.286,-204.304,0.260,1.087,94.019,0.643
0.390,-193.121,-0.437,1.084,67.559,0.661
0.643,-178.404,-1.048,1.091,39.016,0.701
0.863,-171.631,-1.075,1.142,16.494,0.775
1.070,-167.913,-1.348,1.164,5.722,0.823
1.100,-161.411,-1.905,1.157,-16.660,0.875
1.027,-161.333,-2.362,1.158,-33.661,0.878
0.915,-163.012,-2.411,1.162,-63.298,0.844
0.750,-174.878,-2.259,1.130,-86.240,0.829
0.637,-186.069,-1.403,1.092,-85.698,0.788
0.392,-208.924,-0.431,1.043,-60.104,0.753
0.201,-230.930,-0.619,0.967,-62.493,0.679
0.075,-253.645,-0.779,0.870,-82.276,0.637
0.090,-263.008,-0.571,0.846,-93.677,0.625
0.159,-261.214,-0.817,0.789,-97.003,0.618
0.202,-246.146,-1.263,0.700,-100.765,0.607
0.201,-221.515,-1.569,0.657,-98.368,0.612
0.153,-203.140,-1.620,0.622,-85.085,0.645
0.069,-179.961,-1.505,0.597,-73.028,0.666
0.012,-164.307,-1.389,0.560,-59.798,0.674
-0.050,-146.606,-1.389,0.515,-51.774,0.663
-0.075,-139.825,-1.412,0.466,-36.671,0.620
-0.092,-133.770,-1.330,0.435,-22.724,0.567
-0.096,-130.480,-1.296,0.385,-4.130,0.477
-0.066,-127.015,-1.303,0.349,8.750,0.363
-0.020,-126.761,-1.340,0.296,22.960,0.276
0.043,-124.705,-1.381,0.255,32.410,0.205
0.090,-122.448,-1.346,0.206,40.731,0.120
0.140,-117.530,-1.381,0.156,43.549,0.056
0.168,-111.834,-1.421,0.087,46.217,-0.039
0.189,-105.429,-1.529,0.033,45.456,-0.110
0.207,-100.459,-1.501,-0.029,42.350,-0.195
0.230,-94.395,-1.462,-0.074,39.821,-0.255
0.234,-89.679,-1.436,-0.141,35.516,-0.321
0.239,-84.507,-1.391,-0.189,31.097,-0.362
0.250,-81.812,-1.463,-0.269,24.824,-0.438
0.263,-77.359,-1.593,-0.339,18.786,-0.513
0.292,-72.984,-1.606,-0.415,9.363,-0.593
0.296,-69.493,-1.515,-0.465,2.852,-0.643
0.285,-67.576,-1.435,-0.533,-4.480,-0.700
0.290,-64.855,-1.393,-0.593,-9.642,-0.740
0.293,-61.075,-1.409,-0.673,-16.721,-0.785
0.270,-57.068,-1.442,-0.735,-21.192,-0.814
0.262,-54.303,-1.456,-0.813,-27.930,-0.852
0.235,-49.105,-1.445,-0.871,-33.092,-0.878
0.208,-46.559,-1.406,-0.946,-39.235,-0.922
0.176,-44.179,-1.374,-1.004,-43.470,-0.966
0.161,-42.236,-1.334,-1.085,-44.800,-1.009
0.159,-40.320,-1.322,-1.167,-43.838,-1.077
0.155,-40.548,-1.356,-1.224,-42.796,-1.130
0.153,-40.994,-1.372,-1.301,-43.943,-1.196
0.161,-43.033,-1.296,-1.350,-43.365,-1.261
0.174,-44.196,-1.400,-1.425,-40.959,-1.308
0.187,-44.065,-1.440,-1.494,-38.141,-1.383
0.200,-45.377,-1.425,-1.534,-35.140,-1.437
0.212,-46.673,-1.376,-1.586,-31.710,-1.508
0.240,-48.528,-1.383,-1.632,-29.409,-1.563
0.264,-52.876,-1.530,-1.696,-28.683,-1.626
0.259,-56.341,-1.542,-1.737,-31.868,-1.666
0.238,-58.643,-1.527,-1.779,-33.696,-1.679
0.242,-63.219,-1.586,-1.831,-37.135,-1.701
0.253,-62.256,-1.646,-1.867,-39.568,-1.721
0.245,-66.369,-1.638,-1.920,-42.919,-1.758
0.212,-71.785,-1.611,-1.953,-45.430,-1.767
0.200,-75.495,-1.618,-1.996,-49.018,-1.774
0.187,-79.879,-1.596,-1.999,-50.549,-1.785
0.175,-86.467,-1.567,-1.999,-50.811,-1.792
0.167,-91.070,-1.606,-1.999,-49.998,-1.789
0.147,-98.114,-1.606,-1.999,-47.819,-1.785
0.114,-104.230,-1.602,-1.999,-43.697,-1.778
0.094,-107.791,-1.598,-1.999,-39.165,-1.771
0.072,-112.455,-1.619,-1.999,-34.912,-1.760
0.057,-117.364,-1.678,-1.999,-28.560,-1.748
0.049,-120.759,-1.697,-1.999,-21.061,-1.739
0.041,-125.143,-1.704,-1.999,-14.866,-1.731
0.031,-129.780,-1.747,-1.999,-6.895,-1.719
0.020,-132.527,-1.805,-1.999,0.306,-1.706
0.006,-135.275,-1.817,-1.999,4.786,-1.697
-0.003,-137.891,-1.793,-1.999,12.959,-1.695
-0.015,-140.770,-1.725,-1.999,20.361,-1.693
-0.032,-142.861,-1.650,-1.999,30.782,-1.691
-0.061,-145.661,-1.579,-1.999,40.443,-1.686
-0.071,-149.494,-1.477,-1.999,48.414,-1.683
-0.075,-152.696,-1.460,-1.999,59.456,-1.662
-0.074,-159.250,-1.477,-1.999,70.691,-1.641
-0.039,-168.149,-1.569,-1.999,79.082,-1.626
-0.000,-174.842,-1.558,-1.999,91.096,-1.600
0.027,-185.194,-1.452,-1.999,101.946,-1.556
0.025,-194.644,-1.262,-1.999,109.935,-1.519
0.004,-205.030,-1.122,-1.999,118.055,-1.467
-0.007,-208.565,-1.123,-1.999,122.220,-1.410
0.001,-211.050,-1.139,-1.999,124.399,-1.364
0.037,-207.760,-1.087,-1.999,126.350,-1.283
0.058,-203.009,-1.109,-1.999,125.265,-1.195
0.083,-195.116,-1.111,-1.999,121.669,-1.124
0.105,-180.854,-1.105,-1.982,113.330,-1.013
0.113,-170.555,-1.102,-1.905,101.894,-0.901
0.120,-155.102,-1.088,-1.844,92.724,-0.814
0.129,-140.700,-1.073,-1.747,78.339,-0.690
0.136,-130.401,-1.096,-1.670,63.700,-0.582
0.173,-119.298,-1.142,-1.566,52.360,-0.510
0.188,-111.598,-1.158,-1.451,37.511,-0.417
0.224,-106.549,-1.255,-1.360,27.562,-0.358
0.215,-101.001,-1.256,-1.236,16.083,-0.301
0.158,-93.170,-1.205,-1.131,10.071,-0.266
0.170,-88.515,-1.165,-0.987,5.827,-0.260
0.186,-82.285,-1.116,-0.877,6.230,-0.263
0.192,-78.382,-1.109,-0.726,7.236,-0.277
0.228,-74.760,-1.077,-0.608,5.941,-0.290
0.255,-74.069,-1.075,-0.444,3.430,-0.277
0.289,-73.658,-1.206,-0.325,0.385,-0.241
0.307,-73.220,-1.319,-0.205,-5.827,-0.179
0.307,-71.382,-1.327,-0.049,-10.579,-0.122
0.303,-70.674,-1.324,0.108,-13.773,-0.045
0.291,-72.091,-1.431,0.220,-17.334,0.017
0.294,-76.965,-1.443,0.330,-20.108,0.098
0.316,-89.232,-1.482,0.472,-21.586,0.173
0.354,-95.716,-1.584,0.567,-23.091,0.243
0.368,-102.419,-1.707,0.684,-25.349,0.339
0.371,-110.119,-1.835,0.765,-27.702,0.402
0.382,-115.482,-1.975,0.860,-32.786,0.475
0.353,-126.595,-2.018,0.923,-36.584,0.534
0.331,-131.994,-1.927,0.984,-37.984,0.586
0.273,-142.879,-1.068,1.024,-34.956,0.623
0.137,-158.077,0.844,1.053,-26.504,0.643
-0.288,-209.860,4.587,1.015,-6.108,0.589
-0.640,-286.685,4.587,0.760,-25.130,0.387
-1.013,-286.685,1.782,0.467,-101.622,0.153
-1.059,-286.685,0.788,0.492,-164.421,-0.274
-0.239,-286.685,0.778,0.644,-175.796,-0.499
0.355,-286.685,0.427,0.725,-191.179,-0.249
0.353,-260.461,-0.505,0.721,-222.215,0.203
0.274,-151.016,-1.412,0.743,-256.673,0.445
0.179,-102.025,-1.709,0.784,-283.885,0.725
-0.121,-42.490,-1.410,0.832,-280.665,1.023
-0.538,13.475,-1.224,0.840,-260.076,1.108
-0.741,20.265,-1.228,0.819,-227.754,1.082
-0.866,4.016,-1.435,0.788,-191.765,1.043
-0.778,-34.011,-1.423,0.797,-151.681,0.856
-0.499,-103.775,-1.345,0.821,-105.595,0.703
-0.256,-130.760,-1.348,0.810,-75.066,0.637
0.125,-153.921,-1.386,0.811,-58.520,0.639
0.351,-166.443,-1.481,0.814,-42.254,0.692
0.555,-179.235,-1.736,0.822,-35.849,0.737
0.638,-190.829,-1.924,0.831,-37.678,0.774
0.676,-210.613,-2.052,0.834,-45.316,0.795
0.646,-223.676,-2.001,0.827,-60.550,0.833
0.487,-231.577,-1.742,0.803,-73.535,0.856
0.348,-224.866,-1.462,0.753,-92.137,0.869
0.175,-199.010,-1.223,0.707,-103.565,0.884
0.035,-176.111,-1.122,0.650,-109.821,0.890
-0.163,-148.111,-1.003,0.616,-104.099,0.875
-0.311,-125.370,-0.869,0.585,-93.887,0.832
-0.380,-113.925,-0.829,0.562,-76.449,0.724
-0.450,-108.929,-0.898,0.552,-61.705,0.646
-0.489,-110.985,-0.901,0.550,-36.024,0.583
-0.503,-117.731,-0.893,0.556,-7.630,0.579
-0.537,-128.721,-0.896,0.562,14.481,0.600
-0.543,-136.430,-0.882,0.564,45.561,0.627
-0.505,-145.320,-0.883,0.564,67.576,0.640
-0.449,-151.349,-0.878,0.561,93.975,0.651
-0.323,-157.806,-0.911,0.552,110.618,0.637
-0.196,-159.784,-0.940,0.538,126.429,0.610
-0.027,-161.542,-0.970,0.525,133.341,0.593
0.100,-159.241,-0.977,0.507,134.199,0.577
0.264,-155.610,-0.942,0.496,129.815,0.564
0.352,-153.099,-0.880,0.477,116.515,0.556
0.449,-150.579,-0.796,0.464,101.465,0.556
0.502,-148.628,-0.738,0.441,75.075,0.560
0.550,-144.900,-0.687,0.422,52.001,0.565
0.558,-142.284,-0.660,0.389,20.116,0.569
0.524,-138.206,-0.592,0.368,-2.993,0.562
0.474,-137.611,-0.549,0.353,-30.327,0.548
0.390,-139.694,-0.488,0.335,-47.154,0.535
0.344,-142.336,-0.462,0.320,-62.571,0.512
0.286,-145.985,-0.447,0.306,-68.355,0.509
0.239,-147.866,-0.423,0.296,-69.519,0.502
0.181,-150.220,-0.350,0.287,-66.202,0.488
0.146,-150.868,-0.305,0.282,-57.006,0.474
0.113,-150.605,-0.242,0.280,-48.414,0.462
0.062,-153.291,-0.232,0.280,-35.446,0.436
0.019,-151.629,-0.209,0.277,-23.704,0.414
0.003,-146.318,-0.179,0.268,-3.334,0.385
0.005,-141.794,-0.161,0.265,11.909,0.374
0.028,-140.639,-0.175,0.268,24.561,0.351
0.061,-140.997,-0.209,0.271,39.069,0.324
0.113,-140.875,-0.226,0.271,46.804,0.302
0.151,-141.619,-0.208,0.271,54.005,0.278
0.192,-143.465,-0.187,0.270,57.085,0.259
0.219,-144.812,-0.194,0.267,56.035,0.238
0.240,-145.512,-0.193,0.258,52.771,0.221
0.274,-146.633,-0.185,0.253,49.149,0.214
0.296,-146.449,-0.160,0.243,42.333,0.208
0.324,-145.206,-0.153,0.238,34.860,0.202
0.346,-143.561,-0.180,0.225,21.044,0.196
0.363,-141.181,-0.222,0.217,9.800,0.194
0.358,-139.274,-0.234,0.210,-1.811,0.198
0.334,-136.798,-0.247,0.198,-16.914,0.199
0.271,-133.910,-0.236,0.195,-27.737,0.200
0.207,-133.630,-0.213,0.192,-39.970,0.205
0.163,-133.254,-0.200,0.189,-46.384,0.196
0.097,-134.601,-0.171,0.190,-51.739,0.190
0.045,-137.637,-0.169,0.191,-54.714,0.190
-0.003,-139.431,-0.148,0.199,-54.364,0.195
-0.028,-139.143,-0.136,0.205,-51.564,0.196
-0.060,-138.084,-0.104,0.217,-45.124,0.200
-0.056,-133.621,-0.110,0.219,-37.966,0.172
-0.115,-134.015,-0.045,0.226,-32.209,0.152
-0.113,-126.507,-0.112,0.228,-23.336,0.127
-0.152,-137.795,-0.083,0.238,-15.794,0.101
-0.058,-161.674,-0.075,0.272,-3.990,0.141
-0.045,-164.482,-0.013,0.291,2.818,0.254
-0.039,-157.273,-0.011,0.290,7.350,0.300
-0.020,-139.878,-0.074,0.278,9.879,0.290
0.041,-135.275,-0.051,0.283,10.395,0.230
0.106,-127.085,-0.099,0.286,9.870,0.198
0.133,-130.121,-0.101,0.289,7.910,0.161
0.113,-135.319,-0.043,0.307,3.447,0.171
0.087,-140.621,0.009,0.316,-0.752,0.192
0.085,-143.815,0.013,0.323,-7.017,0.209
0.067,-147.289,0.021,0.326,-10.649,0.222
0.040,-146.029,0.096,0.333,-11.988,0.235
0.024,-145.941,0.167,0.345,-12.784,0.251
0.003,-144.559,0.221,0.353,-12.967,0.272
-0.010,-143.964,0.270,0.367,-12.224,0.296
-0.004,-142.170,0.269,0.384,-10.736,0.313
-0.018,-140.709,0.322,0.396,-9.642,0.329
-0.046,-138.110,0.458,0.418,-3.203,0.327
-0.044,-137.699,0.419,0.434,-1.173,0.327
-0.048,-137.874,0.424,0.452,1.138,0.337
-0.029,-135.651,0.424,0.466,4.051,0.338
-0.022,-134.164,0.446,0.482,8.671,0.345
-0.019,-132.387,0.450,0.500,11.778,0.347
-0.012,-130.305,0.404,0.515,13.842,0.350
0.015,-131.075,0.349,0.535,15.855,0.347
0.032,-135.660,0.241,0.547,16.222,0.349
0.036,-139.536,0.156,0.559,16.362,0.356
0.033,-143.693,0.082,0.571,16.362,0.369
0.022,-150.456,0.015,0.577,16.144,0.381
0.043,-154.245,0.026,0.581,20.484,0.430
0.089,-156.949,0.018,0.590,26.171,0.419
0.165,-156.651,-0.108,0.590,28.017,0.441
0.189,-156.686,-0.154,0.596,32.716,0.477
0.171,-154.866,-0.190,0.613,36.794,0.489
0.094,-152.486,-0.218,0.624,39.874,0.483
0.019,-150.859,-0.212,0.645,43.356,0.453
-0.057,-149.266,-0.200,0.659,46.795,0.419
-0.078,-147.464,-0.177,0.678,52.167,0.375
-0.081,-147.928,-0.140,0.693,55.309,0.347
-0.064,-147.280,-0.127,0.711,56.210,0.324
-0.041,-147.315,-0.111,0.724,55.493,0.313
-0.032,-146.930,-0.115,0.740,51.240,0.298
-0.032,-147.201,-0.124,0.749,46.340,0.296
-0.034,-148.015,-0.116,0.766,39.287,0.277
-0.043,-149.826,-0.101,0.776,32.664,0.262
-0.049,-151.655,-0.106,0.795,23.651,0.248
-0.070,-154.613,-0.109,0.807,17.194,0.242
-0.092,-157.185,-0.121,0.826,8.689,0.230
-0.116,-160.799,-0.127,0.839,3.115,0.224
-0.136,-162.820,-0.120,0.861,-2.196,0.223
-0.147,-165.042,-0.126,0.875,-6.073,0.222
-0.153,-167.125,-0.137,0.895,-10.106,0.228
-0.159,-169.155,-0.142,0.908,-12.740,0.236
-0.163,-169.348,-0.144,0.927,-14.507,0.244
-0.173,-169.934,-0.131,0.940,-15.724,0.251
-0.185,-170.467,-0.131,0.961,-16.677,0.261
-0.190,-170.791,-0.086,0.974,-16.826,0.271
-0.212,-170.371,-0.038,0.994,-16.511,0.281
-0.229,-170.100,-0.008,1.013,-15.654,0.292
-0.247,-171.299,0.014,1.030,-15.741,0.303
-0.240,-173.145,-0.046,1.048,-13.099,0.310
-0.094,-177.179,0.241,1.063,-2.791,0.298
0.038,-184.949,0.543,1.109,16.389,0.282
0.067,-199.334,0.263,1.117,14.262,0.279
0.012,-207.611,-0.058,1.112,4.008,0.269
-0.047,-215.705,0.026,1.136,4.113,0.255
-0.158,-225.225,0.379,1.160,9.301,0.248
-0.247,-228.961,0.541,1.170,8.330,0.258
-0.306,-232.173,0.661,1.182,3.868,0.275
-0.349,-236.863,0.757,1.192,1.295,0.306
-0.387,-237.562,0.809,1.203,4.043,0.357
-0.446,-237.527,0.945,1.220,9.231,0.396
-0.511,-235.769,1.123,1.236,13.921,0.438
-0.557,-233.564,1.175,1.255,19.206,0.496
-0.549,-230.484,1.244,1.265,25.996,0.529
-0.507,-226.660,1.516,1.286,48.545,0.569
-0.424,-227.307,1.803,1.325,68.224,0.567
-0.307,-232.269,1.844,1.333,80.535,0.559
-0.223,-237.746,1.768,1.340,89.723,0.545
-0.056,-236.854,1.605,1.331,94.535,0.509
0.044,-244.676,1.533,1.316,102.664,0.458
0.219,-245.044,1.460,1.301,107.485,0.440
0.360,-241.789,1.206,1.282,108.911,0.428
0.472,-241.955,0.930,1.256,105.613,0.452
0.609,-231.324,0.755,1.242,102.427,0.500
0.699,-229.731,0.768,1.223,96.040,0.525
0.755,-220.202,0.691,1.153,84.473,0.529
0.781,-209.300,0.437,1.053,63.901,0.519
0.812,-196.210,-0.159,0.903,24.062,0.476
0.853,-179.104,-1.836,0.802,-12.154,0.432
0.891,-168.691,-2.893,0.743,-67.952,0.419
0.904,-158.384,-3.008,0.777,-107.214,0.474
0.853,-149.275,-2.421,0.815,-157.509,0.588
0.711,-144.288,-1.355,0.822,-170.607,0.620
0.487,-148.741,-0.487,0.792,-147.595,0.568
-0.039,-162.251,-0.445,0.703,-120.129,0.429
-0.454,-185.955,-0.337,0.567,-116.576,0.306
-0.606,-214.690,-0.017,0.513,-116.848,0.188
-0.644,-248.780,-0.113,0.460,-104.125,0.103
-0.562,-268.065,-0.759,0.355,-85.908,0.043
-0.481,-261.975,-1.008,0.283,-56.061,0.009
-0.337,-240.634,-0.933,0.241,-30.940,-0.015
-0.220,-208.819,-0.914,0.177,0.621,-0.030
-0.144,-179.935,-1.035,0.118,24.701,-0.047
-0.098,-159.600,-1.204,0.048,38.509,-0.062
-0.091,-147.385,-1.166,-0.002,52.693,-0.110
-0.068,-139.221,-1.012,-0.041,64.890,-0.141
-0.024,-132.081,-0.907,-0.111,77.499,-0.169
0.024,-129.990,-0.976,-0.184,89.775,-0.187
0.129,-124.005,-1.131,-0.245,98.219,-0.203
0.199,-119.516,-1.213,-0.311,103.591,-0.200
0.269,-116.095,-1.296,-0.360,104.037,-0.168
0.326,-114.450,-1.243,-0.417,102.533,-0.147
0.358,-112.061,-1.197,-0.487,100.109,-0.126
0.379,-107.345,-1.207,-0.548,97.247,-0.112
0.387,-103.827,-1.212,-0.617,93.607,-0.094
0.390,-101.911,-1.236,-0.682,86.467,-0.059
0.388,-99.514,-1.265,-0.736,79.433,-0.038
0.382,-98.166,-1.271,-0.804,68.224,-0.019
0.385,-97.948,-1.279,-0.855,59.307,-0.001
0.381,-98.149,-1.252,-0.917,50.575,0.024
0.365,-97.842,-1.296,-0.966,45.561,0.039
0.357,-96.915,-1.365,-1.037,36.960,0.047
0.345,-95.918,-1.430,-1.080,29.794,0.052
0.318,-95.839,-1.421,-1.121,20.702,0.060
0.283,-96.626,-1.374,-1.172,14.989,0.053
0.221,-98.332,-1.363,-1.215,9.809,0.043
0.184,-100.870,-1.405,-1.273,4.681,0.024
0.140,-103.565,-1.427,-1.316,2.581,0.004
0.123,-105.088,-1.405,-1.356,1.881,-0.018
0.080,-108.115,-1.426,-1.402,2.747,-0.036
0.037,-108.798,-1.455,-1.458,6.580,-0.069
-0.020,-109.681,-1.387,-1.483,11.244,-0.104
-0.048,-108.981,-1.359,-1.529,19.058,-0.161
-0.072,-105.823,-1.436,-1.570,24.736,-0.250
-0.074,-107.730,-1.494,-1.609,31.684,-0.293
-0.072,-106.872,-1.515,-1.656,40.119,-0.389
-0.046,-106.426,-1.490,-1.684,44.984,-0.491
-0.022,-107.091,-1.487,-1.723,51.853,-0.529
-0.003,-107.529,-1.505,-1.757,57.409,-0.586
0.023,-107.389,-1.527,-1.783,60.104,-0.620
0.059,-107.914,-1.498,-1.815,62.720,-0.663
0.067,-108.701,-1.480,-1.848,63.236,-0.690
0.080,-109.935,-1.449,-1.870,62.475,-0.700
0.090,-110.985,-1.436,-1.904,60.987,-0.717
0.103,-114.310,-1.421,-1.924,59.631,-0.731
0.113,-116.287,-1.410,-1.955,57.085,-0.737
0.124,-121.030,-1.401,-1.974,53.226,-0.735
0.138,-126.140,-1.385,-1.994,50.435,-0.730
0.146,-130.191,-1.383,-1.999,45.824,-0.719
0.151,-135.476,-1.382,-1.999,41.816,-0.711
0.150,-139.615,-1.386,-1.999,35.682,-0.698
0.149,-144.086,-1.458,-1.999,30.835,-0.689
0.164,-149.651,-1.539,-1.999,24.115,-0.690
0.171,-154.026,-1.552,-1.999,18.489,-0.690
0.177,-158.349,-1.553,-1.999,14.297,-0.700
0.168,-161.508,-1.548,-1.999,7.639,-0.711
0.137,-164.526,-1.525,-1.999,1.654,-0.719
0.112,-166.154,-1.479,-1.999,-6.195,-0.733
0.084,-167.562,-1.427,-1.999,-11.410,-0.746
0.049,-167.624,-1.386,-1.999,-15.260,-0.764
0.035,-167.790,-1.388,-1.999,-17.605,-0.783
0.018,-167.685,-1.367,-1.999,-18.891,-0.792
-0.004,-166.924,-1.300,-1.999,-19.862,-0.808
-0.020,-166.224,-1.271,-1.999,-20.755,-0.824
-0.035,-162.689,-1.314,-1.999,-21.455,-0.832
-0.020,-160.309,-1.349,-1.999,-21.341,-0.838
-0.001,-158.366,-1.341,-1.999,-19.556,-0.833
0.013,-156.135,-1.344,-1.979,-17.798,-0.822
0.025,-153.440,-1.342,-1.948,-16.826,-0.816
0.020,-152.005,-1.334,-1.904,-15.155,-0.812
0.017,-150.675,-1.408,-1.862,-14.700,-0.794
0.007,-149.712,-1.501,-1.822,-14.831,-0.765
0.005,-148.243,-1.555,-1.765,-14.962,-0.731
0.004,-146.169,-1.610,-1.702,-15.208,-0.671
-0.009,-142.730,-1.696,-1.654,-16.021,-0.603
-0.029,-138.924,-1.733,-1.588,-17.071,-0.549
-0.029,-135.879,-1.754,-1.510,-17.159,-0.476
0.014,-130.550,-1.754,-1.428,-15.977,-0.400
0.045,-123.261,-1.731,-1.364,-14.481,-0.339
0.061,-113.505,-1.694,-1.267,-13.318,-0.280
0.081,-107.371,-1.663,-1.163,-13.816,-0.239
0.096,-99.750,-1.629,-1.074,-14.315,-0.211
0.156,-99.488,-1.575,-0.945,-13.886,-0.178
0.157,-95.016,-1.490,-0.810,-14.919,-0.116
0.170,-86.625,-1.497,-0.695,-16.406,-0.078
0.157,-79.056,-1.591,-0.544,-17.395,-0.046
0.186,-72.975,-1.696,-0.422,-15.164,-0.027
0.202,-69.177,-1.699,-0.257,-10.194,0.005
0.194,-66.255,-1.750,-0.138,-7.070,0.064
0.186,-66.456,-1.753,0.023,-2.354,0.063
0.186,-71.995,-1.818,0.142,1.881,0.092
0.197,-77.499,-1.910,0.253,3.570,0.145
0.222,-83.930,-1.996,0.392,7.630,0.192
0.252,-89.486,-2.056,0.493,12.180,0.250
0.275,-94.054,-2.126,0.588,15.102,0.306
0.297,-97.195,-2.168,0.704,16.354,0.381
0.311,-101.351,-2.238,0.786,16.450,0.431
0.359,-112.429,-2.226,0.869,15.549,0.483
0.358,-115.981,-2.158,0.957,14.009,0.556
0.366,-124.180,-1.594,1.014,15.759,0.594
0.317,-133.376,-0.344,1.085,26.521,0.626
-0.001,-175.166,4.328,1.103,40.189,0.601
-0.409,-261.354,4.587,1.016,65.634,0.403
-0.650,-286.685,2.107,0.490,-24.456,0.119
-1.240,-286.685,0.311,0.218,-145.023,-0.391
-0.489,-286.685,1.127,0.558,-195.370,-0.771
0.281,-286.685,0.558,0.642,-218.978,-0.665
0.420,-286.685,-0.242,0.668,-236.180,-0.163
0.192,-147.980,-0.809,0.657,-264.031,0.265
0.263,-87.220,-1.315,0.702,-286.720,0.555
-0.020,-17.894,-1.663,0.717,-286.720,0.829
-0.446,35.175,-1.208,0.779,-286.720,1.032
-0.900,68.092,-1.110,0.769,-286.720,0.999
-1.132,60.926,-1.177,0.765,-255.806,0.967
-1.027,-2.389,-1.128,0.789,-203.499,0.911
-0.744,-68.897,-0.864,0.864,-126.394,0.728
-0.245,-123.235,-0.813,0.859,-76.554,0.578
0.117,-150.395,-1.066,0.856,-44.074,0.535
0.575,-189.061,-1.778,0.868,-43.006,0.567
0.837,-206.920,-2.400,0.872,-52.561,0.662
0.883,-226.607,-2.784,0.886,-65.756,0.803
0.706,-235.734,-2.631,0.908,-90.641,0.886
0.366,-242.121,-2.063,0.907,-112.516,0.967
0.080,-235.051,-1.565,0.861,-138.250,0.933
-0.073,-223.405,-1.440,0.786,-147.665,0.886
-0.256,-199.850,-1.344,0.736,-140.980,0.845
-0.390,-181.055,-1.164,0.692,-117.845,0.803
-0.520,-151.585,-0.861,0.658,-85.680,0.789
-0.588,-122.719,-0.653,0.641,-58.371,0.769
-0.607,-105.009,-0.623,0.626,-20.589,0.708
-0.529,-92.768,-0.672,0.624,8.488,0.645
-0.418,-90.580,-0.798,0.629,43.916,0.608
-0.337,-98.857,-0.966,0.633,64.330,0.608
-0.330,-108.833,-1.012,0.637,88.506,0.638
-0.346,-123.331,-0.952,0.640,105.507,0.652
-0.336,-135.336,-0.888,0.638,126.525,0.662
-0.270,-147.893,-0.847,0.631,140.551,0.655
-0.189,-153.956,-0.850,0.613,156.021,0.633
-0.029,-160.746,-0.918,0.593,163.546,0.609
0.127,-164.605,-0.923,0.570,167.702,0.575
0.269,-164.658,-0.892,0.551,164.229,0.545
0.455,-163.345,-0.865,0.527,149.599,0.525
0.578,-160.720,-0.928,0.504,124.460,0.505
0.685,-158.051,-0.940,0.479,99.321,0.505
0.724,-153.335,-0.910,0.459,73.264,0.517
0.727,-147.726,-0.855,0.433,34.790,0.537
0.707,-140.385,-0.778,0.410,2.914,0.539
0.659,-136.255,-0.764,0.379,-37.809,0.524
0.564,-131.985,-0.701,0.360,-64.260,0.516
0.481,-131.443,-0.625,0.339,-93.240,0.504
0.359,-135.406,-0.567,0.326,-109.673,0.497
0.268,-139.965,-0.514,0.313,-123.279,0.498
0.155,-143.001,-0.431,0.306,-126.455,0.497
0.066,-147.875,-0.336,0.304,-124.294,0.489
-0.048,-152.775,-0.281,0.300,-117.670,0.473
-0.145,-155.592,-0.248,0.296,-102.454,0.462
-0.206,-155.216,-0.220,0.297,-80.885,0.448
-0.264,-152.136,-0.170,0.298,-60.996,0.438
-0.271,-148.689,-0.140,0.303,-32.979,0.420
-0.245,-143.465,-0.169,0.304,-4.156,0.400
-0.173,-137.900,-0.177,0.304,15.601,0.381
-0.103,-135.949,-0.190,0.308,38.500,0.349
0.006,-135.712,-0.205,0.316,51.643,0.329
0.083,-136.736,-0.216,0.317,64.260,0.311
0.149,-138.023,-0.209,0.317,70.779,0.296
0.238,-141.286,-0.189,0.316,73.622,0.283
0.292,-144.331,-0.213,0.312,71.304,0.272
0.359,-146.589,-0.245,0.303,65.940,0.263
0.405,-147.980,-0.265,0.288,54.819,0.254
0.447,-148.925,-0.284,0.278,43.251,0.252
0.453,-148.391,-0.285,0.267,30.118,0.253
0.447,-148.015,-0.300,0.253,9.328,0.254
0.420,-144.848,-0.325,0.242,-6.615,0.254
0.380,-142.319,-0.309,0.232,-26.075,0.259
0.304,-136.806,-0.314,0.225,-38.972,0.259
0.238,-134.925,-0.304,0.221,-52.806,0.259
0.146,-134.243,-0.297,0.220,-60.279,0.262
0.088,-132.738,-0.293,0.219,-65.301,0.259
0.007,-133.910,-0.264,0.222,-65.713,0.249
-0.041,-136.325,-0.249,0.226,-62.965,0.242
-0.088,-141.435,-0.249,0.233,-59.115,0.244
-0.115,-142.975,-0.232,0.239,-51.853,0.256
-0.132,-134.479,-0.198,0.247,-44.266,0.263
-0.155,-137.874,-0.199,0.236,-33.915,0.195
-0.213,-137.060,-0.116,0.259,-21.683,0.213
-0.237,-137.497,-0.147,0.258,-10.448,0.207
-0.110,-161.569,-0.191,0.286,5.801,0.227
-0.037,-146.466,-0.222,0.297,15.654,0.283
0.022,-151.979,-0.233,0.285,24.045,0.252
0.038,-155.234,-0.155,0.305,28.026,0.300
0.051,-141.260,-0.245,0.289,30.240,0.287
0.102,-133.105,-0.237,0.289,30.100,0.239
0.153,-130.611,-0.254,0.294,27.388,0.194
0.182,-134.295,-0.257,0.298,21.481,0.158
0.158,-140.262,-0.209,0.309,16.310,0.171
0.152,-140.665,-0.212,0.315,9.100,0.204
0.121,-145.819,-0.214,0.319,4.699,0.216
0.096,-148.225,-0.131,0.327,2.870,0.239
0.091,-148.899,-0.138,0.333,-0.341,0.268
0.108,-145.906,-0.156,0.336,-2.004,0.279
0.104,-144.104,-0.129,0.341,-2.152,0.291
0.091,-142.896,-0.103,0.352,-1.260,0.298
0.073,-140.560,-0.077,0.362,-0.464,0.299
0.061,-141.120,-0.043,0.372,1.033,0.300
0.043,-142.765,-0.005,0.383,3.535,0.298
0.028,-143.404,0.019,0.393,6.965,0.295
0.013,-144.384,0.048,0.405,12.346,0.300
0.008,-145.023,0.094,0.415,16.231,0.296
0.003,-145.031,0.105,0.426,19.933,0.300
-0.006,-144.428,0.124,0.437,24.255,0.300
-0.012,-143.859,0.156,0.447,27.396,0.303
-0.022,-143.290,0.165,0.462,30.844,0.302
-0.043,-142.135,0.163,0.473,32.673,0.300
-0.049,-141.811,0.190,0.487,34.388,0.303
-0.052,-141.531,0.234,0.506,36.426,0.307
-0.031,-141.768,0.236,0.520,36.951,0.316
-0.007,-141.741,0.206,0.537,37.109,0.326
-0.003,-142.730,0.127,0.555,37.301,0.330
0.024,-145.268,0.182,0.568,37.940,0.341
0.064,-147.682,0.291,0.585,40.784,0.352
0.105,-147.577,0.225,0.588,38.605,0.355
0.137,-148.085,0.131,0.597,33.373,0.364
0.136,-149.319,0.092,0.611,31.570,0.378
0.068,-150.771,0.083,0.626,31.299,0.385
-0.011,-150.281,0.073,0.646,30.704,0.368
-0.068,-151.445,0.087,0.662,31.290,0.349
-0.073,-152.451,0.092,0.678,33.346,0.333
-0.063,-154.630,0.088,0.700,36.811,0.326
-0.029,-156.923,0.068,0.713,37.599,0.322
-0.005,-157.964,0.057,0.732,36.120,0.330
0.004,-157.938,0.029,0.744,34.632,0.333
-0.000,-156.844,0.029,0.758,32.585,0.336
-0.001,-156.074,0.028,0.775,29.111,0.336
-0.005,-155.129,0.022,0.787,25.358,0.336
-0.013,-155.417,0.018,0.808,20.274,0.341
-0.039,-155.610,-0.016,0.823,17.001,0.339
-0.066,-156.301,-0.025,0.844,13.851,0.337
-0.096,-157.999,-0.004,0.860,11.550,0.333
-0.106,-157.990,-0.023,0.879,9.389,0.331
-0.099,-158.174,-0.060,0.893,7.823,0.338
-0.100,-159.066,-0.099,0.908,6.501,0.347
-0.103,-160.169,-0.104,0.924,5.889,0.353
-0.120,-162.234,-0.112,0.940,5.224,0.362
-0.132,-163.021,-0.101,0.953,4.847,0.378
-0.162,-165.664,-0.083,0.968,5.521,0.388
-0.183,-167.151,-0.111,0.984,6.466,0.402
-0.208,-168.438,-0.085,0.998,8.689,0.416
-0.233,-170.231,-0.092,1.011,11.078,0.431
-0.260,-172.812,-0.169,1.027,11.918,0.442
-0.252,-174.982,-0.359,1.034,11.576,0.453
-0.080,-178.194,-0.256,1.041,21.324,0.441
0.101,-185.649,0.209,1.076,50.024,0.412
0.163,-199.027,0.280,1.107,55.694,0.396
0.058,-217.577,-0.201,1.096,43.557,0.372
-0.044,-230.580,-0.298,1.105,32.751,0.328
-0.190,-244.003,0.094,1.129,35.411,0.295
-0.309,-250.346,0.449,1.146,36.776,0.289
-0.412,-250.504,0.705,1.153,30.310,0.295
-0.478,-249.681,0.802,1.154,22.829,0.353
-0.507,-246.943,0.889,1.170,21.271,0.361
-0.577,-242.322,1.002,1.185,25.401,0.414
-0.607,-235.795,1.189,1.211,37.441,0.482
-0.559,-231.840,1.719,1.245,53.401,0.516
-0.484,-232.540,2.030,1.277,75.434,0.532
-0.416,-236.241,2.082,1.290,85.321,0.523
-0.339,-242.664,2.099,1.299,91.849,0.491
-0.247,-244.545,2.032,1.309,98.315,0.436
-0.055,-242.533,1.878,1.309,103.250,0.400
0.081,-243.145,1.868,1.319,111.702,0.380
0.306,-239.881,1.723,1.310,114.056,0.369
0.468,-235.410,1.502,1.292,110.145,0.381
0.653,-231.376,1.190,1.272,103.871,0.410
0.769,-228.961,1.134,1.240,98.175,0.439
0.836,-226.030,0.898,1.155,80.946,0.473
0.891,-216.676,-0.081,1.052,59.167,0.461
0.925,-208.303,-1.045,0.938,24.631,0.398
0.937,-192.290,-1.908,0.841,-3.850,0.369
0.985,-181.125,-2.199,0.839,-41.064,0.370
0.985,-177.739,-2.311,0.842,-102.375,0.424
0.901,-166.967,-2.212,0.831,-145.486,0.537
0.696,-162.085,-1.368,0.832,-170.984,0.595
0.466,-168.402,-0.630,0.820,-152.827,0.589
0.010,-182.175,-0.322,0.744,-134.759,0.529
-0.272,-194.521,-0.463,0.618,-124.688,0.422
-0.483,-223.860,-0.311,0.578,-129.482,0.370
-0.539,-257.985,-0.204,0.541,-134.068,0.367
-0.500,-268.844,-0.489,0.448,-121.809,0.361
-0.432,-257.504,-0.936,0.364,-102.209,0.321
-0.361,-233.266,-0.989,0.287,-64.794,0.267
-0.317,-209.125,-0.913,0.229,-27.003,0.199
-0.254,-176.969,-0.960,0.168,-4.725,0.154
-0.202,-162.496,-1.014,0.100,18.830,0.132
-0.155,-147.096,-1.092,0.052,35.149,0.126
-0.130,-142.406,-1.088,-0.008,53.603,0.102
-0.071,-134.365,-1.006,-0.054,65.599,0.039
-0.005,-132.151,-0.912,-0.115,81.340,0.037
0.062,-128.695,-0.925,-0.183,94.299,0.008
0.168,-124.644,-1.112,-0.241,101.176,-0.007
0.235,-121.109,-1.213,-0.305,109.349,-0.017
0.328,-117.005,-1.154,-0.345,114.257,-0.014
0.413,-114.284,-1.071,-0.398,116.900,0.000
0.459,-113.698,-1.106,-0.464,115.456,0.014
0.490,-109.935,-1.215,-0.516,110.757,0.030
0.509,-106.251,-1.206,-0.592,100.957,0.030
0.525,-106.278,-1.125,-0.642,90.965,0.031
0.524,-103.609,-1.176,-0.715,77.787,0.045
0.540,-99.085,-1.237,-0.770,69.186,0.053
0.546,-95.620,-1.303,-0.835,56.053,0.062
0.557,-92.251,-1.331,-0.887,45.421,0.063
0.563,-90.598,-1.336,-0.950,32.200,0.065
0.551,-91.035,-1.335,-0.996,21.245,0.068
0.509,-93.397,-1.358,-1.039,5.985,0.070
0.460,-96.285,-1.443,-1.097,-3.789,0.067
0.396,-98.341,-1.535,-1.142,-12.049,0.046
0.366,-98.639,-1.500,-1.198,-19.355,-0.001
0.328,-100.039,-1.452,-1.238,-23.616,-0.064
0.282,-101.054,-1.497,-1.301,-28.866,-0.073
0.233,-102.699,-1.514,-1.353,-33.092,-0.130
0.163,-104.510,-1.557,-1.397,-35.717,-0.182
0.118,-102.655,-1.555,-1.450,-36.680,-0.263
0.084,-102.436,-1.543,-1.498,-33.504,-0.349
0.044,-101.089,-1.577,-1.535,-29.514,-0.454
0.011,-97.274,-1.628,-1.582,-22.251,-0.524
0.000,-99.558,-1.647,-1.629,-14.823,-0.652
0.059,-85.356,-1.709,-1.668,-9.590,-0.754
0.086,-81.707,-1.675,-1.712,-3.701,-0.926
0.105,-96.618,-1.627,-1.732,-1.391,-1.025
0.067,-82.600,-1.651,-1.758,3.027,-1.090
0.157,-76.090,-1.619,-1.796,4.428,-1.242
0.201,-109.786,-1.688,-1.847,8.890,-1.409
0.211,-150.010,-1.636,-1.848,10.631,-1.310
0.229,-131.889,-1.626,-1.864,9.065,-1.117
0.254,-123.454,-1.650,-1.903,9.214,-1.124
0.284,-118.589,-1.696,-1.936,6.589,-1.126
0.315,-118.659,-1.616,-1.949,1.960,-1.140
0.272,-121.240,-1.532,-1.963,-2.389,-1.099
0.262,-128.940,-1.510,-1.975,-5.031,-1.059
0.264,-130.209,-1.511,-1.989,-8.689,-0.997
0.266,-128.835,-1.508,-1.997,-13.335,-0.979
0.256,-125.519,-1.500,-1.999,-15.199,-0.977
0.239,-125.458,-1.517,-1.999,-18.882,-0.998
0.223,-128.214,-1.547,-1.999,-20.956,-1.030
0.213,-136.010,-1.539,-1.999,-22.015,-1.073
0.206,-145.758,-1.510,-1.999,-22.601,-1.113
0.183,-150.124,-1.522,-1.999,-23.214,-1.144
0.158,-150.561,-1.541,-1.999,-24.194,-1.179
0.139,-148.033,-1.551,-1.999,-24.640,-1.235
0.109,-153.982,-1.544,-1.999,-24.308,-1.275
0.046,-151.891,-1.477,-1.997,-20.904,-1.283
0.033,-153.204,-1.460,-1.991,-14.227,-1.304
0.014,-151.874,-1.444,-1.982,-8.881,-1.312
0.006,-150.439,-1.424,-1.965,-0.779,-1.311
0.001,-150.080,-1.398,-1.949,8.767,-1.310
0.008,-150.693,-1.401,-1.930,16.205,-1.305
0.022,-151.821,-1.440,-1.906,26.565,-1.275
0.049,-151.988,-1.443,-1.885,34.536,-1.242
0.074,-151.786,-1.422,-1.858,43.549,-1.197
0.093,-153.064,-1.453,-1.838,49.761,-1.137
0.104,-152.731,-1.540,-1.809,51.923,-1.081
0.128,-151.891,-1.628,-1.774,53.314,-1.002
0.166,-150.395,-1.691,-1.745,53.559,-0.936
0.202,-149.135,-1.757,-1.706,52.281,-0.848
0.239,-145.932,-1.843,-1.676,48.072,-0.748
0.259,-141.365,-1.888,-1.629,39.366,-0.672
0.263,-138.880,-1.901,-1.585,27.816,-0.579
0.264,-133.945,-1.877,-1.545,18.130,-0.519
0.264,-128.993,-1.828,-1.490,4.778,-0.441
0.250,-123.130,-1.731,-1.438,-4.664,-0.394
0.226,-120.216,-1.616,-1.349,-14.901,-0.334
0.206,-113.558,-1.449,-1.278,-22.829,-0.291
0.207,-108.841,-1.318,-1.172,-26.644,-0.267
0.279,-106.505,-1.271,-1.051,-30.511,-0.228
0.291,-98.262,-1.174,-0.943,-35.709,-0.163
0.297,-91.280,-1.203,-0.791,-40.110,-0.126
0.295,-85.067,-1.241,-0.633,-45.307,-0.082
0.292,-79.713,-1.278,-0.506,-48.431,-0.036
0.267,-74.699,-1.315,-0.346,-51.835,0.027
0.234,-67.156,-1.416,-0.228,-53.349,0.077
0.216,-63.079,-1.481,-0.071,-52.719,0.154
0.213,-61.303,-1.577,0.044,-51.432,0.242
0.221,-64.155,-1.638,0.197,-47.425,0.288
0.242,-69.799,-1.805,0.301,-43.365,0.353
0.254,-73.824,-1.883,0.433,-36.890,0.435
0.293,-84.175,-1.931,0.524,-33.127,0.489
0.318,-91.639,-1.945,0.610,-31.106,0.548
0.331,-98.613,-1.968,0.705,-31.211,0.576
0.345,-112.621,-1.601,0.770,-31.132,0.606
0.317,-122.649,-0.567,0.851,-24.745,0.632
0.146,-157.238,2.902,0.912,-15.986,0.613
-0.105,-219.940,4.422,0.877,-18.069,0.490
-0.360,-286.685,1.426,0.681,-92.444,0.340
-0.858,-286.685,0.247,0.568,-202.982,0.026
-0.946,-286.685,0.434,0.738,-249.891,-0.325
-0.265,-286.685,0.691,0.854,-271.661,-0.507
-0.100,-286.685,0.557,0.854,-271.556,-0.113
0.101,-204.146,-0.890,0.815,-283.036,0.182
0.158,-99.820,-1.685,0.812,-286.720,0.362
-0.008,-46.139,-1.426,0.823,-286.720,0.564
-0.270,-13.449,-1.172,0.846,-286.720,0.696
-0.441,15.470,-1.265,0.810,-286.720,0.829
-0.511,18.034,-1.556,0.764,-282.459,0.839
-0.595,7.849,-1.332,0.764,-234.246,0.910
-0.535,-30.292,-1.072,0.787,-186.375,0.897
-0.284,-69.405,-0.796,0.809,-124.688,0.833
0.207,-112.577,-0.920,0.820,-90.851,0.821
0.563,-140.788,-1.278,0.831,-77.158,0.871
0.938,-179.480,-2.037,0.837,-80.701,0.938
1.087,-202.064,-2.444,0.837,-96.548,1.066
1.044,-223.484,-2.455,0.844,-115.622,1.157
0.836,-232.173,-2.093,0.839,-147.035,1.210
0.504,-233.196,-1.669,0.819,-171.185,1.181
0.161,-216.493,-1.521,0.764,-191.371,1.123
-0.062,-200.681,-1.417,0.713,-185.658,1.004
-0.333,-175.840,-1.172,0.682,-168.534,0.920
-0.481,-152.644,-0.893,0.653,-138.469,0.831
-0.570,-141.383,-0.787,0.635,-103.198,0.757
-0.566,-128.266,-0.868,0.621,-77.096,0.716
-0.559,-121.214,-1.004,0.610,-42.744,0.671
-0.563,-116.734,-1.154,0.608,-16.712,0.645
-0.584,-115.815,-1.176,0.619,18.191,0.636
-0.602,-116.393,-1.127,0.626,51.153,0.621
-0.616,-127.251,-0.932,0.639,75.731,0.609
-0.568,-138.521,-0.819,0.646,106.540,0.600
-0.423,-151.506,-0.831,0.641,124.591,0.591
-0.284,-158.288,-0.877,0.625,141.750,0.589
-0.078,-164.544,-0.922,0.613,149.511,0.584
0.083,-166.320,-0.924,0.593,150.990,0.585
0.283,-167.860,-0.988,0.578,145.530,0.593
0.413,-165.480,-0.958,0.557,129.378,0.604
0.584,-158.288,-0.848,0.540,109.515,0.617
0.700,-151.436,-0.855,0.505,71.470,0.627
0.770,-142.818,-0.883,0.480,36.592,0.647
0.759,-135.319,-0.824,0.451,-11.594,0.676
0.679,-130.401,-0.788,0.436,-46.576,0.694
0.591,-128.783,-0.801,0.411,-86.511,0.701
0.477,-129.325,-0.758,0.396,-108.868,0.693
0.403,-130.174,-0.693,0.375,-129.115,0.666
0.308,-134.592,-0.597,0.365,-138.092,0.640
0.200,-142.196,-0.478,0.360,-143.010,0.621
0.115,-149.056,-0.415,0.357,-141.383,0.594
-0.007,-153.562,-0.315,0.354,-133.709,0.578
-0.102,-155.409,-0.213,0.357,-114.275,0.560
-0.225,-154.525,-0.116,0.360,-87.973,0.535
-0.315,-152.591,-0.084,0.369,-64.435,0.510
-0.339,-148.881,-0.070,0.379,-28.122,0.464
-0.295,-145.145,-0.055,0.390,-1.129,0.427
-0.211,-141.164,-0.136,0.399,31.693,0.385
-0.090,-138.583,-0.137,0.408,51.800,0.354
0.010,-137.524,-0.187,0.418,69.606,0.336
0.083,-138.276,-0.376,0.417,78.234,0.321
0.144,-139.029,-0.263,0.421,83.247,0.302
0.206,-139.134,-0.367,0.412,84.088,0.295
0.255,-138.600,-0.336,0.409,78.190,0.291
0.297,-142.205,-0.428,0.402,70.963,0.289
0.334,-141.234,-0.467,0.387,59.885,0.291
0.365,-140.648,-0.506,0.373,42.682,0.300
0.373,-139.781,-0.523,0.363,29.234,0.304
0.360,-138.434,-0.555,0.348,10.001,0.306
0.317,-136.080,-0.607,0.336,-3.517,0.312
0.267,-135.065,-0.609,0.326,-19.355,0.313
0.187,-135.292,-0.638,0.316,-26.084,0.315
0.112,-136.360,-0.627,0.310,-31.815,0.315
0.001,-138.381,-0.628,0.305,-34.904,0.318
-0.042,-140.595,-0.626,0.303,-33.101,0.321
-0.085,-140.009,-0.598,0.304,-26.049,0.321
-0.036,-143.255,-0.593,0.303,-16.958,0.297
0.043,-139.536,-0.627,0.298,-11.629,0.275
0.049,-138.416,-0.606,0.295,-7.184,0.236
0.025,-135.739,-0.566,0.296,-4.847,0.230
0.059,-131.145,-0.591,0.284,-1.461,0.186
0.077,-138.014,-0.582,0.287,0.262,0.164
0.038,-145.320,-0.555,0.293,1.242,0.165
-0.019,-157.614,-0.531,0.295,3.736,0.219
-0.006,-146.239,-0.489,0.286,7.455,0.254
0.050,-134.269,-0.488,0.271,11.611,0.217
0.111,-141.846,-0.448,0.275,13.834,0.198
0.106,-145.495,-0.409,0.285,12.364,0.217
0.102,-140.560,-0.432,0.273,9.170,0.227
0.151,-138.451,-0.428,0.271,6.746,0.205
0.172,-138.784,-0.411,0.270,1.234,0.181
0.171,-138.460,-0.401,0.269,-4.148,0.177
0.148,-140.455,-0.397,0.270,-9.660,0.173
0.111,-143.518,-0.380,0.275,-15.208,0.199
0.043,-147.114,-0.345,0.283,-16.844,0.239
0.027,-144.664,-0.363,0.282,-15.698,0.276
0.017,-142.914,-0.369,0.282,-12.889,0.285
0.001,-142.940,-0.354,0.287,-7.543,0.290
-0.013,-141.190,-0.338,0.288,-2.861,0.292
-0.014,-139.720,-0.332,0.292,2.896,0.286
-0.017,-137.086,-0.321,0.297,7.560,0.285
-0.015,-135.494,-0.290,0.303,15.085,0.281
-0.009,-135.494,-0.243,0.313,18.891,0.278
-0.005,-136.771,-0.217,0.321,23.905,0.278
0.012,-139.274,-0.200,0.330,26.810,0.275
0.030,-140.306,-0.192,0.335,29.619,0.279
0.044,-141.540,-0.175,0.344,32.051,0.280
0.038,-141.697,-0.109,0.351,33.460,0.290
0.034,-141.050,-0.097,0.358,33.854,0.302
0.034,-138.460,-0.110,0.364,33.897,0.309
0.033,-138.486,-0.074,0.372,33.880,0.326
0.037,-136.290,-0.049,0.380,34.090,0.343
0.048,-133.656,-0.017,0.390,34.702,0.356
0.057,-133.542,-0.008,0.407,33.775,0.367
0.060,-135.966,0.012,0.420,32.944,0.370
0.066,-137.419,0.001,0.428,31.500,0.376
0.073,-139.029,0.015,0.446,30.188,0.381
0.074,-142.739,0.028,0.461,29.103,0.391
0.067,-143.710,0.041,0.475,26.766,0.401
0.057,-146.116,0.053,0.484,25.541,0.413
0.036,-148.295,0.025,0.494,24.334,0.432
0.022,-150.062,0.071,0.509,24.972,0.451
0.024,-154.464,0.157,0.522,28.184,0.473
0.071,-151.725,0.074,0.529,28.980,0.490
0.077,-151.113,-0.019,0.541,29.837,0.529
0.016,-151.428,-0.043,0.558,34.195,0.558
-0.042,-152.311,0.006,0.575,41.834,0.568
-0.090,-152.924,0.018,0.600,46.830,0.563
-0.102,-153.764,0.017,0.615,52.054,0.550
-0.090,-153.038,-0.008,0.637,57.951,0.533
-0.056,-150.771,-0.092,0.648,61.346,0.522
-0.027,-150.622,-0.146,0.669,63.175,0.517
0.002,-150.045,-0.216,0.682,62.283,0.517
0.019,-151.559,-0.286,0.700,58.231,0.523
0.027,-152.583,-0.356,0.710,54.136,0.525
0.024,-153.562,-0.411,0.719,47.626,0.530
0.008,-154.875,-0.467,0.735,42.446,0.529
-0.023,-157.150,-0.504,0.744,37.520,0.534
-0.047,-162.015,-0.536,0.758,32.016,0.534
-0.094,-163.459,-0.556,0.769,28.945,0.548
-0.156,-164.202,-0.541,0.779,25.935,0.534
-0.152,-169.461,-0.581,0.789,24.815,0.520
-0.161,-171.798,-0.577,0.805,25.042,0.528
-0.180,-173.635,-0.527,0.816,26.145,0.533
-0.194,-175.420,-0.500,0.829,28.569,0.537
-0.210,-178.150,-0.457,0.841,29.846,0.543
-0.208,-180.941,-0.539,0.846,28.175,0.552
-0.074,-183.348,-0.394,0.851,31.246,0.540
0.116,-188.956,0.240,0.889,54.066,0.519
0.267,-205.467,0.160,0.914,58.581,0.501
0.255,-218.251,-0.301,0.896,38.710,0.480
0.122,-231.945,-0.363,0.905,28.954,0.475
-0.039,-238.402,-0.008,0.937,26.276,0.470
-0.200,-237.519,0.452,0.962,19.556,0.480
-0.328,-240.012,0.654,0.974,11.559,0.503
-0.362,-239.619,0.708,0.983,6.108,0.541
-0.384,-239.750,0.738,0.996,8.006,0.592
-0.404,-238.770,0.810,1.015,14.648,0.683
-0.437,-237.659,0.952,1.046,20.694,0.751
-0.471,-234.824,0.969,1.065,26.688,0.813
-0.493,-231.744,0.965,1.086,35.228,0.882
-0.522,-229.040,0.914,1.104,43.715,0.929
-0.546,-229.845,0.965,1.131,57.899,0.987
-0.520,-219.004,0.996,1.139,70.604,1.008
-0.510,-221.445,1.072,1.168,83.685,1.045
-0.417,-218.391,1.127,1.189,100.590,1.086
-0.253,-219.914,1.059,1.197,118.405,1.106
-0.122,-227.167,1.064,1.221,133.682,1.118
0.040,-237.475,1.046,1.241,139.029,1.107
0.145,-240.301,1.028,1.230,143.255,1.066
0.322,-236.950,0.960,1.216,143.990,1.034
0.417,-230.554,0.961,1.202,139.860,0.998
0.515,-222.189,1.166,1.192,137.384,0.957
0.560,-212.529,0.972,1.143,129.693,0.912
0.607,-198.896,-0.137,1.006,124.119,0.859
0.725,-176.348,-1.226,0.891,114.529,0.779
0.865,-165.077,-2.367,0.800,97.221,0.730